route,cansadi.csv,-1676.8015,-953.4680,67.3037,16.3261,0.00,VEHICLE,0,0,
-1676.8015,-953.4680,67.3037,16.3261,0.00,VEHICLE,0,0,
-1676.9756,-951.3577,67.0287,6.2768,0.00,VEHICLE,0,0,
-1676.7898,-948.9842,66.6765,356.8450,0.00,VEHICLE,0,0,
-1676.6350,-946.5956,66.3229,356.2075,0.00,VEHICLE,0,0,
-1676.5002,-944.6194,66.0292,356.2242,0.00,VEHICLE,0,0,
-1676.3385,-942.5959,65.8053,355.7936,0.00,VEHICLE,0,0,
-1676.1382,-939.6906,65.5625,356.5414,0.00,VEHICLE,0,0,
-1676.1608,-936.7858,65.4458,1.8033,0.00,VEHICLE,0,0,
-1676.5441,-934.1848,65.3868,8.5674,0.00,VEHICLE,0,0,
-1676.9761,-931.8552,65.3610,11.1155,0.00,VEHICLE,0,0,
-1677.6271,-928.5948,65.3131,11.8950,0.00,VEHICLE,0,0,
-1678.1086,-926.2457,65.2851,12.0635,0.00,VEHICLE,0,0,
-1678.6309,-923.8936,65.2615,12.5017,0.00,VEHICLE,0,0,
-1679.1749,-921.8923,65.2579,14.6733,0.00,VEHICLE,0,0,
-1679.9019,-919.7628,65.2751,18.5709,0.00,VEHICLE,0,0,
-1680.7307,-917.5902,65.3064,21.3491,0.00,VEHICLE,0,0,
-1681.7147,-915.1040,65.3612,22.1596,0.00,VEHICLE,0,0,
-1682.6383,-912.8215,65.4462,22.0751,0.00,VEHICLE,0,0,
-1683.4507,-910.8019,65.5645,22.0070,0.00,VEHICLE,0,0,
-1684.4437,-908.3367,65.7214,22.1735,0.00,VEHICLE,0,0,
-1685.3348,-906.1512,65.8379,22.2564,0.00,VEHICLE,0,0,
-1686.1733,-904.0986,65.9644,22.3896,0.00,VEHICLE,0,0,
-1687.0830,-901.8820,66.0918,22.4177,0.00,VEHICLE,0,0,
-1688.0120,-899.6166,66.2310,22.4313,0.00,VEHICLE,0,0,
-1688.8380,-897.6029,66.3548,22.4415,0.00,VEHICLE,0,0,
-1689.8297,-895.1982,66.4989,22.5479,0.00,VEHICLE,0,0,
-1690.8965,-892.6264,66.6535,22.6647,0.00,VEHICLE,0,0,
-1692.0841,-889.5875,66.8239,21.2568,0.00,VEHICLE,0,0,
-1692.7638,-887.6323,66.9197,19.2394,0.00,VEHICLE,0,0,
-1693.5437,-885.3298,67.0288,18.4685,0.00,VEHICLE,0,0,
-1694.2046,-883.3290,67.1206,18.2813,0.00,VEHICLE,0,0,
-1694.8427,-881.3833,67.2085,18.2789,0.00,VEHICLE,0,0,
-1695.4584,-879.4258,67.4083,17.6999,0.00,VEHICLE,0,0,
-1696.2546,-876.6136,67.9954,15.1853,0.00,VEHICLE,0,0,
-1696.8923,-874.1923,68.9461,14.6293,0.00,VEHICLE,0,0,
-1697.2661,-872.0918,70.0603,14.2103,0.00,VEHICLE,0,0,
-1697.5474,-869.6719,70.9459,10.3106,0.00,VEHICLE,0,0,
-1697.9338,-867.3600,71.5469,7.3258,0.00,VEHICLE,0,0,
-1698.1931,-865.0466,72.5421,8.0497,0.00,VEHICLE,0,0,
-1698.4799,-863.0119,73.2247,8.7215,0.00,VEHICLE,0,0,
-1698.8124,-860.8782,74.0872,9.2637,0.00,VEHICLE,0,0,
-1699.1742,-858.6935,74.9116,9.4571,0.00,VEHICLE,0,0,
-1699.5767,-856.3301,75.8153,10.0252,0.00,VEHICLE,0,0,
-1700.0151,-854.5170,76.5375,12.7144,0.00,VEHICLE,0,0,
-1700.6332,-852.4929,77.3685,15.8060,0.00,VEHICLE,0,0,
-1701.3341,-850.1579,78.2496,16.4946,0.00,VEHICLE,0,0,
-1701.9448,-848.1085,78.7323,17.7042,0.00,VEHICLE,0,0,
-1702.7465,-845.9171,79.0085,19.2265,0.00,VEHICLE,0,0,
-1703.4996,-843.7484,79.2534,19.6723,0.00,VEHICLE,0,0,
-1704.1603,-841.5691,79.4796,18.1154,0.00,VEHICLE,0,0,
-1704.8420,-839.5637,79.7263,17.2463,0.00,VEHICLE,0,0,
-1705.5304,-837.1009,80.0128,15.7978,0.00,VEHICLE,0,0,
-1705.8439,-835.0835,80.2569,10.5281,0.00,VEHICLE,0,0,
-1705.8397,-832.2864,80.6130,358.8163,0.00,VEHICLE,0,0,
-1705.5547,-829.7623,80.9300,352.9300,0.00,VEHICLE,0,0,
-1705.2787,-827.7391,81.1590,352.0834,0.00,VEHICLE,0,0,
-1704.9696,-825.7421,81.3192,351.1800,0.00,VEHICLE,0,0,
-1704.4580,-823.2792,81.4206,347.2023,0.00,VEHICLE,0,0,
-1703.7308,-820.8375,81.4456,342.3142,0.00,VEHICLE,0,0,
-1702.8865,-818.3918,81.5814,340.3637,0.00,VEHICLE,0,0,
-1701.9611,-816.0944,81.7960,339.8384,0.00,VEHICLE,0,0,
-1700.9615,-813.9138,81.9970,337.0660,0.00,VEHICLE,0,0,
-1699.8302,-811.8264,82.2179,330.7810,0.00,VEHICLE,0,0,
-1698.4623,-809.9155,82.4511,322.9364,0.00,VEHICLE,0,0,
-1696.3987,-807.9026,82.7518,311.7147,0.00,VEHICLE,0,0,
-1694.5251,-806.7416,82.9754,301.7062,0.00,VEHICLE,0,0,
-1692.0419,-805.8726,83.2816,288.2409,0.00,VEHICLE,0,0,
-1690.0435,-805.5040,83.5078,280.5221,0.00,VEHICLE,0,0,
-1687.4730,-805.1084,83.8110,278.1761,0.00,VEHICLE,0,0,
-1685.1860,-804.7996,84.0816,277.7502,0.00,VEHICLE,0,0,
-1682.1261,-804.3788,84.4583,277.6670,0.00,VEHICLE,0,0,
-1679.8196,-804.0573,84.7664,277.6696,0.00,VEHICLE,0,0,
-1677.3164,-803.7178,85.0997,277.6874,0.00,VEHICLE,0,0,
-1674.9415,-803.4019,85.4261,277.7213,0.00,VEHICLE,0,0,
-1672.8682,-803.1203,85.7269,277.7745,0.00,VEHICLE,0,0,
-1670.7972,-802.8538,86.0370,277.3073,0.00,VEHICLE,0,0,
-1668.4116,-802.6953,86.3926,273.7886,0.00,VEHICLE,0,0,
-1666.4009,-802.7538,86.6967,268.9422,0.00,VEHICLE,0,0,
-1664.3358,-803.0598,87.0234,262.2316,0.00,VEHICLE,0,0,
-1662.1675,-803.6203,87.4000,255.5344,0.00,VEHICLE,0,0,
-1659.5920,-804.3511,87.8528,253.2999,0.00,VEHICLE,0,0,
-1657.4453,-805.0328,88.2275,252.5005,0.00,VEHICLE,0,0,
-1655.5905,-805.7652,88.6182,249.0771,0.00,VEHICLE,0,0,
-1653.0326,-807.0564,89.1554,242.1249,0.00,VEHICLE,0,0,
-1650.6763,-808.5568,89.6449,236.2239,0.00,VEHICLE,0,0,
-1648.1019,-810.3142,90.2600,234.8524,0.00,VEHICLE,0,0,
-1646.4441,-811.4827,90.6271,234.5353,0.00,VEHICLE,0,0,
-1644.1915,-813.2791,91.0597,231.0061,0.00,VEHICLE,0,0,
-1642.2899,-815.2491,91.5018,223.4179,0.00,VEHICLE,0,0,
-1640.7399,-817.1891,91.9219,217.5621,0.00,VEHICLE,0,0,
-1639.3597,-819.0565,92.2418,215.8367,0.00,VEHICLE,0,0,
-1638.0583,-821.0545,92.5147,213.7528,0.00,VEHICLE,0,0,
-1636.7177,-823.6251,92.8902,206.7628,0.00,VEHICLE,0,0,
-1635.8424,-826.0608,93.2290,199.0081,0.00,VEHICLE,0,0,
-1635.2140,-828.8884,93.5686,191.6129,0.00,VEHICLE,0,0,
-1634.6985,-831.7808,93.8538,189.8052,0.00,VEHICLE,0,0,
-1634.2346,-834.4084,94.1164,189.8033,0.00,VEHICLE,0,0,
-1633.7136,-837.2126,94.4319,189.7887,0.00,VEHICLE,0,0,
-1633.2084,-840.0166,94.7273,189.7757,0.00,VEHICLE,0,0,
-1632.7168,-842.8611,95.0118,189.6728,0.00,VEHICLE,0,0,
-1632.3785,-844.8520,95.1749,189.4758,0.00,VEHICLE,0,0,
-1631.9012,-847.7513,95.3451,189.4117,0.00,VEHICLE,0,0,
-1631.5699,-849.8167,95.4928,189.3238,0.00,VEHICLE,0,0,
-1631.2454,-851.8730,95.6430,189.2319,0.00,VEHICLE,0,0,
-1630.7736,-854.8696,95.8501,189.0165,0.00,VEHICLE,0,0,
-1630.4504,-856.9241,96.0022,188.8098,0.00,VEHICLE,0,0,
-1630.1049,-859.1302,96.1738,188.7173,0.00,VEHICLE,0,0,
-1629.7605,-861.3417,96.3245,188.6635,0.00,VEHICLE,0,0,
-1629.4338,-863.4741,96.4507,188.6243,0.00,VEHICLE,0,0,
-1629.1152,-865.5921,96.5552,188.6081,0.00,VEHICLE,0,0,
-1628.7739,-867.9148,96.6813,188.5056,0.00,VEHICLE,0,0,
-1628.4681,-870.7805,96.8500,186.0986,0.00,VEHICLE,0,0,
-1628.3336,-873.7424,97.0104,182.0584,0.00,VEHICLE,0,0,
-1628.2816,-876.4645,97.1624,180.6348,0.00,VEHICLE,0,0,
-1628.2672,-878.6288,97.2852,180.2440,0.00,VEHICLE,0,0,
-1628.2649,-880.7565,97.4045,180.0851,0.00,VEHICLE,0,0,
-1628.2653,-883.0681,97.5315,180.0121,0.00,VEHICLE,0,0,
-1628.2631,-886.4863,97.6959,179.9711,0.00,VEHICLE,0,0,
-1628.2612,-888.7237,97.7794,179.9591,0.00,VEHICLE,0,0,
-1628.2615,-891.1196,97.8752,179.9487,0.00,VEHICLE,0,0,
-1628.2643,-893.4107,97.9781,179.9400,0.00,VEHICLE,0,0,
-1628.2690,-895.8328,98.0820,179.9342,0.00,VEHICLE,0,0,
-1628.2732,-898.0834,98.1736,179.9333,0.00,VEHICLE,0,0,
-1628.2760,-900.5574,98.2769,179.9368,0.00,VEHICLE,0,0,
-1628.2772,-903.0363,98.3819,179.9376,0.00,VEHICLE,0,0,
-1628.2784,-906.1336,98.5113,179.9352,0.00,VEHICLE,0,0,
-1628.2943,-908.5623,98.6130,179.6931,0.00,VEHICLE,0,0,
-1628.4097,-911.4910,98.7341,177.6766,0.00,VEHICLE,0,0,
-1628.5490,-913.8359,98.8214,176.3555,0.00,VEHICLE,0,0,
-1628.7192,-916.3218,98.8966,175.8020,0.00,VEHICLE,0,0,
-1628.9099,-918.8248,98.9718,175.5625,0.00,VEHICLE,0,0,
-1629.1189,-921.4532,99.0611,175.4489,0.00,VEHICLE,0,0,
-1629.4371,-925.4182,99.1918,175.3874,0.00,VEHICLE,0,0,
-1629.6990,-928.6895,99.2959,175.3732,0.00,VEHICLE,0,0,
-1629.9498,-931.4745,99.3865,174.8964,0.00,VEHICLE,0,0,
-1630.2533,-934.2409,99.4761,173.6342,0.00,VEHICLE,0,0,
-1630.5010,-936.3510,99.5444,173.1740,0.00,VEHICLE,0,0,
-1630.8326,-939.0638,99.6331,172.9164,0.00,VEHICLE,0,0,
-1631.1567,-941.6389,99.7169,172.8031,0.00,VEHICLE,0,0,
-1631.4952,-944.3015,99.8020,172.7532,0.00,VEHICLE,0,0,
-1632.0089,-948.3425,99.9219,172.7276,0.00,VEHICLE,0,0,
-1632.3871,-951.3174,100.0033,172.7239,0.00,VEHICLE,0,0,
-1632.8761,-954.6845,100.0929,171.6444,0.00,VEHICLE,0,0,
-1633.3228,-957.3654,100.1640,170.2996,0.00,VEHICLE,0,0,
-1633.8092,-960.1104,100.2411,169.7585,0.00,VEHICLE,0,0,
-1634.3251,-962.9190,100.3195,169.5239,0.00,VEHICLE,0,0,
-1634.8219,-965.5732,100.3908,169.4273,0.00,VEHICLE,0,0,
-1635.3379,-968.3185,100.4633,169.3851,0.00,VEHICLE,0,0,
-1636.0614,-972.1794,100.5649,169.3730,0.00,VEHICLE,0,0,
-1636.5669,-974.8840,100.6362,169.3741,0.00,VEHICLE,0,0,
-1637.0880,-978.0214,100.7186,170.5401,0.00,VEHICLE,0,0,
-1637.4515,-980.9123,100.7905,173.0916,0.00,VEHICLE,0,0,
-1637.6686,-983.7996,100.8538,176.1716,0.00,VEHICLE,0,0,
-1637.8038,-986.6767,100.9176,177.9340,0.00,VEHICLE,0,0,
-1637.8909,-989.6446,100.9897,178.6348,0.00,VEHICLE,0,0,
-1637.9471,-992.4890,101.0576,178.8920,0.00,VEHICLE,0,0,
-1637.9971,-995.3618,101.1236,179.0022,0.00,VEHICLE,0,0,
-1638.0521,-998.4489,101.1953,179.0513,0.00,VEHICLE,0,0,
-1638.1046,-1001.3275,101.2629,179.0743,0.00,VEHICLE,0,0,
-1638.1549,-1004.1850,101.3293,179.0927,0.00,VEHICLE,0,0,
-1638.2284,-1008.8878,101.4376,179.1217,0.00,VEHICLE,0,0,
-1638.2813,-1012.6160,101.5160,179.1379,0.00,VEHICLE,0,0,
-1638.3230,-1015.5173,101.5645,179.1382,0.00,VEHICLE,0,0,
-1638.3340,-1019.0995,101.6289,179.9193,0.00,VEHICLE,0,0,
-1638.2311,-1022.0085,101.6878,182.2556,0.00,VEHICLE,0,0,
-1637.9946,-1024.9728,101.7447,185.1077,0.00,VEHICLE,0,0,
-1637.7631,-1027.1825,101.7863,186.3417,0.00,VEHICLE,0,0,
-1637.4113,-1030.1571,101.8446,187.0500,0.00,VEHICLE,0,0,
-1637.0228,-1033.1744,101.9045,187.3362,0.00,VEHICLE,0,0,
-1636.5994,-1036.3894,101.9660,187.4677,0.00,VEHICLE,0,0,
-1636.2047,-1039.3970,102.0161,187.5202,0.00,VEHICLE,0,0,
-1635.8973,-1041.7576,102.0431,187.5402,0.00,VEHICLE,0,0,
-1635.4855,-1044.8992,102.0712,187.5924,0.00,VEHICLE,0,0,
-1634.9861,-1048.1299,102.1144,188.8991,0.00,VEHICLE,0,0,
-1634.3309,-1051.4156,102.1662,191.7063,0.00,VEHICLE,0,0,
-1633.5995,-1054.4209,102.2072,194.0872,0.00,VEHICLE,0,0,
-1632.7930,-1057.4688,102.2496,195.0706,0.00,VEHICLE,0,0,
-1631.8868,-1060.7648,102.3008,195.4815,0.00,VEHICLE,0,0,
-1631.0424,-1063.7913,102.3425,195.6396,0.00,VEHICLE,0,0,
-1629.7671,-1068.3560,102.3847,195.7257,0.00,VEHICLE,0,0,
-1628.8994,-1071.4559,102.4126,195.7505,0.00,VEHICLE,0,0,
-1628.0604,-1074.4375,102.4452,195.7668,0.00,VEHICLE,0,0,
-1627.3751,-1076.8606,102.4708,195.7766,0.00,VEHICLE,0,0,
-1626.4735,-1080.0400,102.5011,195.7795,0.00,VEHICLE,0,0,
-1625.5526,-1083.1818,102.5312,196.2749,0.00,VEHICLE,0,0,
-1624.4113,-1086.6154,102.5631,198.8087,0.00,VEHICLE,0,0,
-1623.5527,-1088.9791,102.5817,200.5981,0.00,VEHICLE,0,0,
-1622.0718,-1092.7682,102.5900,201.8613,0.00,VEHICLE,0,0,
-1620.7736,-1095.9666,102.5998,202.2115,0.00,VEHICLE,0,0,
-1619.1029,-1100.0157,102.6266,202.3809,0.00,VEHICLE,0,0,
-1617.7719,-1103.1929,102.6427,202.6872,0.00,VEHICLE,0,0,
-1616.3287,-1106.3741,102.6560,204.7045,0.00,VEHICLE,0,0,
-1614.8499,-1109.3010,102.6662,207.4330,0.00,VEHICLE,0,0,
-1613.1974,-1112.2175,102.6648,210.2199,0.00,VEHICLE,0,0,
-1611.8831,-1114.4170,102.6587,211.3838,0.00,VEHICLE,0,0,
-1610.1211,-1117.2546,102.6588,212.0645,0.00,VEHICLE,0,0,
-1608.2316,-1120.2374,102.6624,212.3393,0.00,VEHICLE,0,0,
-1606.4445,-1123.0483,102.6608,212.4435,0.00,VEHICLE,0,0,
-1604.5018,-1126.1123,102.6580,212.4855,0.00,VEHICLE,0,0,
-1602.5947,-1129.1233,102.6527,212.5057,0.00,VEHICLE,0,0,
-1600.7372,-1132.0477,102.6350,212.5253,0.00,VEHICLE,0,0,
-1598.7640,-1135.1389,102.6137,212.5444,0.00,VEHICLE,0,0,
-1596.8483,-1138.1302,102.6012,212.5556,0.00,VEHICLE,0,0,
-1593.9890,-1142.5975,102.5812,212.5530,0.00,VEHICLE,0,0,
-1592.0791,-1145.5908,102.5644,212.5476,0.00,VEHICLE,0,0,
-1590.0529,-1148.6819,102.5429,213.3829,0.00,VEHICLE,0,0,
-1587.8638,-1151.7946,102.5104,215.7379,0.00,VEHICLE,0,0,
-1586.2258,-1154.0100,102.4874,216.8936,0.00,VEHICLE,0,0,
-1584.0544,-1156.8707,102.4640,217.5332,0.00,VEHICLE,0,0,
-1582.4342,-1158.9651,102.4460,217.7348,0.00,VEHICLE,0,0,
-1581.1047,-1160.6727,102.4296,217.7946,0.00,VEHICLE,0,0,
-1578.8793,-1163.4832,102.4010,218.3121,0.00,VEHICLE,0,0,
-1576.3898,-1166.4290,102.3673,220.6997,0.00,VEHICLE,0,0,
-1574.0103,-1169.0380,102.3266,223.0807,0.00,VEHICLE,0,0,
-1571.4247,-1171.7672,102.2837,224.2125,0.00,VEHICLE,0,0,
-1568.2306,-1175.0172,102.2390,224.6649,0.00,VEHICLE,0,0,
-1566.7758,-1176.4799,102.2176,224.7204,0.00,VEHICLE,0,0,
-1564.2434,-1178.9852,102.1789,225.2001,0.00,VEHICLE,0,0,
-1561.5334,-1181.5706,102.1373,226.6141,0.00,VEHICLE,0,0,
-1558.7173,-1184.2192,102.0891,227.2919,0.00,VEHICLE,0,0,
-1556.0995,-1186.6364,102.0427,227.5411,0.00,VEHICLE,0,0,
-1554.1879,-1188.3846,102.0106,227.6189,0.00,VEHICLE,0,0,
-1551.4540,-1190.8854,101.9661,227.4742,0.00,VEHICLE,0,0,
-1548.5560,-1193.6636,101.9165,225.7533,0.00,VEHICLE,0,0,
-1545.9553,-1196.3550,101.8689,223.3377,0.00,VEHICLE,0,0,
-1544.0928,-1198.3588,101.8325,222.4892,0.00,VEHICLE,0,0,
-1541.7047,-1200.9951,101.7832,222.0009,0.00,VEHICLE,0,0,
-1538.5079,-1204.5765,101.7181,221.7931,0.00,VEHICLE,0,0,
-1537.1625,-1206.0863,101.6913,221.7703,0.00,VEHICLE,0,0,
-1535.8070,-1207.5994,101.6642,221.8090,0.00,VEHICLE,0,0,
-1533.1942,-1210.4041,101.6123,223.0604,0.00,VEHICLE,0,0,
-1530.6254,-1213.0425,101.5618,224.5828,0.00,VEHICLE,0,0,
-1528.5588,-1215.1200,101.5208,225.0976,0.00,VEHICLE,0,0,
-1525.9675,-1217.6923,101.4697,225.3858,0.00,VEHICLE,0,0,
-1523.3854,-1220.2368,101.4189,225.4971,0.00,VEHICLE,0,0,
-1519.6614,-1223.8944,101.3455,225.5497,0.00,VEHICLE,0,0,
-1517.1416,-1226.3663,101.2961,225.5605,0.00,VEHICLE,0,0,
-1515.0396,-1228.4275,101.2548,225.5644,0.00,VEHICLE,0,0,
-1513.5514,-1229.8896,101.2254,225.5329,0.00,VEHICLE,0,0,
-1510.5868,-1232.8971,101.1649,224.3435,0.00,VEHICLE,0,0,
-1509.1410,-1234.4122,101.1352,223.4769,0.00,VEHICLE,0,0,
-1507.1699,-1236.5214,101.0949,222.7947,0.00,VEHICLE,0,0,
-1503.4077,-1240.6208,101.0164,222.3335,0.00,VEHICLE,0,0,
-1500.1025,-1244.2627,100.9475,222.2320,0.00,VEHICLE,0,0,
-1498.6854,-1245.8260,100.9192,222.2221,0.00,VEHICLE,0,0,
-1497.3203,-1247.3506,100.8926,222.0036,0.00,VEHICLE,0,0,
-1495.9688,-1248.9059,100.8656,221.2386,0.00,VEHICLE,0,0,
-1493.6027,-1251.8082,100.8154,218.5668,0.00,VEHICLE,0,0,
-1491.3555,-1254.7819,100.7649,216.3467,0.00,VEHICLE,0,0,
-1490.0856,-1256.5281,100.7350,215.7702,0.00,VEHICLE,0,0,
-1488.0707,-1259.3562,100.6880,215.3676,0.00,VEHICLE,0,0,
-1486.1558,-1262.0778,100.6486,215.2288,0.00,VEHICLE,0,0,
-1484.0627,-1265.0541,100.6102,215.1850,0.00,VEHICLE,0,0,
-1482.0219,-1267.9435,100.5684,215.1864,0.00,VEHICLE,0,0,
-1480.2872,-1270.3921,100.5315,215.1882,0.00,VEHICLE,0,0,
-1478.2716,-1273.2395,100.4912,215.1799,0.00,VEHICLE,0,0,
-1476.7590,-1275.3829,100.4638,215.1727,0.00,VEHICLE,0,0,
-1474.8307,-1278.1251,100.4324,215.1635,0.00,VEHICLE,0,0,
-1472.8378,-1280.9630,100.4038,215.1590,0.00,VEHICLE,0,0,
-1471.0480,-1283.5087,100.3766,215.1611,0.00,VEHICLE,0,0,
-1468.9937,-1286.4313,100.3421,215.1033,0.00,VEHICLE,0,0,
-1466.8499,-1289.6069,100.3047,213.7805,0.00,VEHICLE,0,0,
-1464.9602,-1292.6741,100.2712,210.9779,0.00,VEHICLE,0,0,
-1463.6930,-1294.8579,100.2536,209.7339,0.00,VEHICLE,0,0,
-1462.1415,-1297.6260,100.2434,209.1091,0.00,VEHICLE,0,0,
-1460.5956,-1300.4343,100.2296,208.8753,0.00,VEHICLE,0,0,
-1459.3746,-1302.6646,100.2127,208.8058,0.00,VEHICLE,0,0,
-1458.3486,-1304.5360,100.1983,208.7918,0.00,VEHICLE,0,0,
-1456.8427,-1307.2914,100.1803,208.6145,0.00,VEHICLE,0,0,
-1455.2732,-1310.2838,100.1663,207.4176,0.00,VEHICLE,0,0,
-1453.8511,-1313.2910,100.1628,204.7937,0.00,VEHICLE,0,0,
-1452.7119,-1316.0079,100.1648,202.3114,0.00,VEHICLE,0,0,
-1451.1118,-1320.1018,100.1566,201.0542,0.00,VEHICLE,0,0,
-1450.2539,-1322.3654,100.1529,200.8553,0.00,VEHICLE,0,0,
-1449.1107,-1325.4312,100.1503,200.5251,0.00,VEHICLE,0,0,
-1448.1423,-1328.3254,100.1506,198.3274,0.00,VEHICLE,0,0,
-1447.3551,-1331.2275,100.1605,194.4993,0.00,VEHICLE,0,0,
-1446.7950,-1334.1133,100.1787,190.2837,0.00,VEHICLE,0,0,
-1446.4550,-1336.8468,100.1875,186.3203,0.00,VEHICLE,0,0,
-1446.2711,-1338.9473,100.1926,184.5076,0.00,VEHICLE,0,0,
-1446.0958,-1341.5750,100.2039,183.6137,0.00,VEHICLE,0,0,
-1445.9402,-1344.2583,100.2162,183.2985,0.00,VEHICLE,0,0,
-1445.8134,-1346.4596,100.2253,183.2091,0.00,VEHICLE,0,0,
-1445.6248,-1349.3925,100.2443,183.4432,0.00,VEHICLE,0,0,
-1445.3448,-1352.1132,100.2727,185.6552,0.00,VEHICLE,0,0,
-1444.9996,-1354.9048,100.3081,187.4718,0.00,VEHICLE,0,0,
-1444.5594,-1358.1265,100.3353,188.1653,0.00,VEHICLE,0,0,
-1444.1821,-1360.7374,100.3600,188.3757,0.00,VEHICLE,0,0,
-1443.8722,-1362.8269,100.3824,188.4530,0.00,VEHICLE,0,0,
-1443.4586,-1365.5826,100.4084,188.4788,0.00,VEHICLE,0,0,
-1443.0378,-1368.3853,100.4390,188.4796,0.00,VEHICLE,0,0,
-1442.5270,-1371.8149,100.5099,188.4729,0.00,VEHICLE,0,0,
-1442.0876,-1374.4631,100.5866,189.3158,0.00,VEHICLE,0,0,
-1441.5151,-1377.2269,100.6465,191.9313,0.00,VEHICLE,0,0,
-1440.7950,-1379.9363,100.6990,195.2962,0.00,VEHICLE,0,0,
-1440.1779,-1381.9935,100.7466,197.0623,0.00,VEHICLE,0,0,
-1439.4200,-1384.3815,100.8026,197.9224,0.00,VEHICLE,0,0,
-1438.3367,-1387.6595,100.8892,198.2989,0.00,VEHICLE,0,0,
-1437.4545,-1390.2544,100.9983,198.6511,0.00,VEHICLE,0,0,
-1436.4666,-1392.7762,101.1683,201.3637,0.00,VEHICLE,0,0,
-1435.4083,-1395.0620,101.3018,205.1381,0.00,VEHICLE,0,0,
-1434.1346,-1397.5264,101.4196,208.0287,0.00,VEHICLE,0,0,
-1432.6851,-1400.1682,101.5812,208.9561,0.00,VEHICLE,0,0,
-1431.3921,-1402.2650,101.7523,211.1431,0.00,VEHICLE,0,0,
-1429.9092,-1404.2793,101.9879,216.5152,0.00,VEHICLE,0,0,
-1428.4592,-1405.9196,102.2174,221.7909,0.00,VEHICLE,0,0,
-1426.9650,-1407.3390,102.3766,227.1520,0.00,VEHICLE,0,0,
-1425.2468,-1408.6210,102.5597,233.1200,0.00,VEHICLE,0,0,
-1422.7755,-1409.8679,102.8752,243.8720,0.00,VEHICLE,0,0,
-1420.2294,-1410.7273,103.2401,252.3305,0.00,VEHICLE,0,0,
-1417.9470,-1411.4294,103.5426,253.8649,0.00,VEHICLE,0,0,
-1415.4683,-1412.1257,103.8539,254.3323,0.00,VEHICLE,0,0,
-1412.9672,-1412.6064,104.2079,258.6042,0.00,VEHICLE,0,0,
-1410.7791,-1412.9093,104.5139,262.3815,0.00,VEHICLE,0,0,
-1408.6663,-1413.1892,104.7922,263.2487,0.00,VEHICLE,0,0,
-1406.3666,-1413.4752,105.0857,263.4273,0.00,VEHICLE,0,0,
-1404.2163,-1413.7355,105.3575,263.1651,0.00,VEHICLE,0,0,
-1402.2003,-1414.1215,105.6051,259.7170,0.00,VEHICLE,0,0,
-1400.1207,-1414.8463,105.8378,251.6638,0.00,VEHICLE,0,0,
-1398.0442,-1416.2039,106.0709,237.3734,0.00,VEHICLE,0,0,
-1396.0015,-1417.6775,106.2849,233.6357,0.00,VEHICLE,0,0,
-1394.0437,-1419.1680,106.5221,232.4589,0.00,VEHICLE,0,0,
-1392.2061,-1420.6003,106.7858,232.0401,0.00,VEHICLE,0,0,
-1390.6486,-1422.1223,107.0490,224.8985,0.00,VEHICLE,0,0,
-1389.5726,-1424.2296,106.9528,210.5212,0.00,VEHICLE,0,0,
-1389.0132,-1426.0531,106.0990,203.8097,0.00,VEHICLE,0,0,
-1388.7856,-1427.9384,105.1619,189.2181,0.00,VEHICLE,0,0,
-1388.4672,-1429.6310,103.8829,182.1591,0.00,VEHICLE,0,0,
-1388.3578,-1431.5911,102.8359,181.4646,0.00,VEHICLE,0,0,
-1388.2163,-1433.6989,102.0363,179.8463,0.00,VEHICLE,0,0,
-1388.1602,-1436.0487,101.4573,179.1538,0.00,VEHICLE,0,0,
-1388.2252,-1438.5298,101.3923,178.6797,0.00,VEHICLE,0,0,
-1388.3003,-1440.5470,101.4394,178.5876,0.00,VEHICLE,0,0,
-1388.4762,-1443.2368,101.2146,177.3117,0.00,VEHICLE,0,0,
-1388.9873,-1445.8116,101.1392,168.8947,0.00,VEHICLE,0,0,
-1389.7744,-1448.5167,101.1644,163.2421,0.00,VEHICLE,0,0,
-1390.6111,-1451.1525,101.1499,162.4996,0.00,VEHICLE,0,0,
-1391.6084,-1453.8445,101.1683,159.4911,0.00,VEHICLE,0,0,
-1392.6696,-1456.3582,101.1561,156.4861,0.00,VEHICLE,0,0,
-1393.9452,-1459.1962,101.1590,155.8423,0.00,VEHICLE,0,0,
-1395.2179,-1461.8612,101.1490,154.5834,0.00,VEHICLE,0,0,
-1396.7035,-1464.4387,101.1487,149.3759,0.00,VEHICLE,0,0,
-1398.2638,-1466.6963,101.1918,144.8273,0.00,VEHICLE,0,0,
-1399.8562,-1468.8910,101.2799,144.1272,0.00,VEHICLE,0,0,
-1401.5077,-1470.9603,101.3284,141.6195,0.00,VEHICLE,0,0,
-1403.5797,-1472.8834,101.3839,132.1438,0.00,VEHICLE,0,0,
-1405.9735,-1474.1750,101.4089,117.7679,0.00,VEHICLE,0,0,
-1408.2458,-1474.6592,101.4167,102.9265,0.00,VEHICLE,0,0,
-1410.6005,-1474.4493,101.4186,85.3232,0.00,VEHICLE,0,0,
-1412.6847,-1473.5957,101.3579,68.7184,0.00,VEHICLE,0,0,
-1414.8428,-1472.0345,101.3421,52.9158,0.00,VEHICLE,0,0,
-1417.0610,-1470.5038,101.3116,55.5588,0.00,VEHICLE,0,0,
-1418.8671,-1469.3636,101.3241,58.3899,0.00,VEHICLE,0,0,
-1421.2937,-1467.9038,101.3323,58.5311,0.00,VEHICLE,0,0,
-1423.1359,-1466.7556,101.3338,58.5276,0.00,VEHICLE,0,0,
-1425.0490,-1465.5797,101.3506,58.5527,0.00,VEHICLE,0,0,
-1426.9104,-1464.4478,101.3534,58.7752,0.00,VEHICLE,0,0,
-1426.9104,-1464.4478,101.3534,58.7752,0.00,VEHICLE,0,0,

