route,cansave.csv,-1423.5593,-1465.2966,101.3444,240.5320,0.00,VEHICLE,0,0,
-1423.5593,-1465.2966,101.3444,240.5320,0.00,VEHICLE,0,0,
-1421.5547,-1466.1865,101.3431,245.4043,0.00,VEHICLE,0,0,
-1419.4587,-1467.0181,101.3343,248.2272,0.00,VEHICLE,0,0,
-1417.4309,-1467.7135,101.3353,250.8390,0.00,VEHICLE,0,0,
-1415.5040,-1468.3788,101.3485,251.1577,0.00,VEHICLE,0,0,
-1413.1786,-1469.0948,101.3690,252.7382,0.00,VEHICLE,0,0,
-1410.6809,-1469.7029,101.3506,256.3976,0.00,VEHICLE,0,0,
-1408.3776,-1470.0945,101.2531,261.7178,0.00,VEHICLE,0,0,
-1405.8081,-1470.3984,101.3264,263.1472,0.00,VEHICLE,0,0,
-1403.4722,-1470.4865,101.2866,267.3194,0.00,VEHICLE,0,0,
-1401.3347,-1470.3950,101.3315,272.1344,0.00,VEHICLE,0,0,
-1399.1982,-1470.2468,101.3156,273.5050,0.00,VEHICLE,0,0,
-1396.7471,-1469.7157,101.3135,282.0557,0.00,VEHICLE,0,0,
-1394.8492,-1468.7341,101.2999,295.7621,0.00,VEHICLE,0,0,
-1393.1589,-1467.0928,101.2959,312.5692,0.00,VEHICLE,0,0,
-1391.8777,-1464.8326,101.2948,330.4346,0.00,VEHICLE,0,0,
-1390.8928,-1462.5660,101.2889,336.3560,0.00,VEHICLE,0,0,
-1390.0834,-1460.6843,101.2834,336.8059,0.00,VEHICLE,0,0,
-1389.3597,-1458.3745,101.2698,342.3547,0.00,VEHICLE,0,0,
-1389.0267,-1456.1151,101.2496,350.7302,0.00,VEHICLE,0,0,
-1389.0986,-1454.0226,101.2268,0.4091,0.00,VEHICLE,0,0,
-1389.2203,-1451.7139,101.2091,3.2908,0.00,VEHICLE,0,0,
-1389.3435,-1449.6770,101.1825,3.7675,0.00,VEHICLE,0,0,
-1389.4885,-1447.4980,101.1507,3.8671,0.00,VEHICLE,0,0,
-1389.6958,-1444.5244,101.1542,3.9272,0.00,VEHICLE,0,0,
-1389.8735,-1442.0464,101.2641,4.2014,0.00,VEHICLE,0,0,
-1390.0170,-1440.0009,101.4479,4.1999,0.00,VEHICLE,0,0,
-1390.1721,-1437.3239,101.5486,4.4128,0.00,VEHICLE,0,0,
-1390.3462,-1434.8557,101.8010,4.2976,0.00,VEHICLE,0,0,
-1390.5798,-1432.7529,102.3352,4.2123,0.00,VEHICLE,0,0,
-1390.8302,-1430.3243,103.2649,4.1043,0.00,VEHICLE,0,0,
-1391.0635,-1428.4659,104.6341,2.9820,0.00,VEHICLE,0,0,
-1391.1934,-1426.5001,105.6560,1.6310,0.00,VEHICLE,0,0,
-1391.2516,-1424.5354,106.5240,3.0348,0.00,VEHICLE,0,0,
-1391.7378,-1422.5496,106.9136,4.4772,0.00,VEHICLE,0,0,
-1391.9697,-1420.3030,106.8672,5.3324,0.00,VEHICLE,0,0,
-1392.8048,-1418.2826,106.6012,20.7177,0.00,VEHICLE,0,0,
-1394.1686,-1416.5956,106.5224,36.1793,0.00,VEHICLE,0,0,
-1395.7764,-1415.3356,106.3474,50.3014,0.00,VEHICLE,0,0,
-1398.2924,-1414.3479,106.0644,69.5831,0.00,VEHICLE,0,0,
-1400.4636,-1413.9366,105.8205,78.4639,0.00,VEHICLE,0,0,
-1402.7764,-1413.5194,105.5321,79.9729,0.00,VEHICLE,0,0,
-1405.4033,-1412.9563,105.2166,78.3573,0.00,VEHICLE,0,0,
-1407.9000,-1412.2974,104.8964,75.4674,0.00,VEHICLE,0,0,
-1410.1346,-1411.7102,104.5894,74.8463,0.00,VEHICLE,0,0,
-1413.0392,-1410.8550,104.1464,73.6970,0.00,VEHICLE,0,0,
-1414.9114,-1410.1378,103.8621,70.1543,0.00,VEHICLE,0,0,
-1417.0756,-1409.0870,103.5379,64.3950,0.00,VEHICLE,0,0,
-1419.0746,-1407.8497,103.2033,58.4486,0.00,VEHICLE,0,0,
-1421.1611,-1406.3617,102.7869,54.0483,0.00,VEHICLE,0,0,
-1423.4891,-1404.5621,102.4152,52.3651,0.00,VEHICLE,0,0,
-1425.0498,-1403.1768,102.2409,48.9689,0.00,VEHICLE,0,0,
-1426.5687,-1401.6089,102.0095,44.2822,0.00,VEHICLE,0,0,
-1427.9934,-1399.7813,101.7314,38.1326,0.00,VEHICLE,0,0,
-1429.1796,-1397.6956,101.5391,30.0179,0.00,VEHICLE,0,0,
-1430.2689,-1395.5962,101.4275,26.0550,0.00,VEHICLE,0,0,
-1431.5903,-1392.8181,101.2751,24.6856,0.00,VEHICLE,0,0,
-1432.9255,-1389.8699,101.0712,24.2587,0.00,VEHICLE,0,0,
-1433.9598,-1387.2216,100.9306,21.4420,0.00,VEHICLE,0,0,
-1434.7257,-1384.6508,100.8140,16.3925,0.00,VEHICLE,0,0,
-1435.4900,-1381.6678,100.7698,13.6740,0.00,VEHICLE,0,0,
-1436.0304,-1379.3971,100.7232,13.0783,0.00,VEHICLE,0,0,
-1436.5436,-1377.1573,100.6503,12.8509,0.00,VEHICLE,0,0,
-1437.0739,-1374.8162,100.5960,12.7491,0.00,VEHICLE,0,0,
-1437.5876,-1372.5448,100.5504,12.7015,0.00,VEHICLE,0,0,
-1438.1193,-1370.1936,100.4927,12.6783,0.00,VEHICLE,0,0,
-1438.6315,-1367.9200,100.4396,12.6709,0.00,VEHICLE,0,0,
-1439.1759,-1365.4937,100.3997,12.6715,0.00,VEHICLE,0,0,
-1439.7332,-1363.0094,100.3842,12.6744,0.00,VEHICLE,0,0,
-1440.2981,-1360.4967,100.3693,12.6800,0.00,VEHICLE,0,0,
-1440.8699,-1357.9600,100.3387,12.6846,0.00,VEHICLE,0,0,
-1441.3926,-1355.6423,100.3131,12.6874,0.00,VEHICLE,0,0,
-1441.9506,-1353.1663,100.2921,12.6877,0.00,VEHICLE,0,0,
-1442.5286,-1350.5972,100.2682,12.6868,0.00,VEHICLE,0,0,
-1443.0781,-1348.1523,100.2437,12.6866,0.00,VEHICLE,0,0,
-1443.6718,-1345.5127,100.2267,12.6878,0.00,VEHICLE,0,0,
-1444.2748,-1342.8347,100.2124,12.6901,0.00,VEHICLE,0,0,
-1444.8625,-1340.2277,100.2022,12.6919,0.00,VEHICLE,0,0,
-1445.5021,-1337.3915,100.1914,12.6922,0.00,VEHICLE,0,0,
-1445.9835,-1335.2548,100.1833,12.6919,0.00,VEHICLE,0,0,
-1446.7192,-1332.0719,100.1735,13.0122,0.00,VEHICLE,0,0,
-1447.6587,-1328.6193,100.1588,15.6452,0.00,VEHICLE,0,0,
-1448.7882,-1325.2832,100.1446,19.4259,0.00,VEHICLE,0,0,
-1449.7850,-1322.5603,100.1527,20.9317,0.00,VEHICLE,0,0,
-1450.7438,-1320.0946,100.1638,21.4397,0.00,VEHICLE,0,0,
-1452.2050,-1316.5830,100.1634,22.7436,0.00,VEHICLE,0,0,
-1453.5559,-1313.7338,100.1645,25.7218,0.00,VEHICLE,0,0,
-1454.6941,-1311.5018,100.1697,27.5867,0.00,VEHICLE,0,0,
-1456.0929,-1308.8600,100.1757,28.5135,0.00,VEHICLE,0,0,
-1458.2142,-1304.9984,100.1958,28.9419,0.00,VEHICLE,0,0,
-1459.6974,-1302.3317,100.2183,29.0326,0.00,VEHICLE,0,0,
-1461.2007,-1299.6282,100.2346,29.0668,0.00,VEHICLE,0,0,
-1462.7201,-1296.8887,100.2495,29.0769,0.00,VEHICLE,0,0,
-1464.2200,-1294.1824,100.2675,29.0827,0.00,VEHICLE,0,0,
-1465.6965,-1291.5231,100.2859,29.0906,0.00,VEHICLE,0,0,
-1467.8436,-1287.6683,100.3230,29.0986,0.00,VEHICLE,0,0,
-1469.6329,-1284.4584,100.3601,29.0962,0.00,VEHICLE,0,0,
-1471.1350,-1281.7588,100.3825,29.0917,0.00,VEHICLE,0,0,
-1472.1636,-1279.9563,100.4006,29.5037,0.00,VEHICLE,0,0,
-1473.9016,-1277.1403,100.4363,32.0044,0.00,VEHICLE,0,0,
-1475.9994,-1274.0223,100.4694,34.4912,0.00,VEHICLE,0,0,
-1477.5621,-1271.7783,100.4932,35.0763,0.00,VEHICLE,0,0,
-1479.2362,-1269.4158,100.5303,35.3133,0.00,VEHICLE,0,0,
-1480.7762,-1267.2532,100.5660,35.3855,0.00,VEHICLE,0,0,
-1482.7404,-1264.5001,100.6081,35.5112,0.00,VEHICLE,0,0,
-1484.7930,-1261.7825,100.6495,37.3698,0.00,VEHICLE,0,0,
-1486.6947,-1259.4489,100.6794,39.6978,0.00,VEHICLE,0,0,
-1488.6687,-1257.1281,100.7181,40.6785,0.00,VEHICLE,0,0,
-1490.9489,-1254.5094,100.7611,40.9701,0.00,VEHICLE,0,0,
-1492.7311,-1252.4719,100.7967,41.0328,0.00,VEHICLE,0,0,
-1494.2897,-1250.6848,100.8314,41.0441,0.00,VEHICLE,0,0,
-1496.2069,-1248.4769,100.8741,41.0496,0.00,VEHICLE,0,0,
-1498.1844,-1246.2235,100.9180,41.3798,0.00,VEHICLE,0,0,
-1499.9823,-1244.2710,100.9489,42.7330,0.00,VEHICLE,0,0,
-1501.8688,-1242.2716,100.9803,43.5442,0.00,VEHICLE,0,0,
-1503.9177,-1240.1387,101.0224,43.8227,0.00,VEHICLE,0,0,
-1505.3927,-1238.6116,101.0541,43.8857,0.00,VEHICLE,0,0,
-1508.1316,-1235.7726,101.1112,43.9205,0.00,VEHICLE,0,0,
-1510.2765,-1233.5404,101.1564,43.9228,0.00,VEHICLE,0,0,
-1512.1963,-1231.5396,101.1970,43.9269,0.00,VEHICLE,0,0,
-1514.1288,-1229.5297,101.2356,43.9355,0.00,VEHICLE,0,0,
-1516.9766,-1226.5787,101.2926,43.9474,0.00,VEHICLE,0,0,
-1518.9581,-1224.5280,101.3330,43.9490,0.00,VEHICLE,0,0,
-1520.9359,-1222.4783,101.3730,43.9456,0.00,VEHICLE,0,0,
-1522.9423,-1220.3948,101.4135,43.9411,0.00,VEHICLE,0,0,
-1524.8379,-1218.4244,101.4519,43.9393,0.00,VEHICLE,0,0,
-1526.8292,-1216.3557,101.4920,43.9412,0.00,VEHICLE,0,0,
-1528.8009,-1214.3101,101.5316,43.9449,0.00,VEHICLE,0,0,
-1530.8092,-1212.2283,101.5722,43.9477,0.00,VEHICLE,0,0,
-1532.7631,-1210.2032,101.6112,43.9483,0.00,VEHICLE,0,0,
-1534.8580,-1208.0304,101.6521,43.9468,0.00,VEHICLE,0,0,
-1536.8879,-1205.9236,101.6908,43.9453,0.00,VEHICLE,0,0,
-1539.0165,-1203.7137,101.7323,43.9452,0.00,VEHICLE,0,0,
-1541.1213,-1201.5293,101.7736,43.9467,0.00,VEHICLE,0,0,
-1543.2251,-1199.3472,101.8145,43.9487,0.00,VEHICLE,0,0,
-1545.2731,-1197.2235,101.8542,43.9500,0.00,VEHICLE,0,0,
-1547.4033,-1195.0145,101.8954,43.9501,0.00,VEHICLE,0,0,
-1550.2677,-1192.0430,101.9527,43.9495,0.00,VEHICLE,0,0,
-1552.1901,-1190.0481,101.9806,43.9498,0.00,VEHICLE,0,0,
-1554.1675,-1187.9963,102.0072,43.9508,0.00,VEHICLE,0,0,
-1556.2605,-1185.8252,102.0478,43.9520,0.00,VEHICLE,0,0,
-1558.8411,-1183.1490,102.1001,43.9534,0.00,VEHICLE,0,0,
-1561.2822,-1180.6177,102.1420,43.9531,0.00,VEHICLE,0,0,
-1562.7042,-1179.1428,102.1670,43.9528,0.00,VEHICLE,0,0,
-1564.9149,-1176.8269,102.2037,43.6749,0.00,VEHICLE,0,0,
-1566.8502,-1174.6707,102.2306,41.8863,0.00,VEHICLE,0,0,
-1568.6775,-1172.5541,102.2589,40.4385,0.00,VEHICLE,0,0,
-1571.0164,-1169.7777,102.3003,39.7730,0.00,VEHICLE,0,0,
-1572.3369,-1168.1843,102.3219,39.6693,0.00,VEHICLE,0,0,
-1573.8833,-1166.3121,102.3444,39.6285,0.00,VEHICLE,0,0,
-1576.6117,-1163.0105,102.3879,39.6156,0.00,VEHICLE,0,0,
-1578.7183,-1160.4678,102.4228,39.6145,0.00,VEHICLE,0,0,
-1580.9331,-1157.7977,102.4499,39.6139,0.00,VEHICLE,0,0,
-1582.8859,-1155.4412,102.4657,39.6089,0.00,VEHICLE,0,0,
-1585.6578,-1152.0887,102.4973,39.6019,0.00,VEHICLE,0,0,
-1587.9865,-1149.2705,102.5277,39.6011,0.00,VEHICLE,0,0,
-1590.0309,-1146.7972,102.5504,39.5911,0.00,VEHICLE,0,0,
-1592.2164,-1144.0697,102.5718,38.5936,0.00,VEHICLE,0,0,
-1594.3154,-1141.2277,102.5863,35.9240,0.00,VEHICLE,0,0,
-1595.6353,-1139.3795,102.5930,35.0927,0.00,VEHICLE,0,0,
-1597.4943,-1136.7108,102.6076,34.5651,0.00,VEHICLE,0,0,
-1598.8068,-1134.7961,102.6192,34.4099,0.00,VEHICLE,0,0,
-1600.4109,-1132.4442,102.6308,34.3595,0.00,VEHICLE,0,0,
-1602.1401,-1129.8929,102.6420,34.1793,0.00,VEHICLE,0,0,
-1604.0452,-1126.9991,102.6559,33.1953,0.00,VEHICLE,0,0,
-1605.6040,-1124.5956,102.6626,32.7782,0.00,VEHICLE,0,0,
-1607.3429,-1121.8898,102.6568,32.6119,0.00,VEHICLE,0,0,
-1609.4308,-1118.6165,102.6562,32.5411,0.00,VEHICLE,0,0,
-1611.3297,-1115.6135,102.6613,32.3413,0.00,VEHICLE,0,0,
-1612.7031,-1113.2910,102.6603,30.7033,0.00,VEHICLE,0,0,
-1613.9877,-1110.9126,102.6590,28.0728,0.00,VEHICLE,0,0,
-1615.2664,-1108.4156,102.6596,26.6889,0.00,VEHICLE,0,0,
-1616.4705,-1105.9814,102.6575,26.2485,0.00,VEHICLE,0,0,
-1618.2578,-1102.3142,102.6392,26.0394,0.00,VEHICLE,0,0,
-1619.4410,-1099.8496,102.6218,25.7712,0.00,VEHICLE,0,0,
-1620.2686,-1098.0240,102.6126,24.7317,0.00,VEHICLE,0,0,
-1621.4138,-1095.2095,102.6016,21.7078,0.00,VEHICLE,0,0,
-1622.3884,-1092.5548,102.5885,19.5596,0.00,VEHICLE,0,0,
-1623.1077,-1090.4861,102.5763,18.8704,0.00,VEHICLE,0,0,
-1624.0457,-1087.6901,102.5623,18.4772,0.00,VEHICLE,0,0,
-1625.2384,-1084.0697,102.5422,18.3391,0.00,VEHICLE,0,0,
-1626.1926,-1081.1865,102.5135,18.3248,0.00,VEHICLE,0,0,
-1627.0906,-1078.4944,102.4829,18.3222,0.00,VEHICLE,0,0,
-1627.9631,-1075.8457,102.4586,18.1340,0.00,VEHICLE,0,0,
-1628.8746,-1072.7589,102.4283,16.3107,0.00,VEHICLE,0,0,
-1629.4014,-1070.7742,102.4069,14.7916,0.00,VEHICLE,0,0,
-1630.0612,-1068.1277,102.3801,13.8413,0.00,VEHICLE,0,0,
-1630.5338,-1066.1582,102.3601,13.5788,0.00,VEHICLE,0,0,
-1631.1793,-1063.4379,102.3306,13.4470,0.00,VEHICLE,0,0,
-1631.9519,-1060.1887,102.2931,13.3975,0.00,VEHICLE,0,0,
-1632.5709,-1057.6007,102.2565,13.3881,0.00,VEHICLE,0,0,
-1633.1974,-1054.9711,102.2148,13.3127,0.00,VEHICLE,0,0,
-1633.6422,-1052.9480,102.1862,12.6058,0.00,VEHICLE,0,0,
-1634.1216,-1050.3436,102.1523,10.3578,0.00,VEHICLE,0,0,
-1634.4452,-1048.3491,102.1254,8.9615,0.00,VEHICLE,0,0,
-1634.8506,-1045.5878,102.0879,8.1352,0.00,VEHICLE,0,0,
-1635.2572,-1042.6597,102.0516,7.8213,0.00,VEHICLE,0,0,
-1635.7665,-1038.8743,102.0076,7.6601,0.00,VEHICLE,0,0,
-1636.1339,-1036.1205,101.9686,7.5987,0.00,VEHICLE,0,0,
-1636.5092,-1032.9784,101.9101,6.7237,0.00,VEHICLE,0,0,
-1636.8440,-1029.7478,101.8361,5.5397,0.00,VEHICLE,0,0,
-1637.1433,-1026.5297,101.7784,5.1349,0.00,VEHICLE,0,0,
-1637.3917,-1023.6884,101.7276,5.0160,0.00,VEHICLE,0,0,
-1637.5862,-1021.4187,101.6812,4.9801,0.00,VEHICLE,0,0,
-1637.8707,-1018.1142,101.6158,4.9670,0.00,VEHICLE,0,0,
-1638.0591,-1015.9595,101.5764,4.9634,0.00,VEHICLE,0,0,
-1638.2550,-1013.7303,101.5335,4.9597,0.00,VEHICLE,0,0,
-1638.5168,-1010.5983,101.4688,4.7335,0.00,VEHICLE,0,0,
-1638.7281,-1007.1935,101.3972,3.3563,0.00,VEHICLE,0,0,
-1638.8778,-1004.2122,101.3256,2.7043,0.00,VEHICLE,0,0,
-1638.9999,-1001.4689,101.2529,2.5030,0.00,VEHICLE,0,0,
-1639.1097,-998.8560,101.1917,2.4263,0.00,VEHICLE,0,0,
-1639.2457,-995.2232,101.1103,2.1346,0.00,VEHICLE,0,0,
-1639.2450,-992.2265,101.0384,359.8779,0.00,VEHICLE,0,0,
-1639.1520,-989.4881,100.9736,357.5644,0.00,VEHICLE,0,0,
-1638.9932,-986.5332,100.9064,356.6593,0.00,VEHICLE,0,0,
-1638.8169,-983.7692,100.8438,356.4086,0.00,VEHICLE,0,0,
-1638.6217,-980.8206,100.7780,356.3260,0.00,VEHICLE,0,0,
-1638.4517,-978.2174,100.7169,356.2969,0.00,VEHICLE,0,0,
-1638.3054,-975.9286,100.6589,356.2781,0.00,VEHICLE,0,0,
-1638.1245,-973.1008,100.5799,356.2426,0.00,VEHICLE,0,0,
-1637.8827,-970.2451,100.5003,355.1795,0.00,VEHICLE,0,0,
-1637.5322,-967.3464,100.4241,352.8159,0.00,VEHICLE,0,0,
-1637.1305,-964.4728,100.3481,351.8399,0.00,VEHICLE,0,0,
-1636.7482,-961.8950,100.2801,351.5668,0.00,VEHICLE,0,0,
-1636.4380,-959.8427,100.2261,351.4800,0.00,VEHICLE,0,0,
-1635.9504,-956.6067,100.1408,351.4434,0.00,VEHICLE,0,0,
-1635.5415,-953.8619,100.0692,351.4363,0.00,VEHICLE,0,0,
-1635.0520,-950.7590,99.9854,350.9756,0.00,VEHICLE,0,0,
-1634.5729,-948.1136,99.9121,349.6392,0.00,VEHICLE,0,0,
-1634.0592,-945.4342,99.8378,349.0276,0.00,VEHICLE,0,0,
-1633.5216,-942.7270,99.7573,348.8324,0.00,VEHICLE,0,0,
-1632.9913,-940.0763,99.6665,348.7791,0.00,VEHICLE,0,0,
-1632.4385,-937.2952,99.5713,348.7662,0.00,VEHICLE,0,0,
-1631.9846,-934.9974,99.5004,348.7635,0.00,VEHICLE,0,0,
-1631.4861,-932.4680,99.4214,348.7591,0.00,VEHICLE,0,0,
-1630.8279,-929.1429,99.3129,348.7509,0.00,VEHICLE,0,0,
-1630.2852,-926.4196,99.2245,348.7427,0.00,VEHICLE,0,0,
-1629.7356,-923.6708,99.1347,348.7368,0.00,VEHICLE,0,0,
-1629.1897,-920.9388,99.0448,348.7349,0.00,VEHICLE,0,0,
-1628.6421,-918.1909,98.9545,348.7358,0.00,VEHICLE,0,0,
-1628.1514,-915.7247,98.8735,348.7363,0.00,VEHICLE,0,0,
-1627.5583,-912.7162,98.7736,348.8222,0.00,VEHICLE,0,0,
-1627.0782,-909.9404,98.6722,350.1191,0.00,VEHICLE,0,0,
-1626.7050,-907.1840,98.5528,352.5075,0.00,VEHICLE,0,0,
-1626.4077,-904.3908,98.4218,354.3607,0.00,VEHICLE,0,0,
-1626.0635,-900.4996,98.2616,355.1563,0.00,VEHICLE,0,0,
-1625.8445,-897.5148,98.1392,355.6758,0.00,VEHICLE,0,0,
-1625.7505,-894.7368,98.0203,357.9928,0.00,VEHICLE,0,0,
-1625.7633,-892.0649,97.9079,0.6707,0.00,VEHICLE,0,0,
-1625.8284,-889.5115,97.8023,1.8222,0.00,VEHICLE,0,0,
-1625.9298,-886.7139,97.6859,2.2525,0.00,VEHICLE,0,0,
-1626.0469,-883.9932,97.5694,2.4047,0.00,VEHICLE,0,0,
-1626.1687,-881.2535,97.4383,2.4563,0.00,VEHICLE,0,0,
-1626.2841,-878.5787,97.2797,2.4646,0.00,VEHICLE,0,0,
-1626.3997,-875.8075,97.1141,2.4703,0.00,VEHICLE,0,0,
-1626.5088,-873.2015,96.9779,2.4836,0.00,VEHICLE,0,0,
-1626.6295,-870.4064,96.8293,2.5025,0.00,VEHICLE,0,0,
-1626.7418,-867.8810,96.6864,2.5134,0.00,VEHICLE,0,0,
-1626.8577,-865.3037,96.5427,2.5172,0.00,VEHICLE,0,0,
-1627.0188,-861.6714,96.3421,2.5137,0.00,VEHICLE,0,0,
-1627.1494,-858.6637,96.1550,2.5138,0.00,VEHICLE,0,0,
-1627.2695,-855.9003,95.9483,2.5215,0.00,VEHICLE,0,0,
-1627.3905,-853.2622,95.7404,2.5839,0.00,VEHICLE,0,0,
-1627.5958,-850.5859,95.5496,4.1383,0.00,VEHICLE,0,0,
-1628.0006,-847.6188,95.3429,8.1031,0.00,VEHICLE,0,0,
-1628.5531,-844.7397,95.1306,11.5628,0.00,VEHICLE,0,0,
-1629.1500,-842.0931,94.9250,12.9294,0.00,VEHICLE,0,0,
-1629.8074,-839.3724,94.6767,13.5816,0.00,VEHICLE,0,0,
-1630.2893,-837.4313,94.4642,13.8440,0.00,VEHICLE,0,0,
-1630.9056,-834.9771,94.2213,14.0277,0.00,VEHICLE,0,0,
-1631.6024,-832.2128,93.9701,14.1072,0.00,VEHICLE,0,0,
-1632.2065,-829.9123,93.7597,14.5292,0.00,VEHICLE,0,0,
-1633.0564,-827.6274,93.5059,20.0058,0.00,VEHICLE,0,0,
-1634.0284,-825.6683,93.2672,26.1504,0.00,VEHICLE,0,0,
-1634.9845,-823.8177,92.9973,27.8145,0.00,VEHICLE,0,0,
-1636.2122,-821.5278,92.6784,28.1835,0.00,VEHICLE,0,0,
-1637.4753,-819.3124,92.3746,29.3758,0.00,VEHICLE,0,0,
-1638.9652,-817.1031,92.0429,34.0545,0.00,VEHICLE,0,0,
-1640.2112,-815.3369,91.7283,35.6128,0.00,VEHICLE,0,0,
-1641.6306,-813.3823,91.3293,36.0564,0.00,VEHICLE,0,0,
-1643.0778,-811.4237,90.9730,36.1963,0.00,VEHICLE,0,0,
-1644.3418,-809.7291,90.6860,36.2006,0.00,VEHICLE,0,0,
-1645.5753,-808.0571,90.3589,36.1109,0.00,VEHICLE,0,0,
-1647.2634,-805.7446,89.9034,36.1863,0.00,VEHICLE,0,0,
-1648.5200,-804.1757,89.5993,37.8718,0.00,VEHICLE,0,0,
-1650.5385,-802.1189,89.2044,44.8422,0.00,VEHICLE,0,0,
-1652.7649,-800.4970,88.7863,54.6402,0.00,VEHICLE,0,0,
-1655.2336,-799.3489,88.3675,65.9141,0.00,VEHICLE,0,0,
-1657.8400,-798.8301,87.9574,78.9644,0.00,VEHICLE,0,0,
-1660.1619,-798.8997,87.6446,91.5361,0.00,VEHICLE,0,0,
-1662.1580,-799.3716,87.3544,102.9806,0.00,VEHICLE,0,0,
-1664.4524,-800.2608,87.0126,112.1678,0.00,VEHICLE,0,0,
-1666.4579,-801.1356,86.7044,113.9598,0.00,VEHICLE,0,0,
-1668.5646,-802.0807,86.3853,114.3663,0.00,VEHICLE,0,0,
-1670.4442,-802.9227,86.0822,114.4532,0.00,VEHICLE,0,0,
-1672.9558,-804.0571,85.6938,114.4911,0.00,VEHICLE,0,0,
-1675.2249,-805.0973,85.3405,114.5488,0.00,VEHICLE,0,0,
-1677.2739,-806.0410,85.0205,114.5964,0.00,VEHICLE,0,0,
-1679.8524,-807.2281,84.6292,114.6258,0.00,VEHICLE,0,0,
-1681.8286,-808.1384,84.3371,114.6525,0.00,VEHICLE,0,0,
-1684.6082,-809.5034,83.9520,116.0791,0.00,VEHICLE,0,0,
-1687.1030,-810.9908,83.6188,121.5974,0.00,VEHICLE,0,0,
-1689.0037,-812.2949,83.3721,125.5763,0.00,VEHICLE,0,0,
-1691.1971,-813.8520,83.0947,126.8590,0.00,VEHICLE,0,0,
-1693.8452,-815.8195,82.7505,127.2626,0.00,VEHICLE,0,0,
-1695.4749,-817.0929,82.5371,127.6758,0.00,VEHICLE,0,0,
-1697.0068,-818.4260,82.3420,129.9519,0.00,VEHICLE,0,0,
-1698.4355,-819.8433,82.1732,133.4337,0.00,VEHICLE,0,0,
-1700.2218,-822.0111,81.9419,139.9149,0.00,VEHICLE,0,0,
-1701.6898,-824.4210,81.6850,148.7931,0.00,VEHICLE,0,0,
-1702.5963,-826.6804,81.4183,158.1591,0.00,VEHICLE,0,0,
-1703.0839,-829.0083,81.1369,168.3376,0.00,VEHICLE,0,0,
-1703.1106,-831.3356,80.8222,178.9471,0.00,VEHICLE,0,0,
-1702.6219,-833.8297,80.5212,191.2599,0.00,VEHICLE,0,0,
-1702.0121,-836.3354,80.2202,195.6689,0.00,VEHICLE,0,0,
-1701.3748,-838.5526,79.9538,196.1720,0.00,VEHICLE,0,0,
-1700.8008,-840.8424,79.6780,194.1576,0.00,VEHICLE,0,0,
-1700.3574,-842.9464,79.4058,191.7554,0.00,VEHICLE,0,0,
-1699.7189,-846.1468,78.9748,190.9497,0.00,VEHICLE,0,0,
-1699.2203,-848.7426,78.4664,190.6587,0.00,VEHICLE,0,0,
-1698.7335,-851.3460,77.6375,189.8984,0.00,VEHICLE,0,0,
-1698.2681,-854.0238,76.4978,189.1913,0.00,VEHICLE,0,0,
-1697.8156,-856.5308,75.2657,190.2225,0.00,VEHICLE,0,0,
-1697.3502,-859.2310,74.2772,189.9183,0.00,VEHICLE,0,0,
-1697.0380,-861.3183,73.5221,188.8612,0.00,VEHICLE,0,0,
-1696.7892,-863.2489,72.7246,187.6759,0.00,VEHICLE,0,0,
-1696.4501,-865.6974,71.7773,187.0321,0.00,VEHICLE,0,0,
-1696.1367,-867.9077,70.9679,186.6948,0.00,VEHICLE,0,0,
-1695.8549,-870.0582,70.1391,186.6720,0.00,VEHICLE,0,0,
-1695.5594,-872.4537,69.2220,186.3282,0.00,VEHICLE,0,0,
-1695.3218,-874.7327,68.4004,184.4616,0.00,VEHICLE,0,0,
-1695.1624,-877.1452,67.7147,184.8895,0.00,VEHICLE,0,0,
-1694.9840,-879.4185,67.3249,188.5471,0.00,VEHICLE,0,0,
-1694.5962,-882.1449,67.0468,190.4781,0.00,VEHICLE,0,0,
-1694.1252,-884.3996,67.1803,189.7294,0.00,VEHICLE,0,0,
-1693.6461,-886.6996,67.2120,188.9125,0.00,VEHICLE,0,0,
-1692.9539,-890.3814,67.0117,187.3436,0.00,VEHICLE,0,0,
-1692.5948,-893.2135,66.9129,186.8537,0.00,VEHICLE,0,0,
-1692.3113,-896.0574,66.9599,186.5889,0.00,VEHICLE,0,0,
-1692.0717,-898.4214,66.9460,186.6470,0.00,VEHICLE,0,0,
-1691.7950,-900.7542,66.9124,186.6733,0.00,VEHICLE,0,0,
-1691.4976,-902.9695,66.8766,186.6125,0.00,VEHICLE,0,0,
-1691.1892,-905.2200,66.8514,186.5193,0.00,VEHICLE,0,0,
-1690.8325,-908.0670,66.8326,186.2854,0.00,VEHICLE,0,0,
-1690.5784,-910.4844,66.8154,186.0669,0.00,VEHICLE,0,0,
-1690.3798,-913.1887,66.8050,184.9597,0.00,VEHICLE,0,0,
-1690.3215,-915.2751,66.8273,182.1842,0.00,VEHICLE,0,0,
-1690.3013,-918.0674,66.8701,179.6687,0.00,VEHICLE,0,0,
-1690.3021,-920.1144,66.9279,179.2283,0.00,VEHICLE,0,0,
-1690.3292,-922.1983,67.0217,179.0719,0.00,VEHICLE,0,0,
-1690.3734,-924.2188,67.1376,178.9183,0.00,VEHICLE,0,0,
-1690.4243,-926.2355,67.2323,178.8614,0.00,VEHICLE,0,0,
-1690.4657,-928.2472,67.3184,178.8466,0.00,VEHICLE,0,0,
-1690.5055,-931.2054,67.4640,178.7645,0.00,VEHICLE,0,0,
-1690.5533,-934.0888,67.5988,178.7169,0.00,VEHICLE,0,0,
-1690.6154,-936.7010,67.7254,178.6776,0.00,VEHICLE,0,0,
-1690.6776,-939.2335,67.8489,178.6635,0.00,VEHICLE,0,0,
-1690.6117,-941.6067,67.9419,181.0746,0.00,VEHICLE,0,0,
-1690.2722,-944.0584,67.9659,187.3307,0.00,VEHICLE,0,0,
-1689.5389,-946.4517,67.8910,196.6658,0.00,VEHICLE,0,0,
-1688.4807,-948.3660,67.7551,207.8631,0.00,VEHICLE,0,0,
-1686.7898,-950.1300,67.6849,223.6456,0.00,VEHICLE,0,0,
-1685.1005,-951.2747,67.6403,235.7550,0.00,VEHICLE,0,0,
-1683.0107,-952.1106,67.6372,246.6844,0.00,VEHICLE,0,0,
-1681.0132,-952.5072,67.4972,257.4467,0.00,VEHICLE,0,0,
-1678.2672,-952.4503,67.2864,271.4070,0.00,VEHICLE,0,0,
-1676.1038,-951.9224,67.0096,282.3379,0.00,VEHICLE,0,0,
-1674.2554,-951.0877,66.7062,292.4797,0.00,VEHICLE,0,0,
-1672.3448,-949.7289,66.2819,304.9291,0.00,VEHICLE,0,0,
-1670.9515,-948.2058,65.9090,315.9786,0.00,VEHICLE,0,0,
-1669.8685,-946.1826,65.5076,331.2560,0.00,VEHICLE,0,0,
-1669.3190,-943.8175,65.0932,346.9178,0.00,VEHICLE,0,0,
-1669.3014,-941.3622,64.7502,0.0253,0.00,VEHICLE,0,0,
-1669.4348,-939.2134,64.5764,3.3931,0.00,VEHICLE,0,0,
-1669.5648,-937.0801,64.4537,3.8310,0.00,VEHICLE,0,0,
-1669.7236,-934.4038,64.3429,4.0176,0.00,VEHICLE,0,0,
-1670.0518,-932.0387,64.2848,7.4765,0.00,VEHICLE,0,0,
-1670.0518,-932.0387,64.2848,7.4765,0.00,VEHICLE,0,0,
