route,dive.csv,-1079.7882,-1643.9688,75.9751,272.1967,0.00,VEHICLE,0,0,
-1079.7882,-1643.9688,75.9751,272.1967,0.00,VEHICLE,0,0,
-1077.6820,-1643.8994,75.9052,271.5435,0.00,VEHICLE,0,0,
-1075.5110,-1644.0806,75.8379,265.4871,0.00,VEHICLE,0,0,
-1073.1235,-1644.2867,75.7995,265.1387,0.00,VEHICLE,0,0,
-1071.0884,-1644.4662,75.9050,265.0465,0.00,VEHICLE,0,0,
-1068.6583,-1644.7738,76.0505,261.3351,0.00,VEHICLE,0,0,
-1066.1792,-1645.3419,76.1756,256.7123,0.00,VEHICLE,0,0,
-1063.4353,-1646.0144,76.3260,255.9709,0.00,VEHICLE,0,0,
-1060.6511,-1646.7072,76.4570,255.8968,0.00,VEHICLE,0,0,
-1058.5559,-1647.2406,76.5019,255.5774,0.00,VEHICLE,0,0,
-1056.4579,-1647.8469,76.5531,253.4212,0.00,VEHICLE,0,0,
-1054.3800,-1648.6027,76.6171,249.1602,0.00,VEHICLE,0,0,
-1052.3527,-1649.5640,76.6892,243.4755,0.00,VEHICLE,0,0,
-1050.3623,-1650.7194,76.7650,239.2597,0.00,VEHICLE,0,0,
-1048.3029,-1651.9913,76.8477,238.0453,0.00,VEHICLE,0,0,
-1046.2739,-1653.2662,76.9141,237.7184,0.00,VEHICLE,0,0,
-1044.0768,-1654.6510,77.0729,237.6300,0.00,VEHICLE,0,0,
-1041.8715,-1656.0649,77.2289,236.7480,0.00,VEHICLE,0,0,
-1039.7598,-1657.5693,77.2261,233.7924,0.00,VEHICLE,0,0,
-1037.5658,-1659.2838,77.2259,231.9306,0.00,VEHICLE,0,0,
-1035.4216,-1660.9965,77.2320,231.4425,0.00,VEHICLE,0,0,
-1033.2898,-1662.7025,77.2372,231.2984,0.00,VEHICLE,0,0,
-1031.1597,-1664.4080,77.2400,231.2687,0.00,VEHICLE,0,0,
-1028.8824,-1666.2174,77.2387,231.8760,0.00,VEHICLE,0,0,
-1026.5364,-1667.9397,77.2391,234.7590,0.00,VEHICLE,0,0,
-1024.2614,-1669.4321,77.2397,237.2533,0.00,VEHICLE,0,0,
-1021.8999,-1670.9178,77.2424,237.8613,0.00,VEHICLE,0,0,
-1019.5977,-1672.4772,77.4488,235.5223,0.00,VEHICLE,0,0,
-1017.5455,-1673.9427,77.8288,236.7955,0.00,VEHICLE,0,0,
-1015.4288,-1675.2567,78.0057,237.4737,0.00,VEHICLE,0,0,
-1013.2363,-1676.5865,77.9100,237.0778,0.00,VEHICLE,0,0,
-1011.0891,-1677.8949,77.5404,236.6257,0.00,VEHICLE,0,0,
-1008.9537,-1679.1984,76.8983,236.2137,0.00,VEHICLE,0,0,
-1006.8425,-1680.4900,76.0133,235.7510,0.00,VEHICLE,0,0,
-1004.8747,-1681.8274,75.7879,235.5406,0.00,VEHICLE,0,0,
-1002.8644,-1683.2037,76.0056,235.5313,0.00,VEHICLE,0,0,
-1000.8269,-1684.5590,76.0813,236.7224,0.00,VEHICLE,0,0,
-998.8564,-1685.7972,76.0505,238.0070,0.00,VEHICLE,0,0,
-996.8572,-1687.0315,76.0294,238.3997,0.00,VEHICLE,0,0,
-994.9592,-1688.1965,76.0161,238.5262,0.00,VEHICLE,0,0,
-993.0804,-1689.3486,75.9709,238.5729,0.00,VEHICLE,0,0,
-991.2716,-1690.4547,75.9187,238.5854,0.00,VEHICLE,0,0,
-989.4608,-1691.5601,75.8730,238.5864,0.00,VEHICLE,0,0,
-987.6813,-1692.6466,75.8319,238.5856,0.00,VEHICLE,0,0,
-985.9061,-1693.7433,75.7899,238.1696,0.00,VEHICLE,0,0,
-984.2242,-1694.8405,75.7500,236.7216,0.00,VEHICLE,0,0,
-981.8982,-1696.3745,75.7489,236.0516,0.00,VEHICLE,0,0,
-979.6534,-1697.8716,75.7801,235.8842,0.00,VEHICLE,0,0,
-977.4174,-1699.3940,75.7940,236.0180,0.00,VEHICLE,0,0,
-975.1002,-1700.9595,75.8115,236.0080,0.00,VEHICLE,0,0,
-972.8279,-1702.4912,75.8308,235.9134,0.00,VEHICLE,0,0,
-970.4358,-1704.1069,75.8463,236.0926,0.00,VEHICLE,0,0,
-968.7327,-1705.2582,75.9379,236.3831,0.00,VEHICLE,0,0,
-966.9907,-1706.3989,76.2055,237.5048,0.00,VEHICLE,0,0,
-965.1591,-1707.5603,76.5055,238.1196,0.00,VEHICLE,0,0,
-963.3881,-1708.6484,76.7492,238.3220,0.00,VEHICLE,0,0,
-960.9888,-1710.0472,76.9132,238.6849,0.00,VEHICLE,0,0,
-958.9167,-1711.1731,77.2530,241.3464,0.00,VEHICLE,0,0,
-957.0490,-1712.1373,77.6805,242.6944,0.00,VEHICLE,0,0,
-954.8076,-1713.3044,78.0221,242.0254,0.00,VEHICLE,0,0,
-952.8721,-1714.3881,77.7481,242.8671,0.00,VEHICLE,0,0,
-951.0634,-1715.3676,77.4991,243.0056,0.00,VEHICLE,0,0,
-949.0400,-1716.4142,77.2066,241.6100,0.00,VEHICLE,0,0,
-946.7339,-1717.6112,77.2021,240.8560,0.00,VEHICLE,0,0,
-944.4008,-1718.8546,77.2514,240.9948,0.00,VEHICLE,0,0,
-942.1618,-1720.0734,77.2401,241.8338,0.00,VEHICLE,0,0,
-939.8865,-1721.1013,77.2384,247.4675,0.00,VEHICLE,0,0,
-937.5842,-1721.6243,77.2399,259.9555,0.00,VEHICLE,0,0,
-935.4330,-1721.4999,77.2393,275.8557,0.00,VEHICLE,0,0,
-933.1745,-1721.0839,77.2366,280.5902,0.00,VEHICLE,0,0,
-930.7116,-1720.6014,77.2353,281.1359,0.00,VEHICLE,0,0,
-927.9606,-1720.0771,77.2355,280.2477,0.00,VEHICLE,0,0,
-924.9863,-1719.7344,77.2391,275.1190,0.00,VEHICLE,0,0,
-922.9759,-1719.6124,77.2384,273.3517,0.00,VEHICLE,0,0,
-920.9072,-1719.5055,77.2374,272.8481,0.00,VEHICLE,0,0,
-918.7264,-1719.4014,77.2372,272.6948,0.00,VEHICLE,0,0,
-916.3751,-1719.3195,77.2384,271.6384,0.00,VEHICLE,0,0,
-914.0549,-1719.3743,77.2423,267.6843,0.00,VEHICLE,0,0,
-911.8324,-1719.5704,77.2361,264.5539,0.00,VEHICLE,0,0,
-909.6209,-1719.8105,77.2145,263.6347,0.00,VEHICLE,0,0,
-907.4977,-1720.0548,77.1917,263.3921,0.00,VEHICLE,0,0,
-905.4305,-1720.3030,77.1673,263.0725,0.00,VEHICLE,0,0,
-903.4374,-1720.6030,77.1252,261.0087,0.00,VEHICLE,0,0,
-900.6119,-1721.3523,77.0357,252.5714,0.00,VEHICLE,0,0,
-898.1404,-1722.5950,76.9523,240.2493,0.00,VEHICLE,0,0,
-896.1156,-1724.2964,76.8587,227.2585,0.00,VEHICLE,0,0,
-894.4531,-1726.4453,76.7720,215.2827,0.00,VEHICLE,0,0,
-893.1151,-1729.1053,76.7111,203.8304,0.00,VEHICLE,0,0,
-892.4800,-1731.1022,76.6595,196.5359,0.00,VEHICLE,0,0,
-892.0607,-1733.2026,76.6479,190.5599,0.00,VEHICLE,0,0,
-891.7307,-1735.3453,76.6410,188.5396,0.00,VEHICLE,0,0,
-891.4199,-1737.5297,76.6217,187.9957,0.00,VEHICLE,0,0,
-891.1078,-1739.7911,76.6348,187.8374,0.00,VEHICLE,0,0,
-890.7920,-1742.1063,76.7334,187.7809,0.00,VEHICLE,0,0,
-890.4668,-1744.4846,76.8500,187.7610,0.00,VEHICLE,0,0,
-890.1359,-1746.8971,76.9597,187.7699,0.00,VEHICLE,0,0,
-889.7960,-1749.3743,77.2069,187.8180,0.00,VEHICLE,0,0,
-889.4409,-1751.9435,77.6277,187.8296,0.00,VEHICLE,0,0,
-889.0546,-1754.6337,78.0762,188.4402,0.00,VEHICLE,0,0,
-888.5944,-1757.2177,78.6427,190.7950,0.00,VEHICLE,0,0,
-888.0837,-1759.6821,79.2856,191.8924,0.00,VEHICLE,0,0,
-887.5626,-1762.1576,79.8842,192.2308,0.00,VEHICLE,0,0,
-887.0237,-1764.6698,80.5239,192.3742,0.00,VEHICLE,0,0,
-886.4865,-1767.1143,81.2015,192.4119,0.00,VEHICLE,0,0,
-885.9424,-1769.5834,81.8819,192.3762,0.00,VEHICLE,0,0,
-885.4406,-1771.9200,82.4842,192.3338,0.00,VEHICLE,0,0,
-884.9587,-1774.1759,83.0297,192.3444,0.00,VEHICLE,0,0,
-884.4879,-1776.3230,83.5455,192.3480,0.00,VEHICLE,0,0,
-884.0046,-1778.5028,84.0793,192.3406,0.00,VEHICLE,0,0,
-883.5775,-1780.4458,84.5579,192.3397,0.00,VEHICLE,0,0,
-882.9919,-1783.1324,85.2162,192.3345,0.00,VEHICLE,0,0,
-882.4277,-1785.7531,85.8354,192.3320,0.00,VEHICLE,0,0,
-881.8374,-1788.4722,86.4301,192.3097,0.00,VEHICLE,0,0,
-881.1458,-1791.2834,87.0186,194.6612,0.00,VEHICLE,0,0,
-880.3682,-1793.9945,87.6042,196.2153,0.00,VEHICLE,0,0,
-879.5429,-1796.8060,88.2123,196.4788,0.00,VEHICLE,0,0,
-878.9241,-1798.7416,88.6277,198.3223,0.00,VEHICLE,0,0,
-878.1494,-1800.6678,89.0358,202.7047,0.00,VEHICLE,0,0,
-877.3174,-1802.5392,89.3973,204.2493,0.00,VEHICLE,0,0,
-876.4677,-1804.3999,89.7149,204.6672,0.00,VEHICLE,0,0,
-875.6309,-1806.2098,90.0276,204.7682,0.00,VEHICLE,0,0,
-874.7897,-1808.0221,90.3486,204.9058,0.00,VEHICLE,0,0,
-873.8354,-1809.9609,90.6943,206.8598,0.00,VEHICLE,0,0,
-872.8645,-1811.7633,90.9647,208.6673,0.00,VEHICLE,0,0,
-871.8541,-1813.5959,91.1427,209.1498,0.00,VEHICLE,0,0,
-870.7837,-1815.5035,91.3167,209.3383,0.00,VEHICLE,0,0,
-869.6901,-1817.3546,91.4984,211.0045,0.00,VEHICLE,0,0,
-868.5351,-1819.0984,91.5577,213.9260,0.00,VEHICLE,0,0,
-867.3300,-1820.8395,91.5084,214.8562,0.00,VEHICLE,0,0,
-865.7211,-1823.1243,91.4442,215.0979,0.00,VEHICLE,0,0,
-863.9774,-1825.5492,91.2344,216.0358,0.00,VEHICLE,0,0,
-862.7530,-1827.1898,91.1053,216.7992,0.00,VEHICLE,0,0,
-861.5178,-1828.8396,91.0840,217.0231,0.00,VEHICLE,0,0,
-860.1555,-1830.6561,91.1206,217.0583,0.00,VEHICLE,0,0,
-858.7666,-1832.5062,91.1342,216.6861,0.00,VEHICLE,0,0,
-857.4785,-1834.3367,91.1300,214.4491,0.00,VEHICLE,0,0,
-856.3855,-1836.2213,91.1285,208.9243,0.00,VEHICLE,0,0,
-855.1981,-1838.8639,91.0973,203.3442,0.00,VEHICLE,0,0,
-854.0778,-1841.4943,90.9556,202.4554,0.00,VEHICLE,0,0,
-853.0164,-1844.0923,90.8389,201.0429,0.00,VEHICLE,0,0,
-852.3201,-1846.6042,90.4602,190.3944,0.00,VEHICLE,0,0,
-852.4252,-1849.1339,90.2835,174.9779,0.00,VEHICLE,0,0,
-853.1685,-1851.5687,90.1450,160.9341,0.00,VEHICLE,0,0,
-854.4525,-1854.0792,89.9401,151.0871,0.00,VEHICLE,0,0,
-856.0049,-1856.7319,89.7009,149.3102,0.00,VEHICLE,0,0,
-857.0791,-1858.5216,89.5271,149.1124,0.00,VEHICLE,0,0,
-858.1950,-1860.3727,89.3417,149.0394,0.00,VEHICLE,0,0,
-859.4221,-1862.4109,89.1354,148.9677,0.00,VEHICLE,0,0,
-860.7719,-1864.5807,88.9085,147.4869,0.00,VEHICLE,0,0,
-862.2460,-1866.6094,88.6778,142.6489,0.00,VEHICLE,0,0,
-863.9132,-1868.4553,88.4312,136.7395,0.00,VEHICLE,0,0,
-865.6172,-1870.1381,88.1843,134.4863,0.00,VEHICLE,0,0,
-867.3967,-1871.8562,87.9395,133.8802,0.00,VEHICLE,0,0,
-869.2502,-1873.6342,87.6906,133.7478,0.00,VEHICLE,0,0,
-871.1559,-1875.4496,87.4159,133.7031,0.00,VEHICLE,0,0,
-873.1531,-1877.3500,87.1229,133.6632,0.00,VEHICLE,0,0,
-875.2145,-1879.3182,86.8457,133.6397,0.00,VEHICLE,0,0,
-877.3933,-1881.4003,86.5690,133.6069,0.00,VEHICLE,0,0,
-879.6650,-1883.5149,86.2658,132.6076,0.00,VEHICLE,0,0,
-881.9734,-1885.4951,85.9610,129.8288,0.00,VEHICLE,0,0,
-884.3450,-1887.2720,85.7006,125.5090,0.00,VEHICLE,0,0,
-886.7816,-1888.7982,85.4596,120.5287,0.00,VEHICLE,0,0,
-889.2798,-1890.0636,85.2161,115.4725,0.00,VEHICLE,0,0,
-891.9649,-1891.1368,84.9589,110.4355,0.00,VEHICLE,0,0,
-894.7064,-1892.0292,84.7095,107.5510,0.00,VEHICLE,0,0,
-897.5392,-1892.8900,84.4857,106.7623,0.00,VEHICLE,0,0,
-900.4540,-1893.7620,84.2588,106.5497,0.00,VEHICLE,0,0,
-903.5007,-1894.6659,84.0140,106.5036,0.00,VEHICLE,0,0,
-906.7110,-1895.6073,83.7456,106.3001,0.00,VEHICLE,0,0,
-910.0462,-1896.5256,83.4862,104.9433,0.00,VEHICLE,0,0,
-913.2947,-1897.2870,83.2726,102.2519,0.00,VEHICLE,0,0,
-916.6342,-1897.9257,83.0536,100.3187,0.00,VEHICLE,0,0,
-920.1633,-1898.5468,82.8138,99.8340,0.00,VEHICLE,0,0,
-923.4584,-1899.1115,82.5841,99.7254,0.00,VEHICLE,0,0,
-926.8602,-1899.6888,82.3510,99.6835,0.00,VEHICLE,0,0,
-930.4982,-1900.2996,82.1441,99.3577,0.00,VEHICLE,0,0,
-934.0320,-1900.8315,81.9524,98.1745,0.00,VEHICLE,0,0,
-937.5242,-1901.3116,81.7547,97.7171,0.00,VEHICLE,0,0,
-940.9980,-1901.7767,81.5545,97.5888,0.00,VEHICLE,0,0,
-944.5480,-1902.2473,81.3481,97.5544,0.00,VEHICLE,0,0,
-948.0621,-1902.7111,81.1455,97.5379,0.00,VEHICLE,0,0,
-951.5773,-1903.1758,80.9722,97.5289,0.00,VEHICLE,0,0,
-955.2245,-1903.6587,80.8060,97.5274,0.00,VEHICLE,0,0,
-959.0365,-1904.1642,80.6269,97.5917,0.00,VEHICLE,0,0,
-962.7947,-1904.7001,80.4443,98.5579,0.00,VEHICLE,0,0,
-966.3035,-1905.3424,80.2730,101.5355,0.00,VEHICLE,0,0,
-969.7993,-1906.2297,80.1027,105.8064,0.00,VEHICLE,0,0,
-973.3721,-1907.4500,79.9353,110.7802,0.00,VEHICLE,0,0,
-976.6166,-1908.8853,79.8684,115.7359,0.00,VEHICLE,0,0,
-979.5494,-1910.4760,79.8159,120.6045,0.00,VEHICLE,0,0,
-982.0469,-1912.1348,79.7594,125.4103,0.00,VEHICLE,0,0,
-984.0515,-1913.7410,79.7778,129.8352,0.00,VEHICLE,0,0,
-985.7068,-1915.1860,79.8950,132.2395,0.00,VEHICLE,0,0,
-987.8143,-1916.8854,80.1484,132.2296,0.00,VEHICLE,0,0,
-989.3943,-1918.4396,80.2721,135.4836,0.00,VEHICLE,0,0,
-990.6711,-1920.1575,80.0971,143.2143,0.00,VEHICLE,0,0,
-991.5899,-1922.0298,79.9921,155.5673,0.00,VEHICLE,0,0,
-992.0593,-1924.6432,79.9333,174.2434,0.00,VEHICLE,0,0,
-991.8568,-1926.8170,79.8388,187.6164,0.00,VEHICLE,0,0,
-991.3439,-1928.8572,79.7839,194.7893,0.00,VEHICLE,0,0,
-990.6069,-1931.4344,79.7332,195.8250,0.00,VEHICLE,0,0,
-989.9698,-1933.6372,79.6765,195.5906,0.00,VEHICLE,0,0,
-989.2153,-1936.2404,79.5155,194.9624,0.00,VEHICLE,0,0,
-988.6483,-1939.1429,79.2956,188.8778,0.00,VEHICLE,0,0,
-988.5390,-1942.0383,78.9482,177.7085,0.00,VEHICLE,0,0,
-988.9282,-1944.7683,78.6081,170.5216,0.00,VEHICLE,0,0,
-989.4669,-1947.6108,78.2802,169.5536,0.00,VEHICLE,0,0,
-989.8860,-1949.6650,77.9733,169.7647,0.00,VEHICLE,0,0,
-990.2952,-1951.7057,77.7045,169.7357,0.00,VEHICLE,0,0,
-990.6985,-1953.8004,77.4449,169.7545,0.00,VEHICLE,0,0,
-991.0933,-1955.8918,77.1787,169.1105,0.00,VEHICLE,0,0,
-991.4932,-1957.8394,76.9254,168.1365,0.00,VEHICLE,0,0,
-992.0997,-1960.6451,76.5600,167.7974,0.00,VEHICLE,0,0,
-992.7196,-1963.4766,76.1919,167.7413,0.00,VEHICLE,0,0,
-993.1434,-1965.4243,75.9384,167.7251,0.00,VEHICLE,0,0,
-993.7328,-1968.1201,75.5422,167.7595,0.00,VEHICLE,0,0,
-994.2140,-1970.3185,75.1890,167.8434,0.00,VEHICLE,0,0,
-994.6483,-1972.3171,74.8780,167.7867,0.00,VEHICLE,0,0,
-995.0943,-1974.3569,74.5645,167.7224,0.00,VEHICLE,0,0,
-995.5596,-1976.4679,74.2349,167.5522,0.00,VEHICLE,0,0,
-996.0783,-1978.8110,73.8772,167.4578,0.00,VEHICLE,0,0,
-996.5427,-1980.9348,73.5582,167.6823,0.00,VEHICLE,0,0,
-996.8592,-1983.0876,73.2421,173.3107,0.00,VEHICLE,0,0,
-996.9662,-1985.2264,72.9412,177.3335,0.00,VEHICLE,0,0,
-997.0468,-1987.3239,72.6337,178.0750,0.00,VEHICLE,0,0,
-996.9319,-1989.3440,72.3432,185.0266,0.00,VEHICLE,0,0,
-996.1112,-1991.7273,72.1955,202.3352,0.00,VEHICLE,0,0,
-994.8245,-1993.3250,72.3395,224.5205,0.00,VEHICLE,0,0,
-992.9341,-1994.1066,72.3227,249.6803,0.00,VEHICLE,0,0,
-990.8958,-1994.0946,72.7991,267.2416,0.00,VEHICLE,0,0,
-988.7413,-1994.1627,73.4247,267.9554,0.00,VEHICLE,0,0,
-986.5635,-1994.2325,74.0410,268.0291,0.00,VEHICLE,0,0,
-984.4633,-1994.3088,74.6358,267.8374,0.00,VEHICLE,0,0,
-982.6077,-1995.1068,75.1375,242.1216,0.00,VEHICLE,0,0,
-980.7085,-1996.2852,75.6406,238.0538,0.00,VEHICLE,0,0,
-978.9050,-1997.0024,76.1336,250.6131,0.00,VEHICLE,0,0,
-977.0204,-1997.4766,76.6408,255.9825,0.00,VEHICLE,0,0,
-974.9833,-1998.1642,76.2749,251.0294,0.00,VEHICLE,0,0,
-973.2141,-1998.6180,74.9486,253.1814,0.00,VEHICLE,0,0,
-971.2793,-1998.9552,73.4842,259.8800,0.00,VEHICLE,0,0,
-969.5493,-1999.1401,72.2693,261.5061,0.00,VEHICLE,0,0,
-967.7421,-1999.2021,71.1507,265.8157,0.00,VEHICLE,0,0,
-965.9981,-1999.1523,70.1483,271.5641,0.00,VEHICLE,0,0,
-964.0452,-1999.0012,68.9850,274.8984,0.00,VEHICLE,0,0,
-962.4088,-1998.5570,67.9084,286.5378,0.00,VEHICLE,0,0,
-960.8874,-1997.6185,66.7355,303.9715,0.00,VEHICLE,0,0,
-959.5747,-1996.1941,65.5252,320.3288,0.00,VEHICLE,0,0,
-958.3677,-1994.5187,64.2956,325.2760,0.00,VEHICLE,0,0,
-957.0218,-1992.5840,62.9012,324.8652,0.00,VEHICLE,0,0,
-955.4752,-1990.7994,61.4411,318.1438,0.00,VEHICLE,0,0,
-953.8216,-1989.0591,59.9348,316.4866,0.00,VEHICLE,0,0,
-951.9891,-1987.2461,58.3025,313.5984,0.00,VEHICLE,0,0,
-950.5662,-1986.1117,57.1235,307.5583,0.00,VEHICLE,0,0,
-949.0181,-1985.1593,55.9322,300.3086,0.00,VEHICLE,0,0,
-947.3360,-1984.3933,54.7245,293.0143,0.00,VEHICLE,0,0,
-945.4858,-1983.7733,53.4679,287.4285,0.00,VEHICLE,0,0,
-943.5176,-1983.1658,52.3129,287.5764,0.00,VEHICLE,0,0,
-941.3052,-1982.4305,51.3574,287.4338,0.00,VEHICLE,0,0,
-939.0946,-1981.6307,50.4029,289.9824,0.00,VEHICLE,0,0,
-936.9492,-1980.6682,49.3386,295.3248,0.00,VEHICLE,0,0,
-934.9266,-1979.6365,48.2784,297.4644,0.00,VEHICLE,0,0,
-932.8510,-1978.5323,47.1881,297.9854,0.00,VEHICLE,0,0,
-930.7874,-1977.4150,46.1040,298.0553,0.00,VEHICLE,0,0,
-928.8624,-1976.3464,45.0824,298.0207,0.00,VEHICLE,0,0,
-927.0517,-1975.3141,44.1095,298.1154,0.00,VEHICLE,0,0,
-925.3774,-1974.3757,43.3586,294.1689,0.00,VEHICLE,0,0,
-923.5687,-1973.6172,42.8036,289.6269,0.00,VEHICLE,0,0,
-921.6791,-1972.9923,42.2138,289.1975,0.00,VEHICLE,0,0,
-919.7358,-1972.3203,41.5477,289.2274,0.00,VEHICLE,0,0,
-917.8207,-1971.6427,40.8891,289.2224,0.00,VEHICLE,0,0,
-915.1447,-1970.7152,39.9850,289.2619,0.00,VEHICLE,0,0,
-912.7542,-1969.9124,39.1744,289.3051,0.00,VEHICLE,0,0,
-910.4861,-1969.1738,38.3359,289.5241,0.00,VEHICLE,0,0,
-908.3777,-1968.4797,37.5360,289.3695,0.00,VEHICLE,0,0,
-906.2318,-1967.7347,36.7048,289.5590,0.00,VEHICLE,0,0,
-904.2810,-1967.0826,35.5471,291.1986,0.00,VEHICLE,0,0,
-902.5193,-1966.4176,34.3328,291.1478,0.00,VEHICLE,0,0,
-900.4778,-1965.6331,32.9599,291.1832,0.00,VEHICLE,0,0,
-898.8168,-1965.0037,31.8379,291.1919,0.00,VEHICLE,0,0,
-896.9435,-1964.2867,30.5734,291.2003,0.00,VEHICLE,0,0,
-894.9363,-1963.5168,29.2185,291.3596,0.00,VEHICLE,0,0,
-892.8264,-1962.5702,27.7949,295.9385,0.00,VEHICLE,0,0,
-890.6950,-1961.4396,26.3580,298.6490,0.00,VEHICLE,0,0,
-888.4637,-1960.2211,24.8536,299.0987,0.00,VEHICLE,0,0,
-886.9167,-1959.3704,23.8107,299.1778,0.00,VEHICLE,0,0,
-885.0850,-1958.3611,22.5758,299.2130,0.00,VEHICLE,0,0,
-883.4553,-1957.5090,21.6104,296.1656,0.00,VEHICLE,0,0,
-881.6805,-1956.7031,20.9497,295.0757,0.00,VEHICLE,0,0,
-879.7950,-1955.8118,20.3602,297.3282,0.00,VEHICLE,0,0,
-877.8788,-1954.7369,19.7011,300.2417,0.00,VEHICLE,0,0,
-875.9886,-1953.5984,19.0237,301.2608,0.00,VEHICLE,0,0,
-874.2077,-1952.5194,18.3975,301.5698,0.00,VEHICLE,0,0,
-872.4201,-1951.4375,17.7780,301.6917,0.00,VEHICLE,0,0,
-870.5089,-1950.2708,17.1166,301.9086,0.00,VEHICLE,0,0,
-868.5568,-1949.0054,16.4506,303.9043,0.00,VEHICLE,0,0,
-866.7682,-1947.7068,15.8651,306.8880,0.00,VEHICLE,0,0,
-865.0656,-1946.3741,15.4918,308.1991,0.00,VEHICLE,0,0,
-863.3876,-1945.0006,15.3493,308.5828,0.00,VEHICLE,0,0,
-861.6380,-1943.5612,15.1865,308.8628,0.00,VEHICLE,0,0,
-859.9415,-1942.1095,14.9698,310.9498,0.00,VEHICLE,0,0,
-858.4185,-1940.6471,14.7747,314.6387,0.00,VEHICLE,0,0,
-856.9761,-1939.1808,14.6028,315.9765,0.00,VEHICLE,0,0,
-854.9346,-1937.0485,14.3638,316.4400,0.00,VEHICLE,0,0,
-852.8597,-1934.8746,14.1158,316.0504,0.00,VEHICLE,0,0,
-851.3488,-1933.2991,13.9366,315.9108,0.00,VEHICLE,0,0,
-849.7639,-1931.6489,13.7489,315.8398,0.00,VEHICLE,0,0,
-848.0480,-1929.8438,13.5457,316.4033,0.00,VEHICLE,0,0,
-846.4641,-1928.1074,13.3587,317.8612,0.00,VEHICLE,0,0,
-844.9059,-1926.3694,13.1727,318.3623,0.00,VEHICLE,0,0,
-843.4152,-1924.6971,12.9949,318.4850,0.00,VEHICLE,0,0,
-841.8719,-1922.9578,12.8116,318.6368,0.00,VEHICLE,0,0,
-840.4081,-1921.2085,12.6405,320.9239,0.00,VEHICLE,0,0,
-839.1210,-1919.4539,12.4962,324.3168,0.00,VEHICLE,0,0,
-837.9039,-1917.7112,12.3622,325.4032,0.00,VEHICLE,0,0,
-836.7480,-1916.0316,12.2355,325.7090,0.00,VEHICLE,0,0,
-835.5975,-1914.3503,12.1097,325.7988,0.00,VEHICLE,0,0,
-833.9366,-1911.9214,11.9262,325.4271,0.00,VEHICLE,0,0,
-832.7261,-1910.1613,11.7993,325.1351,0.00,VEHICLE,0,0,
-831.4020,-1908.3241,11.6922,323.5527,0.00,VEHICLE,0,0,
-829.9320,-1906.5385,11.5733,319.9049,0.00,VEHICLE,0,0,
-828.4120,-1904.9731,11.4208,315.3596,0.00,VEHICLE,0,0,
-826.9092,-1903.5254,11.2599,313.8649,0.00,VEHICLE,0,0,
-825.4026,-1902.1062,11.0979,313.1701,0.00,VEHICLE,0,0,
-823.7729,-1900.5850,10.9234,312.7104,0.00,VEHICLE,0,0,
-822.0471,-1898.9801,10.7396,312.6638,0.00,VEHICLE,0,0,
-820.3674,-1897.4191,10.5951,312.7818,0.00,VEHICLE,0,0,
-818.8127,-1895.9653,10.6372,312.5169,0.00,VEHICLE,0,0,
-817.2869,-1894.5436,10.7767,312.5495,0.00,VEHICLE,0,0,
-815.7591,-1893.1442,10.8717,312.5615,0.00,VEHICLE,0,0,
-813.6946,-1891.2690,10.9607,312.5674,0.00,VEHICLE,0,0,
-811.7026,-1889.4424,11.0599,312.5569,0.00,VEHICLE,0,0,
-810.0546,-1887.9326,11.1455,312.7629,0.00,VEHICLE,0,0,
-808.5291,-1886.5392,11.2175,312.6492,0.00,VEHICLE,0,0,
-808.5291,-1886.5392,11.2175,312.6492,0.00,VEHICLE,0,0,
