route,duong2.csv,-1573.3514,81.9447,3.5363,163.0862,0.00,VEHICLE,0,0,
-1573.3514,81.9447,3.5363,163.0862,0.00,VEHICLE,0,0,
-1574.5166,80.3166,3.5487,151.2351,0.00,VEHICLE,0,0,
-1576.0956,79.0608,3.5483,136.8433,0.00,VEHICLE,0,0,
-1578.1506,77.7060,3.5482,127.5965,0.00,VEHICLE,0,0,
-1579.9381,76.3782,3.5469,127.1882,0.00,VEHICLE,0,0,
-1581.9506,74.9395,3.5470,125.7455,0.00,VEHICLE,0,0,
-1583.5892,73.7696,3.5486,125.3938,0.00,VEHICLE,0,0,
-1585.5105,72.4068,3.5488,125.3575,0.00,VEHICLE,0,0,
-1587.5140,70.9912,3.5488,125.3580,0.00,VEHICLE,0,0,
-1589.7975,69.3761,3.5487,125.3578,0.00,VEHICLE,0,0,
-1592.0787,67.7579,3.5483,125.3556,0.00,VEHICLE,0,0,
-1593.7202,66.5917,3.5477,125.3542,0.00,VEHICLE,0,0,
-1596.0085,64.9657,3.5461,125.3530,0.00,VEHICLE,0,0,
-1597.7389,63.7373,3.5465,125.3532,0.00,VEHICLE,0,0,
-1599.4181,62.5459,3.5478,125.3542,0.00,VEHICLE,0,0,
-1601.3085,61.2032,3.5541,125.3512,0.00,VEHICLE,0,0,
-1602.9863,60.0081,3.5545,125.3491,0.00,VEHICLE,0,0,
-1604.6942,58.7917,3.5566,125.3466,0.00,VEHICLE,0,0,
-1606.4249,57.5620,3.5491,125.3479,0.00,VEHICLE,0,0,
-1608.2507,56.2722,3.5444,125.3544,0.00,VEHICLE,0,0,
-1609.9783,55.0600,3.5528,125.3708,0.00,VEHICLE,0,0,
-1612.4694,53.3050,3.5547,125.3690,0.00,VEHICLE,0,0,
-1614.1813,52.0944,3.5532,125.3613,0.00,VEHICLE,0,0,
-1615.9509,50.7123,3.5480,127.0183,0.00,VEHICLE,0,0,
-1617.7872,49.2258,3.5470,128.6311,0.00,VEHICLE,0,0,
-1619.5267,47.8030,3.5467,129.0105,0.00,VEHICLE,0,0,
-1621.3293,46.3271,3.5477,129.0829,0.00,VEHICLE,0,0,
-1623.0840,44.8945,3.5482,129.0983,0.00,VEHICLE,0,0,
-1625.0565,43.2837,3.5478,129.1678,0.00,VEHICLE,0,0,
-1626.8116,41.7386,3.5465,130.7764,0.00,VEHICLE,0,0,
-1628.6003,40.1434,3.5453,131.8013,0.00,VEHICLE,0,0,
-1630.3257,38.5876,3.5450,132.0447,0.00,VEHICLE,0,0,
-1632.1163,36.9652,3.5461,132.0846,0.00,VEHICLE,0,0,
-1633.8463,35.3961,3.5476,132.0889,0.00,VEHICLE,0,0,
-1635.9142,33.5753,3.5489,131.4427,0.00,VEHICLE,0,0,
-1637.8834,31.8793,3.5484,130.7296,0.00,VEHICLE,0,0,
-1639.9551,30.1078,3.5482,130.5611,0.00,VEHICLE,0,0,
-1641.9369,28.4189,3.5487,130.5344,0.00,VEHICLE,0,0,
-1643.9308,26.7207,3.5484,130.5310,0.00,VEHICLE,0,0,
-1646.1470,24.8311,3.5472,130.5298,0.00,VEHICLE,0,0,
-1648.4982,22.9727,3.5476,128.6845,0.00,VEHICLE,0,0,
-1650.8446,21.1869,3.5471,127.1066,0.00,VEHICLE,0,0,
-1653.1772,19.4447,3.5457,126.7262,0.00,VEHICLE,0,0,
-1655.5260,17.7028,3.5450,126.6676,0.00,VEHICLE,0,0,
-1658.1643,15.7402,3.5449,126.7474,0.00,VEHICLE,0,0,
-1660.3540,14.0924,3.5450,127.0153,0.00,VEHICLE,0,0,
-1662.7283,12.2971,3.5450,127.0899,0.00,VEHICLE,0,0,
-1665.0488,10.5372,3.5450,127.0978,0.00,VEHICLE,0,0,
-1667.0955,8.8144,3.5461,129.1437,0.00,VEHICLE,0,0,
-1669.6854,6.4656,3.5456,132.5108,0.00,VEHICLE,0,0,
-1671.2996,4.9554,3.5450,133.0795,0.00,VEHICLE,0,0,
-1673.8107,2.5777,3.5452,133.2402,0.00,VEHICLE,0,0,
-1675.4515,1.0234,3.5456,133.2496,0.00,VEHICLE,0,0,
-1678.1100,-1.4831,3.5475,133.2576,0.00,VEHICLE,0,0,
-1680.8201,-4.0261,3.5466,133.2691,0.00,VEHICLE,0,0,
-1682.2866,-5.4007,3.5470,133.2730,0.00,VEHICLE,0,0,
-1685.0400,-7.8321,3.5471,131.5702,0.00,VEHICLE,0,0,
-1687.6718,-10.0816,3.5457,130.2928,0.00,VEHICLE,0,0,
-1690.1139,-12.1363,3.5454,130.0810,0.00,VEHICLE,0,0,
-1692.7588,-14.3373,3.5679,130.0866,0.00,VEHICLE,0,0,
-1695.2627,-16.4164,3.5609,130.4757,0.00,VEHICLE,0,0,
-1697.2750,-18.1511,3.5449,130.8302,0.00,VEHICLE,0,0,
-1700.0670,-20.5344,3.5806,130.6515,0.00,VEHICLE,0,0,
-1702.8770,-22.8284,3.5877,129.3635,0.00,VEHICLE,0,0,
-1705.5463,-24.9914,3.5490,129.0833,0.00,VEHICLE,0,0,
-1707.4879,-26.5877,3.5350,129.0417,0.00,VEHICLE,0,0,
-1710.4781,-28.9300,3.5651,127.6166,0.00,VEHICLE,0,0,
-1713.6292,-30.8587,3.5568,121.0965,0.00,VEHICLE,0,0,
-1716.9199,-32.2395,3.5384,112.1340,0.00,VEHICLE,0,0,
-1719.2247,-32.7623,3.5738,104.4731,0.00,VEHICLE,0,0,
-1722.1111,-33.0962,3.5504,95.1453,0.00,VEHICLE,0,0,
-1724.9308,-33.2149,3.5651,91.2721,0.00,VEHICLE,0,0,
-1727.0676,-33.1975,3.5606,90.4770,0.00,VEHICLE,0,0,
-1729.7848,-33.0802,3.5700,88.3791,0.00,VEHICLE,0,0,
-1732.3961,-32.9849,3.5400,87.6468,0.00,VEHICLE,0,0,
-1734.9968,-32.8893,3.5436,87.5330,0.00,VEHICLE,0,0,
-1737.9221,-32.6491,3.5469,85.5566,0.00,VEHICLE,0,0,
-1740.5477,-32.0978,3.5467,79.3939,0.00,VEHICLE,0,0,
-1743.1302,-31.1377,3.5542,71.2011,0.00,VEHICLE,0,0,
-1745.7841,-29.6365,3.5566,60.7312,0.00,VEHICLE,0,0,
-1747.6788,-28.0012,3.5363,50.4535,0.00,VEHICLE,0,0,
-1749.1566,-26.0990,3.5406,39.6674,0.00,VEHICLE,0,0,
-1750.3046,-23.7796,3.5426,27.2526,0.00,VEHICLE,0,0,
-1751.0229,-21.2960,3.5423,15.9260,0.00,VEHICLE,0,0,
-1751.5789,-18.8099,3.5456,11.3056,0.00,VEHICLE,0,0,
-1752.1864,-15.3004,3.5474,10.3312,0.00,VEHICLE,0,0,
-1752.5852,-12.1855,3.5473,7.8939,0.00,VEHICLE,0,0,
-1752.6246,-9.3730,3.5464,1.5457,0.00,VEHICLE,0,0,
-1752.4786,-6.6227,3.5455,356.8273,0.00,VEHICLE,0,0,
-1752.2413,-3.5114,3.5465,355.6198,0.00,VEHICLE,0,0,
-1751.9718,-0.4423,3.5474,355.4999,0.00,VEHICLE,0,0,
-1751.7893,3.3068,3.5474,357.7118,0.00,VEHICLE,0,0,
-1751.7393,5.8592,3.5466,359.1240,0.00,VEHICLE,0,0,
-1751.7207,9.5147,3.5467,359.5299,0.00,VEHICLE,0,0,
-1751.7209,12.0193,3.5471,359.5525,0.00,VEHICLE,0,0,
-1751.7164,15.8465,3.5470,359.5540,0.00,VEHICLE,0,0,
-1751.6996,18.7076,3.5467,359.5656,0.00,VEHICLE,0,0,
-1751.6805,20.7816,3.5468,359.5778,0.00,VEHICLE,0,0,
-1751.6572,22.9189,3.5471,359.5903,0.00,VEHICLE,0,0,
-1751.6163,26.6297,3.5471,359.6010,0.00,VEHICLE,0,0,
-1751.5961,28.7455,3.5471,359.6008,0.00,VEHICLE,0,0,
-1751.5785,30.8881,3.5471,359.5970,0.00,VEHICLE,0,0,
-1751.5604,33.5961,3.5469,359.5911,0.00,VEHICLE,0,0,
-1751.5454,36.3687,3.5461,359.5852,0.00,VEHICLE,0,0,
-1751.5391,38.6005,3.5451,359.6418,0.00,VEHICLE,0,0,
-1751.6049,42.2637,3.5448,0.8670,0.00,VEHICLE,0,0,
-1751.6609,45.0076,3.5451,1.2138,0.00,VEHICLE,0,0,
-1751.7438,48.6783,3.5453,1.3075,0.00,VEHICLE,0,0,
-1751.8052,51.3385,3.5452,1.3156,0.00,VEHICLE,0,0,
-1751.8812,54.6373,3.5459,1.3173,0.00,VEHICLE,0,0,
-1751.9491,57.5869,3.5469,1.3177,0.00,VEHICLE,0,0,
-1752.0227,60.7941,3.5473,1.3180,0.00,VEHICLE,0,0,
-1752.0969,64.0222,3.5472,1.3181,0.00,VEHICLE,0,0,
-1752.1681,67.1176,3.5471,1.3182,0.00,VEHICLE,0,0,
-1752.2246,70.5054,3.5471,0.9807,0.00,VEHICLE,0,0,
-1752.2616,73.8224,3.5464,0.5997,0.00,VEHICLE,0,0,
-1752.2893,76.8553,3.5454,0.5200,0.00,VEHICLE,0,0,
-1752.3134,79.7594,3.5450,0.5065,0.00,VEHICLE,0,0,
-1752.3389,82.8701,3.5450,0.5050,0.00,VEHICLE,0,0,
-1752.3663,86.1423,3.5460,0.5047,0.00,VEHICLE,0,0,
-1752.3933,89.2415,3.5470,0.5039,0.00,VEHICLE,0,0,
-1752.4253,92.8207,3.5473,0.5028,0.00,VEHICLE,0,0,
-1752.4553,96.1707,3.5472,0.5021,0.00,VEHICLE,0,0,
-1752.4860,99.6154,3.5471,0.5020,0.00,VEHICLE,0,0,
-1752.5165,103.0904,3.5471,0.5024,0.00,VEHICLE,0,0,
-1752.5465,106.5339,3.5471,0.5029,0.00,VEHICLE,0,0,
-1752.5760,109.9304,3.5471,0.5032,0.00,VEHICLE,0,0,
-1752.6066,113.4245,3.5470,0.5033,0.00,VEHICLE,0,0,
-1752.6377,116.9868,3.5461,0.5032,0.00,VEHICLE,0,0,
-1752.6687,120.5032,3.5451,0.5030,0.00,VEHICLE,0,0,
-1752.6989,123.9187,3.5448,0.5029,0.00,VEHICLE,0,0,
-1752.7166,125.9197,3.5449,0.5028,0.00,VEHICLE,0,0,
-1752.7474,129.4352,3.5450,0.5028,0.00,VEHICLE,0,0,
-1752.7780,132.9016,3.5450,0.5028,0.00,VEHICLE,0,0,
-1752.8068,136.1915,3.5450,0.5029,0.00,VEHICLE,0,0,
-1752.8357,139.5045,3.5450,0.5030,0.00,VEHICLE,0,0,
-1752.8629,142.6126,3.5450,0.5030,0.00,VEHICLE,0,0,
-1752.8917,145.8729,3.5450,0.5030,0.00,VEHICLE,0,0,
-1752.9525,149.2312,3.5450,0.9504,0.00,VEHICLE,0,0,
-1753.3712,152.0928,3.5451,2.2520,0.00,VEHICLE,0,0,
-1754.3602,154.5603,3.5461,4.6456,0.00,VEHICLE,0,0,
-1754.5797,156.9847,3.5532,3.1603,0.00,VEHICLE,0,0,
-1754.5995,159.5081,3.5456,2.3869,0.00,VEHICLE,0,0,
-1754.6075,161.8352,3.5426,2.3312,0.00,VEHICLE,0,0,
-1754.6074,164.1622,3.5448,2.1953,0.00,VEHICLE,0,0,
-1754.6078,166.5689,3.5431,2.2354,0.00,VEHICLE,0,0,
-1754.6110,168.7152,3.5441,2.3767,0.00,VEHICLE,0,0,
-1754.6073,171.0689,3.5454,2.3858,0.00,VEHICLE,0,0,
-1754.6406,173.2858,3.5457,2.4726,0.00,VEHICLE,0,0,
-1754.7445,175.6393,3.5463,3.3109,0.00,VEHICLE,0,0,
-1754.9427,178.3255,3.5470,3.5420,0.00,VEHICLE,0,0,
-1755.2833,180.8898,3.5883,5.9456,0.00,VEHICLE,0,0,
-1755.6938,183.2736,3.6160,9.6815,0.00,VEHICLE,0,0,
-1756.1643,185.9345,3.6270,11.6364,0.00,VEHICLE,0,0,
-1756.6843,188.5645,3.6069,11.7347,0.00,VEHICLE,0,0,
-1757.2349,191.1673,3.5778,11.6319,0.00,VEHICLE,0,0,
-1757.8752,194.1455,3.5725,11.3283,0.00,VEHICLE,0,0,
-1758.2920,197.1977,3.5800,7.3731,0.00,VEHICLE,0,0,
-1758.5634,200.1366,3.5863,4.5756,0.00,VEHICLE,0,0,
-1758.7709,203.2806,3.5905,3.7834,0.00,VEHICLE,0,0,
-1758.9371,206.4526,3.5949,3.7027,0.00,VEHICLE,0,0,
-1759.1118,209.7582,3.5989,3.6976,0.00,VEHICLE,0,0,
-1759.3110,212.9684,3.9744,3.2920,0.00,VEHICLE,0,0,
-1759.2788,216.2288,4.5656,359.3372,0.00,VEHICLE,0,0,
-1758.9637,219.2523,5.2010,353.6585,0.00,VEHICLE,0,0,
-1758.4395,222.2567,5.7056,348.4693,0.00,VEHICLE,0,0,
-1757.8374,225.0360,6.0927,346.1459,0.00,VEHICLE,0,0,
-1757.0938,227.8695,6.2824,345.3582,0.00,VEHICLE,0,0,
-1756.0778,231.0323,6.2843,343.0997,0.00,VEHICLE,0,0,
-1755.0498,234.0175,6.3288,341.7098,0.00,VEHICLE,0,0,
-1754.0006,237.0552,6.4245,341.4693,0.00,VEHICLE,0,0,
-1752.9688,240.1204,6.5031,341.4150,0.00,VEHICLE,0,0,
-1751.8832,243.4108,6.5842,341.3813,0.00,VEHICLE,0,0,
-1750.8322,246.5978,6.6648,341.3701,0.00,VEHICLE,0,0,
-1749.7140,249.9444,6.7483,341.3804,0.00,VEHICLE,0,0,
-1748.6547,253.0766,6.8241,341.3961,0.00,VEHICLE,0,0,
-1747.5707,256.2647,6.9013,341.4083,0.00,VEHICLE,0,0,
-1746.4757,259.4927,6.9801,341.4119,0.00,VEHICLE,0,0,
-1745.4078,262.6611,7.0571,341.4086,0.00,VEHICLE,0,0,
-1744.2972,265.9731,7.1375,341.4031,0.00,VEHICLE,0,0,
-1743.4006,268.6512,7.1835,341.3983,0.00,VEHICLE,0,0,
-1742.4749,271.4112,7.1981,341.3938,0.00,VEHICLE,0,0,
-1741.7958,273.4303,7.1871,341.3947,0.00,VEHICLE,0,0,
-1741.0536,275.6323,7.1772,341.3971,0.00,VEHICLE,0,0,
-1740.4058,277.5517,7.1756,341.3992,0.00,VEHICLE,0,0,
-1739.7036,279.6308,7.1770,341.4013,0.00,VEHICLE,0,0,
-1738.4338,283.5471,7.1781,342.0827,0.00,VEHICLE,0,0,
-1737.7610,286.5282,7.1775,346.6445,0.00,VEHICLE,0,0,
-1737.4192,290.5791,7.1750,356.3955,0.00,VEHICLE,0,0,
-1737.7694,294.2030,7.1727,7.4611,0.00,VEHICLE,0,0,
-1738.3745,296.7608,7.1700,14.3017,0.00,VEHICLE,0,0,
-1739.0753,299.1425,7.1725,17.4586,0.00,VEHICLE,0,0,
-1740.0251,301.8888,7.1607,18.5594,0.00,VEHICLE,0,0,
-1741.1323,305.0304,7.0842,18.8480,0.00,VEHICLE,0,0,
-1742.2863,308.3987,6.9991,18.8977,0.00,VEHICLE,0,0,
-1743.3336,311.1771,7.0193,20.6232,0.00,VEHICLE,0,0,
-1745.1317,314.7042,7.0245,28.1403,0.00,VEHICLE,0,0,
-1747.0881,317.4423,7.0173,36.7367,0.00,VEHICLE,0,0,
-1749.3621,319.6765,7.0422,45.7561,0.00,VEHICLE,0,0,
-1751.8147,321.6109,7.0788,52.0152,0.00,VEHICLE,0,0,
-1754.4440,323.4650,7.0704,54.2783,0.00,VEHICLE,0,0,
-1757.1067,325.3167,7.1171,54.6309,0.00,VEHICLE,0,0,
-1759.5537,327.0771,7.3596,54.6685,0.00,VEHICLE,0,0,
-1762.1940,329.0918,7.7642,53.7659,0.00,VEHICLE,0,0,
-1764.5565,331.0771,8.1917,50.9542,0.00,VEHICLE,0,0,
-1766.8250,332.9805,8.6747,50.1459,0.00,VEHICLE,0,0,
-1769.1229,334.8948,9.2215,50.0143,0.00,VEHICLE,0,0,
-1771.3180,336.7114,9.8483,50.0618,0.00,VEHICLE,0,0,
-1773.1731,338.2451,10.4644,50.0747,0.00,VEHICLE,0,0,
-1775.2899,340.0015,11.2082,50.1266,0.00,VEHICLE,0,0,
-1777.3329,341.7015,12.0500,50.2818,0.00,VEHICLE,0,0,
-1779.2791,343.3217,12.9608,50.3042,0.00,VEHICLE,0,0,
-1781.2125,344.9333,13.8229,50.2860,0.00,VEHICLE,0,0,
-1783.1429,346.5432,14.6033,50.2275,0.00,VEHICLE,0,0,
-1785.2074,348.2759,15.3569,50.1148,0.00,VEHICLE,0,0,
-1787.4165,350.2449,16.0142,48.4579,0.00,VEHICLE,0,0,
-1789.4893,352.1758,16.4458,46.9119,0.00,VEHICLE,0,0,
-1791.4674,354.0487,16.6944,46.4544,0.00,VEHICLE,0,0,
-1793.3962,355.8960,16.8512,46.2028,0.00,VEHICLE,0,0,
-1795.3823,357.8303,16.9905,46.0746,0.00,VEHICLE,0,0,
-1797.3861,359.7783,17.0598,46.0473,0.00,VEHICLE,0,0,
-1799.5565,361.8699,17.0346,46.0302,0.00,VEHICLE,0,0,
-1801.7544,363.9827,17.0175,46.0271,0.00,VEHICLE,0,0,
-1803.9181,366.0626,17.0170,46.0259,0.00,VEHICLE,0,0,
-1806.0964,368.1632,17.0116,46.0245,0.00,VEHICLE,0,0,
-1808.4425,370.4341,17.0074,46.0249,0.00,VEHICLE,0,0,
-1810.8397,372.7580,17.0079,46.0295,0.00,VEHICLE,0,0,
-1812.9888,374.8377,17.0081,46.0298,0.00,VEHICLE,0,0,
-1815.3549,377.1214,17.0079,46.0261,0.00,VEHICLE,0,0,
-1817.5596,379.2454,17.0080,46.0224,0.00,VEHICLE,0,0,
-1819.9924,381.5881,17.0079,46.0197,0.00,VEHICLE,0,0,
-1822.4144,383.9166,17.0185,46.0235,0.00,VEHICLE,0,0,
-1824.8689,386.2711,17.0270,46.0275,0.00,VEHICLE,0,0,
-1827.1771,388.7063,17.0266,43.6741,0.00,VEHICLE,0,0,
-1829.3878,391.4840,17.0197,38.2766,0.00,VEHICLE,0,0,
-1831.2932,394.5592,17.0074,31.2362,0.00,VEHICLE,0,0,
-1832.7244,397.6048,17.0004,24.0468,0.00,VEHICLE,0,0,
-1833.9148,400.6328,17.0034,20.3946,0.00,VEHICLE,0,0,
-1835.0336,403.9023,17.0064,19.3700,0.00,VEHICLE,0,0,
-1835.9006,407.2475,17.0275,15.1162,0.00,VEHICLE,0,0,
-1836.1879,410.6248,17.0963,4.7485,0.00,VEHICLE,0,0,
-1835.9794,413.7139,17.1573,355.3632,0.00,VEHICLE,0,0,
-1835.5916,416.9011,17.1639,350.6487,0.00,VEHICLE,0,0,
-1835.0524,419.8023,17.1616,348.8625,0.00,VEHICLE,0,0,
-1834.4049,422.8114,17.1637,348.5392,0.00,VEHICLE,0,0,
-1833.7339,425.9738,17.1629,348.5115,0.00,VEHICLE,0,0,
-1833.1238,428.9992,17.2093,348.5303,0.00,VEHICLE,0,0,
-1832.5197,432.1196,17.3330,348.5666,0.00,VEHICLE,0,0,
-1831.9161,435.3146,17.4839,348.5200,0.00,VEHICLE,0,0,
-1831.3335,438.3749,17.5843,348.5752,0.00,VEHICLE,0,0,
-1830.6951,441.6362,17.6928,348.5919,0.00,VEHICLE,0,0,
-1830.0431,444.7851,17.9022,348.6648,0.00,VEHICLE,0,0,
-1829.3862,447.9116,18.1693,348.7130,0.00,VEHICLE,0,0,
-1828.7335,451.0494,18.4522,348.7299,0.00,VEHICLE,0,0,
-1828.1050,454.1470,18.7297,348.7312,0.00,VEHICLE,0,0,
-1827.4760,457.3647,19.0524,348.7749,0.00,VEHICLE,0,0,
-1826.8558,460.6873,19.5652,349.0890,0.00,VEHICLE,0,0,
-1826.2987,463.7008,20.1562,349.0822,0.00,VEHICLE,0,0,
-1825.7009,466.8271,20.7350,349.0519,0.00,VEHICLE,0,0,
-1825.0782,469.9928,21.3824,349.1656,0.00,VEHICLE,0,0,
-1824.4620,473.1276,22.1115,349.2517,0.00,VEHICLE,0,0,
-1823.8455,476.3102,22.8941,349.2452,0.00,VEHICLE,0,0,
-1823.2609,479.2572,23.6314,349.2666,0.00,VEHICLE,0,0,
-1822.6831,482.0267,24.3720,349.2150,0.00,VEHICLE,0,0,
-1822.1002,484.7767,25.1217,349.1685,0.00,VEHICLE,0,0,
-1821.5322,487.6455,25.8161,349.3909,0.00,VEHICLE,0,0,
-1821.1248,490.5756,26.4389,351.6210,0.00,VEHICLE,0,0,
-1820.9639,493.6540,26.9980,356.2998,0.00,VEHICLE,0,0,
-1821.1042,496.3244,27.5020,1.8365,0.00,VEHICLE,0,0,
-1821.5391,498.7610,27.9317,8.8162,0.00,VEHICLE,0,0,
-1822.2572,501.0829,28.3622,16.0381,0.00,VEHICLE,0,0,
-1823.3381,503.2857,28.8258,25.4366,0.00,VEHICLE,0,0,
-1824.6654,505.2816,29.3162,33.9469,0.00,VEHICLE,0,0,
-1825.9972,507.1040,29.8110,36.3347,0.00,VEHICLE,0,0,
-1827.4871,509.0588,30.3037,36.6548,0.00,VEHICLE,0,0,
-1829.3657,511.5549,30.9076,36.7016,0.00,VEHICLE,0,0,
-1830.7545,513.4390,31.3381,36.7152,0.00,VEHICLE,0,0,
-1832.3499,515.5909,31.8049,36.9786,0.00,VEHICLE,0,0,
-1834.5513,517.9867,32.3421,42.5521,0.00,VEHICLE,0,0,
-1836.2687,519.5559,32.6126,46.5443,0.00,VEHICLE,0,0,
-1838.1089,521.2003,32.8430,47.9887,0.00,VEHICLE,0,0,
-1839.8896,522.7473,33.0183,48.3520,0.00,VEHICLE,0,0,
-1841.9656,524.5609,33.2556,48.4007,0.00,VEHICLE,0,0,
-1843.8674,526.2032,33.4731,48.9147,0.00,VEHICLE,0,0,
-1846.4222,528.1359,33.6717,53.0145,0.00,VEHICLE,0,0,
-1848.3781,529.5641,33.7827,54.1248,0.00,VEHICLE,0,0,
-1850.2535,530.9083,33.8707,54.3172,0.00,VEHICLE,0,0,
-1852.2677,532.3389,33.9740,54.3426,0.00,VEHICLE,0,0,
-1854.1877,533.7007,34.0754,54.3427,0.00,VEHICLE,0,0,
-1856.3234,535.2916,34.1390,53.4402,0.00,VEHICLE,0,0,
-1858.2340,536.9158,34.1684,50.3710,0.00,VEHICLE,0,0,
-1860.2090,538.6835,34.1659,48.1745,0.00,VEHICLE,0,0,
-1862.3566,540.6586,34.1734,47.6304,0.00,VEHICLE,0,0,
-1864.2915,542.4502,34.1871,47.5589,0.00,VEHICLE,0,0,
-1866.4240,544.4202,34.2131,47.5450,0.00,VEHICLE,0,0,
-1868.5422,546.3657,34.2474,47.5370,0.00,VEHICLE,0,0,
-1870.6768,548.3158,34.2825,47.5282,0.00,VEHICLE,0,0,
-1872.9001,550.3412,34.3172,47.5206,0.00,VEHICLE,0,0,
-1875.1176,552.3618,34.3497,47.5173,0.00,VEHICLE,0,0,
-1877.5776,554.6491,34.3842,47.0845,0.00,VEHICLE,0,0,
-1880.0234,557.2792,34.4186,43.0171,0.00,VEHICLE,0,0,
-1881.9519,559.7556,34.4564,37.9435,0.00,VEHICLE,0,0,
-1883.8911,562.3917,34.5771,35.8846,0.00,VEHICLE,0,0,
-1885.8246,565.2112,34.7824,34.8206,0.00,VEHICLE,0,0,
-1887.5522,568.2107,34.9486,30.4308,0.00,VEHICLE,0,0,
-1888.9604,571.0828,34.9727,26.2239,0.00,VEHICLE,0,0,
-1890.2917,573.9691,34.9117,23.8638,0.00,VEHICLE,0,0,
-1891.6472,577.1378,34.8610,23.0278,0.00,VEHICLE,0,0,
-1892.9150,580.6472,34.8545,20.1272,0.00,VEHICLE,0,0,
-1893.7498,584.0850,34.8909,13.6231,0.00,VEHICLE,0,0,
-1894.2549,587.3319,34.9347,8.4868,0.00,VEHICLE,0,0,
-1894.6616,590.6054,34.9711,6.6047,0.00,VEHICLE,0,0,
-1894.9996,593.8624,34.9998,6.2484,0.00,VEHICLE,0,0,
-1895.3438,597.2529,35.0121,6.2077,0.00,VEHICLE,0,0,
-1895.6967,600.6517,35.0101,6.2004,0.00,VEHICLE,0,0,
-1896.0793,604.2080,35.0079,6.1884,0.00,VEHICLE,0,0,
-1896.4714,607.7575,35.0077,6.1752,0.00,VEHICLE,0,0,
-1896.7808,611.7394,35.0080,4.1906,0.00,VEHICLE,0,0,
-1896.8342,615.1001,35.0074,0.6513,0.00,VEHICLE,0,0,
-1896.8060,618.5156,35.0068,359.2540,0.00,VEHICLE,0,0,
-1896.7308,622.0837,35.0071,358.9638,0.00,VEHICLE,0,0,
-1896.6422,625.6604,35.0078,358.9283,0.00,VEHICLE,0,0,
-1896.5564,629.2296,35.0080,358.9257,0.00,VEHICLE,0,0,
-1896.4811,632.7502,35.0079,358.9205,0.00,VEHICLE,0,0,
-1896.4143,636.3314,35.0402,358.9089,0.00,VEHICLE,0,0,
-1896.3506,639.9472,35.3793,358.8716,0.00,VEHICLE,0,0,
-1896.2787,643.8046,36.1050,358.8726,0.00,VEHICLE,0,0,
-1896.2051,647.6949,36.8823,358.8770,0.00,VEHICLE,0,0,
-1896.1345,651.3425,37.5461,358.8772,0.00,VEHICLE,0,0,
-1896.0652,654.8569,38.1766,358.8776,0.00,VEHICLE,0,0,
-1895.9960,658.2974,38.7972,358.8779,0.00,VEHICLE,0,0,
-1895.9272,661.7163,39.4149,358.8773,0.00,VEHICLE,0,0,
-1895.8597,665.1226,40.0303,358.8756,0.00,VEHICLE,0,0,
-1895.7915,668.5934,40.6574,358.8733,0.00,VEHICLE,0,0,
-1895.7238,672.0562,41.2830,358.8710,0.00,VEHICLE,0,0,
-1895.6538,675.6323,41.9290,358.8691,0.00,VEHICLE,0,0,
-1895.5914,678.8019,42.5011,358.8680,0.00,VEHICLE,0,0,
-1895.5271,682.0505,43.0873,358.8671,0.00,VEHICLE,0,0,
-1895.4639,685.2375,43.6623,358.8662,0.00,VEHICLE,0,0,
-1895.4004,688.4319,44.2387,358.8651,0.00,VEHICLE,0,0,
-1895.3374,691.5978,44.8100,358.8639,0.00,VEHICLE,0,0,
-1895.2744,694.7941,45.2753,358.8700,0.00,VEHICLE,0,0,
-1895.2112,697.9953,45.4790,358.8765,0.00,VEHICLE,0,0,
-1895.1492,701.1599,45.3813,358.8853,0.00,VEHICLE,0,0,
-1895.0864,704.4393,45.2542,358.8999,0.00,VEHICLE,0,0,
-1895.0264,707.6624,45.2661,358.9016,0.00,VEHICLE,0,0,
-1894.9692,710.7126,45.2868,358.9017,0.00,VEHICLE,0,0,
-1894.9100,713.8289,45.2905,358.9020,0.00,VEHICLE,0,0,
-1894.8466,717.1429,45.2900,358.9031,0.00,VEHICLE,0,0,
-1894.7834,720.4163,45.2903,358.9037,0.00,VEHICLE,0,0,
-1894.7216,723.6184,45.2898,358.9041,0.00,VEHICLE,0,0,
-1894.6617,726.7237,45.2900,358.9041,0.00,VEHICLE,0,0,
-1894.6007,729.9080,45.2902,358.9038,0.00,VEHICLE,0,0,
-1894.5370,733.2446,45.2898,358.9034,0.00,VEHICLE,0,0,
-1894.5157,735.2865,45.2901,359.1526,0.00,VEHICLE,0,0,
-1894.4957,738.6761,45.2904,359.6890,0.00,VEHICLE,0,0,
-1894.4843,742.2662,45.2898,359.8432,0.00,VEHICLE,0,0,
-1894.4773,746.0064,45.2901,359.8690,0.00,VEHICLE,0,0,
-1894.4719,749.5776,45.2902,359.8720,0.00,VEHICLE,0,0,
-1894.4526,753.3484,45.2894,359.6907,0.00,VEHICLE,0,0,
-1894.2947,757.1279,45.2879,357.5237,0.00,VEHICLE,0,0,
-1894.0854,760.7382,45.1704,356.4596,0.00,VEHICLE,0,0,
-1893.8381,764.3597,44.7326,356.0541,0.00,VEHICLE,0,0,
-1893.5776,768.0338,43.9260,355.6544,0.00,VEHICLE,0,0,
-1893.2823,771.7764,43.1316,355.2587,0.00,VEHICLE,0,0,
-1893.1254,773.8214,42.7707,355.4229,0.00,VEHICLE,0,0,
-1893.0175,775.8230,42.4261,356.3103,0.00,VEHICLE,0,0,
-1892.8552,779.6755,41.7455,357.8359,0.00,VEHICLE,0,0,
-1892.7426,783.2197,41.1053,358.2080,0.00,VEHICLE,0,0,
-1892.6345,787.0397,40.4139,358.2729,0.00,VEHICLE,0,0,
-1892.5793,789.0338,40.0535,358.2785,0.00,VEHICLE,0,0,
-1892.5275,791.0703,39.6980,358.2649,0.00,VEHICLE,0,0,
-1892.4810,793.0837,39.3536,358.2432,0.00,VEHICLE,0,0,
-1892.4431,795.1896,38.9988,358.2518,0.00,VEHICLE,0,0,
-1892.4437,797.3253,38.6275,358.8036,0.00,VEHICLE,0,0,
-1892.5002,799.4204,38.2515,0.2352,0.00,VEHICLE,0,0,
-1892.5630,801.4950,37.8739,1.2587,0.00,VEHICLE,0,0,
-1892.6342,803.5114,37.5061,1.7821,0.00,VEHICLE,0,0,
-1892.7069,805.5150,37.1295,2.0748,0.00,VEHICLE,0,0,
-1892.7747,807.5132,36.7507,2.2418,0.00,VEHICLE,0,0,
-1892.8374,809.6438,36.3439,2.3485,0.00,VEHICLE,0,0,
-1892.8945,811.8365,35.9276,2.4135,0.00,VEHICLE,0,0,
-1892.9557,814.2407,35.4891,2.4285,0.00,VEHICLE,0,0,
-1892.9902,816.8705,35.1046,1.8588,0.00,VEHICLE,0,0,
-1892.9757,819.0409,34.9409,0.4934,0.00,VEHICLE,0,0,
-1892.9299,823.1530,34.9115,359.1024,0.00,VEHICLE,0,0,
-1892.8971,825.3405,34.9714,358.8777,0.00,VEHICLE,0,0,
-1892.8655,827.3516,35.0027,358.7928,0.00,VEHICLE,0,0,
-1892.8296,829.5505,35.0136,358.7519,0.00,VEHICLE,0,0,
-1892.7932,831.6330,35.0127,358.7343,0.00,VEHICLE,0,0,
-1892.7527,833.7512,35.0089,358.7277,0.00,VEHICLE,0,0,
-1892.7095,835.8240,35.0063,358.7276,0.00,VEHICLE,0,0,
-1892.6571,838.1469,35.0053,358.7318,0.00,VEHICLE,0,0,
-1892.6052,840.3107,35.0054,358.7375,0.00,VEHICLE,0,0,
-1892.5520,842.4666,35.0058,358.7435,0.00,VEHICLE,0,0,
-1892.4607,846.1523,35.0044,358.7509,0.00,VEHICLE,0,0,
-1892.3744,849.8248,35.0032,358.7560,0.00,VEHICLE,0,0,
-1892.2961,853.4394,35.0024,358.7568,0.00,VEHICLE,0,0,
-1892.2324,856.5796,35.0004,358.7530,0.00,VEHICLE,0,0,
-1892.1753,859.4348,34.9998,358.7472,0.00,VEHICLE,0,0,
-1892.1390,861.8065,35.0251,358.6772,0.00,VEHICLE,0,0,
-1892.1189,864.1277,35.0601,358.5640,0.00,VEHICLE,0,0,
-1892.1080,866.9449,35.0766,358.4685,0.00,VEHICLE,0,0,
-1892.0524,869.8193,35.0736,358.4788,0.00,VEHICLE,0,0,
-1891.9828,871.8405,35.0760,358.4801,0.00,VEHICLE,0,0,
-1891.9059,873.8846,35.0794,358.5314,0.00,VEHICLE,0,0,
-1891.9901,876.1497,35.0847,1.1646,0.00,VEHICLE,0,0,
-1892.3657,878.2262,35.0845,7.5715,0.00,VEHICLE,0,0,
-1893.4651,880.9660,35.0366,20.6667,0.00,VEHICLE,0,0,
-1895.1233,882.9974,34.9978,37.0717,0.00,VEHICLE,0,0,
-1897.1052,884.2233,35.0006,53.9848,0.00,VEHICLE,0,0,
-1899.2427,884.7805,35.0024,70.1533,0.00,VEHICLE,0,0,
-1901.4347,884.7142,35.0042,85.1495,0.00,VEHICLE,0,0,
-1903.5024,884.1214,35.0043,99.4268,0.00,VEHICLE,0,0,
-1905.3142,883.0928,35.0103,113.2402,0.00,VEHICLE,0,0,
-1907.0729,881.3177,35.0852,129.8977,0.00,VEHICLE,0,0,
-1908.2488,879.1677,35.1236,145.9148,0.00,VEHICLE,0,0,
-1908.7684,876.8911,35.1593,161.2793,0.00,VEHICLE,0,0,
-1908.7408,874.5469,35.1629,175.9293,0.00,VEHICLE,0,0,
-1908.2462,872.5753,35.1640,188.1487,0.00,VEHICLE,0,0,
-1907.0249,870.3391,35.1372,203.3205,0.00,VEHICLE,0,0,
-1905.6588,868.6811,35.0779,214.2021,0.00,VEHICLE,0,0,
-1904.1790,866.8654,35.0316,217.7541,0.00,VEHICLE,0,0,
-1902.6793,864.9371,35.0042,217.8440,0.00,VEHICLE,0,0,
-1901.0698,862.7752,35.0071,217.9020,0.00,VEHICLE,0,0,
-1899.1415,860.7991,35.0048,223.8985,0.00,VEHICLE,0,0,
-1896.9966,859.3761,35.0037,234.4341,0.00,VEHICLE,0,0,
-1894.7026,858.1619,35.0062,241.5051,0.00,VEHICLE,0,0,
-1892.2074,856.9301,35.0085,242.7191,0.00,VEHICLE,0,0,
-1890.4171,856.0364,35.0083,242.8010,0.00,VEHICLE,0,0,
-1887.7677,854.6780,35.0080,242.8415,0.00,VEHICLE,0,0,
-1885.8297,853.7223,35.0060,243.5975,0.00,VEHICLE,0,0,
-1883.5963,852.8510,35.0031,247.7617,0.00,VEHICLE,0,0,
-1881.5543,852.2836,34.9992,252.9062,0.00,VEHICLE,0,0,
-1879.5311,851.7756,34.9982,255.8510,0.00,VEHICLE,0,0,
-1877.4253,851.2957,34.9992,256.7869,0.00,VEHICLE,0,0,
-1875.4335,850.8581,35.0001,256.9394,0.00,VEHICLE,0,0,
-1873.1510,850.3541,35.0007,256.9703,0.00,VEHICLE,0,0,
-1870.4673,849.7489,35.0007,256.9845,0.00,VEHICLE,0,0,
-1867.4928,849.0948,35.0012,257.4694,0.00,VEHICLE,0,0,
-1864.5723,848.6899,35.0086,261.6691,0.00,VEHICLE,0,0,
-1861.5315,848.3732,35.0221,264.5410,0.00,VEHICLE,0,0,
-1858.5701,848.1198,35.0367,265.1357,0.00,VEHICLE,0,0,
-1855.6227,847.8912,35.0497,265.2220,0.00,VEHICLE,0,0,
-1852.7345,847.6704,35.0621,265.2221,0.00,VEHICLE,0,0,
-1849.7516,847.4362,35.0494,265.2130,0.00,VEHICLE,0,0,
-1846.6793,847.1895,34.8216,265.2361,0.00,VEHICLE,0,0,
-1843.6156,846.9427,34.1597,265.2421,0.00,VEHICLE,0,0,
-1840.4014,846.6791,33.1463,265.2258,0.00,VEHICLE,0,0,
-1837.0941,846.3987,32.1455,265.2758,0.00,VEHICLE,0,0,
-1833.5961,846.0976,31.3101,265.2413,0.00,VEHICLE,0,0,
-1830.1123,845.8047,30.4398,265.2345,0.00,VEHICLE,0,0,
-1826.6157,845.5177,29.5442,265.2388,0.00,VEHICLE,0,0,
-1822.6263,845.1934,28.5278,265.2447,0.00,VEHICLE,0,0,
-1819.7971,844.9623,27.8083,265.2509,0.00,VEHICLE,0,0,
-1817.5311,844.7759,27.2319,265.2583,0.00,VEHICLE,0,0,
-1815.2231,844.5849,26.6447,265.2669,0.00,VEHICLE,0,0,
-1813.1429,844.4121,26.1153,265.2747,0.00,VEHICLE,0,0,
-1809.5648,844.1326,25.2238,265.5423,0.00,VEHICLE,0,0,
-1806.7562,844.0179,24.8409,267.2610,0.00,VEHICLE,0,0,
-1804.5907,843.9666,24.6449,268.7844,0.00,VEHICLE,0,0,
-1802.1761,843.9387,24.6044,269.6838,0.00,VEHICLE,0,0,
-1800.0175,843.9409,24.6606,270.0099,0.00,VEHICLE,0,0,
-1797.7227,843.9511,24.7127,270.1359,0.00,VEHICLE,0,0,
-1795.2163,843.9700,24.7348,270.1649,0.00,VEHICLE,0,0,
-1792.4615,843.9933,24.7318,270.1604,0.00,VEHICLE,0,0,
-1789.8383,844.0139,24.7261,270.1581,0.00,VEHICLE,0,0,
-1786.2295,844.0345,24.7257,270.1645,0.00,VEHICLE,0,0,
-1783.5309,844.0434,24.7267,270.1729,0.00,VEHICLE,0,0,
-1779.9141,844.0486,24.7261,270.1830,0.00,VEHICLE,0,0,
-1777.2692,844.0493,24.7251,270.1916,0.00,VEHICLE,0,0,
-1774.2104,844.0502,24.7245,270.1993,0.00,VEHICLE,0,0,
-1771.6355,844.0531,24.7249,270.2007,0.00,VEHICLE,0,0,
-1767.8606,844.0629,24.7265,270.1954,0.00,VEHICLE,0,0,
-1765.4879,844.0721,24.7269,270.1904,0.00,VEHICLE,0,0,
-1762.8131,844.0845,24.7267,270.1845,0.00,VEHICLE,0,0,
-1760.1880,844.0974,24.7262,270.1802,0.00,VEHICLE,0,0,
-1757.8585,844.1085,24.7255,270.1776,0.00,VEHICLE,0,0,
-1755.4941,844.1188,24.7249,270.1762,0.00,VEHICLE,0,0,
-1753.3896,844.1270,24.7245,270.1761,0.00,VEHICLE,0,0,
-1750.9999,844.1348,24.7245,270.1772,0.00,VEHICLE,0,0,
-1748.4856,844.1417,24.7246,270.1794,0.00,VEHICLE,0,0,
-1745.7942,844.1479,24.7249,270.1823,0.00,VEHICLE,0,0,
-1743.1650,844.1538,24.7250,270.1847,0.00,VEHICLE,0,0,
-1740.4601,844.1602,24.7250,270.1861,0.00,VEHICLE,0,0,
-1737.8271,844.1672,24.7254,270.1859,0.00,VEHICLE,0,0,
-1735.3997,844.1747,24.7262,270.1846,0.00,VEHICLE,0,0,
-1733.1432,844.1823,24.7268,270.1831,0.00,VEHICLE,0,0,
-1730.8184,844.1906,24.7269,270.1816,0.00,VEHICLE,0,0,
-1728.5544,844.1989,24.7269,270.1804,0.00,VEHICLE,0,0,
-1724.6571,844.2132,24.7266,270.1792,0.00,VEHICLE,0,0,
-1722.2957,844.2214,24.7266,270.1792,0.00,VEHICLE,0,0,
-1719.5116,844.2305,24.7266,270.1799,0.00,VEHICLE,0,0,
-1716.6270,844.2394,24.7266,270.1810,0.00,VEHICLE,0,0,
-1713.7893,844.2477,24.7265,270.1820,0.00,VEHICLE,0,0,
-1711.1375,844.2554,24.7257,270.1828,0.00,VEHICLE,0,0,
-1708.3431,844.2635,24.7248,270.1833,0.00,VEHICLE,0,0,
-1705.2660,844.2728,24.7245,270.1835,0.00,VEHICLE,0,0,
-1702.2649,844.2823,24.7248,270.1831,0.00,VEHICLE,0,0,
-1699.2449,844.2922,24.7251,270.1825,0.00,VEHICLE,0,0,
-1696.3191,844.3021,24.7251,270.1819,0.00,VEHICLE,0,0,
-1692.2214,844.3158,24.7250,270.1813,0.00,VEHICLE,0,0,
-1688.2305,844.3287,24.7249,270.1813,0.00,VEHICLE,0,0,
-1685.8629,844.3362,24.7242,270.1811,0.00,VEHICLE,0,0,
-1683.6875,844.3430,24.7202,270.1810,0.00,VEHICLE,0,0,
-1680.8214,844.3517,24.7141,270.1880,0.00,VEHICLE,0,0,
-1678.0841,844.3602,24.7146,270.1996,0.00,VEHICLE,0,0,
-1675.6783,844.3680,24.7164,270.2104,0.00,VEHICLE,0,0,
-1673.5547,844.3755,24.6296,270.2148,0.00,VEHICLE,0,0,
-1671.3956,844.3834,24.2227,270.2088,0.00,VEHICLE,0,0,
-1669.0010,844.3918,23.5147,270.2112,0.00,VEHICLE,0,0,
-1666.6582,844.3997,22.5583,270.2108,0.00,VEHICLE,0,0,
-1664.2506,844.4080,21.5440,270.2088,0.00,VEHICLE,0,0,
-1661.5564,844.4177,20.4424,270.2083,0.00,VEHICLE,0,0,
-1659.1825,844.4265,19.4582,270.2071,0.00,VEHICLE,0,0,
-1656.8116,844.4352,18.4762,270.2062,0.00,VEHICLE,0,0,
-1653.0543,844.4489,16.9226,270.2051,0.00,VEHICLE,0,0,
-1649.3232,844.4621,15.3794,270.2046,0.00,VEHICLE,0,0,
-1647.3007,844.4692,14.5417,270.2043,0.00,VEHICLE,0,0,
-1644.1346,844.4804,13.2288,270.2040,0.00,VEHICLE,0,0,
-1642.0043,844.4879,12.3454,270.2036,0.00,VEHICLE,0,0,
-1639.7965,844.4957,11.4304,270.2031,0.00,VEHICLE,0,0,
-1637.2738,844.5046,10.3856,270.2023,0.00,VEHICLE,0,0,
-1634.6615,844.5139,9.3040,270.2017,0.00,VEHICLE,0,0,
-1632.0316,844.5231,8.3368,270.1988,0.00,VEHICLE,0,0,
-1629.3044,844.5325,7.7178,270.1899,0.00,VEHICLE,0,0,
-1625.2920,844.5461,7.4066,270.1868,0.00,VEHICLE,0,0,
-1622.5309,844.5555,7.4656,270.1866,0.00,VEHICLE,0,0,
-1619.9360,844.5645,7.5295,270.1868,0.00,VEHICLE,0,0,
-1617.2568,844.5735,7.5508,270.1867,0.00,VEHICLE,0,0,
-1614.6003,844.5823,7.5417,270.1868,0.00,VEHICLE,0,0,
-1611.8767,844.5912,7.5297,270.1870,0.00,VEHICLE,0,0,
-1609.0361,844.6003,7.5261,270.1873,0.00,VEHICLE,0,0,
-1606.1746,844.5743,7.5282,269.7095,0.00,VEHICLE,0,0,
-1603.3809,844.4291,7.5299,267.5891,0.00,VEHICLE,0,0,
-1600.5598,844.1349,7.5295,264.0905,0.00,VEHICLE,0,0,
-1598.1122,843.8311,7.5288,262.3527,0.00,VEHICLE,0,0,
-1595.5624,843.4623,7.5288,261.5673,0.00,VEHICLE,0,0,
-1593.0590,843.0718,7.5294,261.2892,0.00,VEHICLE,0,0,
-1590.6426,842.6832,7.5298,261.2095,0.00,VEHICLE,0,0,
-1588.1210,842.2758,7.4968,261.1944,0.00,VEHICLE,0,0,
-1585.3041,841.8262,7.4244,261.1964,0.00,VEHICLE,0,0,
-1582.6908,841.4167,7.3313,261.1777,0.00,VEHICLE,0,0,
-1579.9397,840.9471,7.2446,260.5039,0.00,VEHICLE,0,0,
-1577.2122,840.3286,7.1725,257.7115,0.00,VEHICLE,0,0,
-1574.9509,839.6255,7.1122,253.4812,0.00,VEHICLE,0,0,
-1572.7980,838.7696,7.0509,248.6294,0.00,VEHICLE,0,0,
-1570.6904,837.7074,7.0152,242.8174,0.00,VEHICLE,0,0,
-1568.7970,836.4847,7.0029,236.9438,0.00,VEHICLE,0,0,
-1567.1045,835.1135,7.0128,231.2882,0.00,VEHICLE,0,0,
-1565.6194,833.6344,7.0265,225.8636,0.00,VEHICLE,0,0,
-1564.2103,831.9022,7.0317,219.9609,0.00,VEHICLE,0,0,
-1562.9574,829.9755,7.0268,213.4894,0.00,VEHICLE,0,0,
-1562.0049,828.0937,7.0256,207.2404,0.00,VEHICLE,0,0,
-1560.9633,825.0502,7.0272,197.4114,0.00,VEHICLE,0,0,
-1560.2274,821.4311,7.0289,188.9775,0.00,VEHICLE,0,0,
-1559.7512,817.7066,7.0307,186.2477,0.00,VEHICLE,0,0,
-1559.5527,815.6980,7.0311,185.9495,0.00,VEHICLE,0,0,
-1559.2526,812.5774,7.0313,185.8586,0.00,VEHICLE,0,0,
-1558.8677,808.6778,7.0313,185.8390,0.00,VEHICLE,0,0,
-1558.4585,804.7074,7.0312,185.8201,0.00,VEHICLE,0,0,
-1558.0406,800.7354,7.0314,185.8056,0.00,VEHICLE,0,0,
-1557.8289,798.7151,7.0314,185.8025,0.00,VEHICLE,0,0,
-1557.6108,796.6169,7.0314,185.8026,0.00,VEHICLE,0,0,
-1557.4060,794.6227,7.0313,185.8053,0.00,VEHICLE,0,0,
-1557.1963,792.5573,7.0313,185.8097,0.00,VEHICLE,0,0,
-1556.9304,789.9122,7.0314,185.8170,0.00,VEHICLE,0,0,
-1556.5844,785.9389,7.0316,185.0995,0.00,VEHICLE,0,0,
-1556.3286,782.4034,7.0314,184.0137,0.00,VEHICLE,0,0,
-1556.1609,779.8983,7.0312,183.7708,0.00,VEHICLE,0,0,
-1555.9932,777.3039,7.0312,183.6937,0.00,VEHICLE,0,0,
-1555.8604,775.2217,7.0313,183.6767,0.00,VEHICLE,0,0,
-1555.6879,772.5026,7.0315,183.6713,0.00,VEHICLE,0,0,
-1555.5569,770.1046,7.0315,183.3847,0.00,VEHICLE,0,0,
-1555.5073,767.6834,7.0315,181.8856,0.00,VEHICLE,0,0,
-1555.5479,765.3334,7.0312,179.5021,0.00,VEHICLE,0,0,
-1555.6119,763.1131,7.0309,178.1015,0.00,VEHICLE,0,0,
-1555.7084,760.8018,7.0307,177.4398,0.00,VEHICLE,0,0,
-1555.8158,758.6330,7.0307,177.2136,0.00,VEHICLE,0,0,
-1555.9406,756.2834,7.0309,177.1409,0.00,VEHICLE,0,0,
-1556.0668,753.9718,7.0312,177.1248,0.00,VEHICLE,0,0,
-1556.2654,750.3279,7.0315,177.1226,0.00,VEHICLE,0,0,
-1556.3872,748.0346,7.0314,177.1208,0.00,VEHICLE,0,0,
-1556.5034,745.7854,7.0313,177.1166,0.00,VEHICLE,0,0,
-1556.6162,743.5390,7.0311,177.1106,0.00,VEHICLE,0,0,
-1556.7277,741.2725,7.0311,177.1040,0.00,VEHICLE,0,0,
-1556.8363,739.0335,7.0311,177.0981,0.00,VEHICLE,0,0,
-1556.9569,736.5384,7.0312,177.0931,0.00,VEHICLE,0,0,
-1557.0775,734.0621,7.0313,177.0908,0.00,VEHICLE,0,0,
-1557.2616,730.3191,7.0312,177.1138,0.00,VEHICLE,0,0,
-1557.3650,727.7267,7.0312,177.5069,0.00,VEHICLE,0,0,
-1557.4500,725.3508,7.0313,177.9979,0.00,VEHICLE,0,0,
-1557.5244,723.0748,7.0313,178.2402,0.00,VEHICLE,0,0,
-1557.5955,720.7599,7.0312,178.3418,0.00,VEHICLE,0,0,
-1557.6647,718.3950,7.0312,178.3786,0.00,VEHICLE,0,0,
-1557.7709,714.6102,7.0324,178.3905,0.00,VEHICLE,0,0,
-1557.8334,712.3182,7.0326,178.3899,0.00,VEHICLE,0,0,
-1557.8951,710.0325,7.0322,178.3880,0.00,VEHICLE,0,0,
-1557.9591,707.6666,7.0316,178.3862,0.00,VEHICLE,0,0,
-1558.0249,705.2433,7.0311,178.3853,0.00,VEHICLE,0,0,
-1558.0920,702.7999,7.0310,178.3855,0.00,VEHICLE,0,0,
-1558.1621,700.2897,7.0311,178.3866,0.00,VEHICLE,0,0,
-1558.2332,697.7723,7.0312,178.3884,0.00,VEHICLE,0,0,
-1558.2972,695.5247,7.0313,178.3900,0.00,VEHICLE,0,0,
-1558.3611,693.2944,7.0313,178.3914,0.00,VEHICLE,0,0,
-1558.4343,690.7403,7.0313,178.3927,0.00,VEHICLE,0,0,
-1558.4982,688.5081,7.0313,178.3932,0.00,VEHICLE,0,0,
-1558.5646,686.1791,7.0313,178.3933,0.00,VEHICLE,0,0,
-1558.6257,684.0158,7.0313,178.3930,0.00,VEHICLE,0,0,
-1558.6903,681.7170,7.0313,178.3923,0.00,VEHICLE,0,0,
-1558.7670,678.9777,7.0313,178.3913,0.00,VEHICLE,0,0,
-1558.8325,676.6302,7.0313,178.3905,0.00,VEHICLE,0,0,
-1558.9063,673.9760,7.0313,178.3898,0.00,VEHICLE,0,0,
-1558.9751,671.5002,7.0313,178.3894,0.00,VEHICLE,0,0,
-1559.0396,669.1923,7.0313,178.3893,0.00,VEHICLE,0,0,
-1559.1063,666.8064,7.0313,178.3894,0.00,VEHICLE,0,0,
-1559.1749,664.3621,7.0313,178.3897,0.00,VEHICLE,0,0,
-1559.2886,660.3263,7.0313,178.3905,0.00,VEHICLE,0,0,
-1559.3654,657.6013,7.0313,178.3910,0.00,VEHICLE,0,0,
-1559.4366,655.0732,7.0313,178.3913,0.00,VEHICLE,0,0,
-1559.5480,651.1232,7.0313,178.3914,0.00,VEHICLE,0,0,
-1559.6204,648.5469,7.0313,178.3913,0.00,VEHICLE,0,0,
-1559.6973,645.8121,7.0313,178.3911,0.00,VEHICLE,0,0,
-1559.8265,641.2066,7.0314,178.3906,0.00,VEHICLE,0,0,
-1559.9066,638.3486,7.0313,178.3903,0.00,VEHICLE,0,0,
-1560.0261,634.0896,7.0313,178.3902,0.00,VEHICLE,0,0,
-1560.1017,631.3974,7.0313,178.3902,0.00,VEHICLE,0,0,
-1560.1882,628.3155,7.0313,178.3903,0.00,VEHICLE,0,0,
-1560.2551,625.9378,7.0313,178.3904,0.00,VEHICLE,0,0,
-1560.3767,621.6161,7.0313,178.3907,0.00,VEHICLE,0,0,
-1560.4493,619.0315,7.0313,178.3908,0.00,VEHICLE,0,0,
-1560.5681,614.8044,7.0313,178.3908,0.00,VEHICLE,0,0,
-1560.6437,612.1154,7.0313,178.3908,0.00,VEHICLE,0,0,
-1560.7183,609.4602,7.0313,178.3907,0.00,VEHICLE,0,0,
-1560.7919,606.8400,7.0313,178.3907,0.00,VEHICLE,0,0,
-1560.8579,604.4885,7.0313,178.3906,0.00,VEHICLE,0,0,
-1560.9458,601.1289,7.0314,178.4727,0.00,VEHICLE,0,0,
-1560.9636,598.0265,7.0314,179.4249,0.00,VEHICLE,0,0,
-1560.9569,594.9137,7.0314,180.4235,0.00,VEHICLE,0,0,
-1560.9225,591.9855,7.0312,180.8658,0.00,VEHICLE,0,0,
-1560.8473,587.6969,7.0309,181.0520,0.00,VEHICLE,0,0,
-1560.7830,584.4952,7.0288,181.0771,0.00,VEHICLE,0,0,
-1560.7161,581.2866,7.0264,181.0792,0.00,VEHICLE,0,0,
-1560.6558,578.3971,7.0236,181.0774,0.00,VEHICLE,0,0,
-1560.5674,574.0416,7.0228,181.0784,0.00,VEHICLE,0,0,
-1560.5121,571.1996,7.0237,181.0818,0.00,VEHICLE,0,0,
-1560.4512,567.9453,7.0248,181.0864,0.00,VEHICLE,0,0,
-1560.4221,562.7250,7.0241,180.2134,0.00,VEHICLE,0,0,
-1560.4340,559.3400,7.0231,179.6420,0.00,VEHICLE,0,0,
-1560.4811,554.4865,7.0230,179.3909,0.00,VEHICLE,0,0,
-1560.5153,551.6038,7.0233,179.3589,0.00,VEHICLE,0,0,
-1560.5508,548.7217,7.0236,179.3505,0.00,VEHICLE,0,0,
-1560.6053,544.2979,7.0237,179.3486,0.00,VEHICLE,0,0,
-1560.6477,540.7772,7.0236,179.3477,0.00,VEHICLE,0,0,
-1560.7061,537.7459,7.0235,179.0319,0.00,VEHICLE,0,0,
-1560.8464,534.4433,7.0235,177.6882,0.00,VEHICLE,0,0,
-1561.0106,531.5444,7.0233,176.4950,0.00,VEHICLE,0,0,
-1561.1926,528.8407,7.0232,175.8980,0.00,VEHICLE,0,0,
-1561.4454,525.4439,7.0229,175.6060,0.00,VEHICLE,0,0,
-1561.6976,522.2427,7.0229,175.5269,0.00,VEHICLE,0,0,
-1561.9437,519.1908,7.0232,175.5123,0.00,VEHICLE,0,0,
-1562.3472,514.2325,7.0236,175.5157,0.00,VEHICLE,0,0,
-1562.6377,510.9026,7.0237,175.2387,0.00,VEHICLE,0,0,
-1563.0449,507.3517,7.0236,173.6586,0.00,VEHICLE,0,0,
-1563.5383,504.2976,7.0234,170.8967,0.00,VEHICLE,0,0,
-1563.9415,502.3092,7.0230,168.7188,0.00,VEHICLE,0,0,
-1564.7947,498.9380,7.0217,164.8308,0.00,VEHICLE,0,0,
-1565.9138,495.4572,7.0197,160.4159,0.00,VEHICLE,0,0,
-1567.2128,492.1783,7.0182,156.0035,0.00,VEHICLE,0,0,
-1568.4242,489.5898,7.0183,153.1674,0.00,VEHICLE,0,0,
-1570.0381,486.5123,7.0184,150.9191,0.00,VEHICLE,0,0,
-1571.7560,483.4895,7.0197,149.4939,0.00,VEHICLE,0,0,
-1573.3745,480.8124,7.0218,148.8021,0.00,VEHICLE,0,0,
-1575.0023,478.1914,7.0232,148.5978,0.00,VEHICLE,0,0,
-1576.6141,475.6000,7.0235,148.5540,0.00,VEHICLE,0,0,
-1578.1586,473.1053,7.0232,148.5391,0.00,VEHICLE,0,0,
-1579.7571,470.5063,7.0229,148.5240,0.00,VEHICLE,0,0,
-1581.5159,467.5420,7.0227,149.1029,0.00,VEHICLE,0,0,
-1583.0862,464.7145,7.0227,150.6925,0.00,VEHICLE,0,0,
-1584.8453,461.4577,7.0228,151.8220,0.00,VEHICLE,0,0,
-1586.4601,458.3828,7.0230,152.2570,0.00,VEHICLE,0,0,
-1587.9431,455.5331,7.0315,152.3865,0.00,VEHICLE,0,0,
-1589.5542,452.4514,7.0537,152.4397,0.00,VEHICLE,0,0,
-1590.9374,449.8187,7.0971,152.4590,0.00,VEHICLE,0,0,
-1593.2646,445.3860,7.1707,152.4628,0.00,VEHICLE,0,0,
-1595.3870,441.3061,7.1821,152.4522,0.00,VEHICLE,0,0,
-1596.9202,438.3435,7.1748,152.4379,0.00,VEHICLE,0,0,
-1599.1216,434.0887,7.1735,152.4238,0.00,VEHICLE,0,0,
-1600.7041,431.0732,7.1770,152.1895,0.00,VEHICLE,0,0,
-1602.1282,428.4603,7.1784,151.3922,0.00,VEHICLE,0,0,
-1603.6953,425.6286,7.1782,150.8062,0.00,VEHICLE,0,0,
-1605.2748,422.8236,7.1779,150.5397,0.00,VEHICLE,0,0,
-1606.7031,420.3127,7.1779,150.4619,0.00,VEHICLE,0,0,
-1608.0715,417.9162,7.1780,150.4446,0.00,VEHICLE,0,0,
-1609.2875,415.7884,7.1781,150.4439,0.00,VEHICLE,0,0,
-1610.6232,413.4489,7.1783,150.4459,0.00,VEHICLE,0,0,
-1611.9419,411.1350,7.1788,150.4455,0.00,VEHICLE,0,0,
-1613.3314,408.6909,7.1794,150.4422,0.00,VEHICLE,0,0,
-1615.4825,404.9582,7.1800,150.0153,0.00,VEHICLE,0,0,
-1617.7145,401.3571,7.1799,147.8984,0.00,VEHICLE,0,0,
-1618.9895,399.3791,7.1797,146.9305,0.00,VEHICLE,0,0,
-1620.2692,397.4350,7.1794,146.4162,0.00,VEHICLE,0,0,
-1621.5674,395.4890,7.1791,146.1801,0.00,VEHICLE,0,0,
-1622.9039,393.5021,7.1790,146.0870,0.00,VEHICLE,0,0,
-1624.3379,391.4027,7.1791,145.8908,0.00,VEHICLE,0,0,
-1625.7742,389.3913,7.1793,145.0272,0.00,VEHICLE,0,0,
-1627.2882,387.4175,7.1794,143.1817,0.00,VEHICLE,0,0,
-1628.9308,385.4498,7.1792,140.5917,0.00,VEHICLE,0,0,
-1630.6448,383.5219,7.1787,138.2466,0.00,VEHICLE,0,0,
-1632.4175,381.6014,7.1783,136.8120,0.00,VEHICLE,0,0,
-1634.0012,379.9427,7.1781,136.1320,0.00,VEHICLE,0,0,
-1635.5717,378.3302,7.1780,135.8356,0.00,VEHICLE,0,0,
-1637.2031,376.6695,7.1779,135.7110,0.00,VEHICLE,0,0,
-1639.0012,374.8470,7.1780,135.6661,0.00,VEHICLE,0,0,
-1640.5333,373.2950,7.1780,135.6571,0.00,VEHICLE,0,0,
-1642.1689,371.6365,7.1779,135.6564,0.00,VEHICLE,0,0,
-1643.9769,369.7990,7.1778,135.6564,0.00,VEHICLE,0,0,
-1646.1354,367.5979,7.1781,135.6506,0.00,VEHICLE,0,0,
-1647.7861,365.9098,7.1787,135.6443,0.00,VEHICLE,0,0,
-1649.4708,364.1830,7.1793,135.6374,0.00,VEHICLE,0,0,
-1651.0950,362.5161,7.1797,135.6313,0.00,VEHICLE,0,0,
-1652.8004,360.7762,7.1799,135.5154,0.00,VEHICLE,0,0,
-1654.4390,359.1322,7.1799,135.1093,0.00,VEHICLE,0,0,
-1655.9541,357.6198,7.1799,134.8206,0.00,VEHICLE,0,0,
-1657.5239,356.0617,7.1797,134.6610,0.00,VEHICLE,0,0,
-1659.0011,354.6018,7.1796,134.5910,0.00,VEHICLE,0,0,
-1660.5881,353.0379,7.1795,134.5591,0.00,VEHICLE,0,0,
-1662.2410,351.4130,7.1796,134.5474,0.00,VEHICLE,0,0,
-1663.8738,349.8104,7.1797,134.5453,0.00,VEHICLE,0,0,
-1665.5005,348.2148,7.1797,134.5466,0.00,VEHICLE,0,0,
-1667.2209,346.5276,7.1798,134.5488,0.00,VEHICLE,0,0,
-1668.7434,345.0341,7.1798,134.5502,0.00,VEHICLE,0,0,
-1670.2556,343.5498,7.1798,134.5508,0.00,VEHICLE,0,0,
-1671.7804,342.0518,7.1798,134.5505,0.00,VEHICLE,0,0,
-1673.3304,340.5276,7.1798,134.5495,0.00,VEHICLE,0,0,
-1674.8889,338.9937,7.1798,134.5479,0.00,VEHICLE,0,0,
-1676.4406,337.4657,7.1798,134.5461,0.00,VEHICLE,0,0,
-1678.0446,335.8851,7.1797,134.5445,0.00,VEHICLE,0,0,
-1679.6360,334.3165,7.1795,134.5431,0.00,VEHICLE,0,0,
-1681.1392,332.8349,7.1790,134.5418,0.00,VEHICLE,0,0,
-1682.6388,331.3568,7.1785,134.5408,0.00,VEHICLE,0,0,
-1684.1410,329.8766,7.1781,134.5400,0.00,VEHICLE,0,0,
-1685.6241,328.4155,7.1778,134.5396,0.00,VEHICLE,0,0,
-1687.1124,326.9502,7.1777,134.5396,0.00,VEHICLE,0,0,
-1688.6782,325.4090,7.1777,134.5399,0.00,VEHICLE,0,0,
-1690.3794,323.7352,7.1777,134.5405,0.00,VEHICLE,0,0,
-1692.0391,322.1027,7.1777,134.5414,0.00,VEHICLE,0,0,
-1693.7002,320.4690,7.1778,134.5422,0.00,VEHICLE,0,0,
-1695.4929,318.7060,7.1778,134.5429,0.00,VEHICLE,0,0,
-1697.3972,316.8331,7.1779,134.5435,0.00,VEHICLE,0,0,
-1699.0273,315.2296,7.1779,134.5438,0.00,VEHICLE,0,0,
-1700.6982,313.5855,7.1779,134.5438,0.00,VEHICLE,0,0,
-1702.3513,311.9587,7.1779,134.5435,0.00,VEHICLE,0,0,
-1703.9387,310.3961,7.1779,134.5432,0.00,VEHICLE,0,0,
-1705.4282,308.9298,7.1778,134.5428,0.00,VEHICLE,0,0,
-1707.0261,307.3365,7.1778,134.7439,0.00,VEHICLE,0,0,
-1708.5304,305.7598,7.1778,135.7306,0.00,VEHICLE,0,0,
-1710.5288,303.6043,7.1778,137.2700,0.00,VEHICLE,0,0,
-1711.8843,302.1138,7.1775,137.7921,0.00,VEHICLE,0,0,
-1714.3668,299.3471,7.1746,138.1441,0.00,VEHICLE,0,0,
-1716.7559,296.6635,7.1746,138.2036,0.00,VEHICLE,0,0,
-1719.1195,294.0044,7.1765,138.2082,0.00,VEHICLE,0,0,
-1721.8303,290.9114,7.1778,138.6550,0.00,VEHICLE,0,0,
-1723.1082,289.3648,7.1780,139.8279,0.00,VEHICLE,0,0,
-1725.4093,286.5417,7.1780,141.0446,0.00,VEHICLE,0,0,
-1728.1205,283.1640,7.1789,141.3406,0.00,VEHICLE,0,0,
-1730.3213,280.4051,7.1787,141.3752,0.00,VEHICLE,0,0,
-1732.7504,277.3456,7.1779,141.4527,0.00,VEHICLE,0,0,
-1734.0740,275.5515,7.1778,142.6587,0.00,VEHICLE,0,0,
-1735.7539,272.9259,7.1775,147.0213,0.00,VEHICLE,0,0,
-1736.7905,271.1903,7.1770,149.4187,0.00,VEHICLE,0,0,
-1738.5441,268.0567,7.1771,151.2176,0.00,VEHICLE,0,0,
-1740.2968,264.7892,7.1494,151.5646,0.00,VEHICLE,0,0,
-1741.7766,261.9641,7.0946,151.8540,0.00,VEHICLE,0,0,
-1742.6885,260.0291,7.0328,153.4354,0.00,VEHICLE,0,0,
-1744.0818,257.0407,6.9443,155.0236,0.00,VEHICLE,0,0,
-1745.2573,254.4807,6.8782,155.3813,0.00,VEHICLE,0,0,
-1746.4233,251.9327,6.8163,155.4483,0.00,VEHICLE,0,0,
-1747.6689,249.2065,6.7476,155.4616,0.00,VEHICLE,0,0,
-1748.9200,246.4650,6.6761,155.4635,0.00,VEHICLE,0,0,
-1750.2451,243.5597,6.5999,155.4632,0.00,VEHICLE,0,0,
-1751.5823,240.6279,6.5233,155.4629,0.00,VEHICLE,0,0,
-1752.7031,238.1719,6.4563,155.4624,0.00,VEHICLE,0,0,
-1753.7084,235.9705,6.3982,155.4639,0.00,VEHICLE,0,0,
-1754.7343,233.7241,6.3418,155.4651,0.00,VEHICLE,0,0,
-1756.0408,230.8292,6.2679,155.6609,0.00,VEHICLE,0,0,
-1756.7554,228.8043,6.2165,158.7084,0.00,VEHICLE,0,0,
-1757.4417,226.5464,6.1596,162.5218,0.00,VEHICLE,0,0,
-1758.1052,224.2797,5.9814,163.6949,0.00,VEHICLE,0,0,
-1758.7046,222.1425,5.6978,164.0675,0.00,VEHICLE,0,0,
-1759.2324,219.2254,5.1603,168.2091,0.00,VEHICLE,0,0,
-1759.3578,216.8133,4.7266,174.9265,0.00,VEHICLE,0,0,
-1759.1849,214.4771,4.2693,182.0635,0.00,VEHICLE,0,0,
-1758.9343,212.2682,3.8394,186.0050,0.00,VEHICLE,0,0,
-1758.5796,209.9175,3.6216,187.2379,0.00,VEHICLE,0,0,
-1758.2565,207.7822,3.5224,187.4537,0.00,VEHICLE,0,0,
-1757.9437,205.5135,3.5654,187.4941,0.00,VEHICLE,0,0,
-1757.6854,203.4490,3.5752,187.5291,0.00,VEHICLE,0,0,
-1757.4196,201.2286,3.5726,187.5648,0.00,VEHICLE,0,0,
-1757.0321,198.7158,3.5660,188.9355,0.00,VEHICLE,0,0,
-1756.5153,196.4507,3.5583,192.3210,0.00,VEHICLE,0,0,
-1755.9447,194.1436,3.5512,193.8390,0.00,VEHICLE,0,0,
-1755.3832,191.9895,3.5517,194.1765,0.00,VEHICLE,0,0,
-1754.8154,189.8321,3.5483,194.2222,0.00,VEHICLE,0,0,
-1754.3379,187.4693,3.5491,192.0118,0.00,VEHICLE,0,0,
-1754.0927,185.2659,3.5468,187.7360,0.00,VEHICLE,0,0,
-1753.9182,182.9549,3.5458,184.5999,0.00,VEHICLE,0,0,
-1753.7909,180.7460,3.5464,183.6376,0.00,VEHICLE,0,0,
-1753.6692,178.3183,3.5472,183.4451,0.00,VEHICLE,0,0,
-1753.5413,175.7766,3.5469,183.4019,0.00,VEHICLE,0,0,
-1753.4905,173.1971,3.5456,181.9544,0.00,VEHICLE,0,0,
-1753.5065,170.7407,3.5459,179.8415,0.00,VEHICLE,0,0,
-1753.5331,168.2715,3.5468,179.2339,0.00,VEHICLE,0,0,
-1753.5703,165.5713,3.5474,179.0944,0.00,VEHICLE,0,0,
-1753.5881,162.7367,3.5475,179.4815,0.00,VEHICLE,0,0,
-1753.4934,160.0202,3.5471,181.6859,0.00,VEHICLE,0,0,
-1753.3865,157.4865,3.5465,182.5421,0.00,VEHICLE,0,0,
-1753.2606,154.8820,3.5457,182.7582,0.00,VEHICLE,0,0,
-1753.1685,152.0759,3.5453,182.6166,0.00,VEHICLE,0,0,
-1753.0520,149.4697,3.5457,182.5968,0.00,VEHICLE,0,0,
-1752.9200,146.7170,3.5465,182.5845,0.00,VEHICLE,0,0,
-1752.7899,144.0584,3.5470,182.5765,0.00,VEHICLE,0,0,
-1752.6633,141.4314,3.5471,182.5736,0.00,VEHICLE,0,0,
-1752.5355,138.6896,3.5470,182.5753,0.00,VEHICLE,0,0,
-1752.4054,135.7936,3.5470,182.5800,0.00,VEHICLE,0,0,
-1752.2776,132.8809,3.5471,182.5847,0.00,VEHICLE,0,0,
-1752.1528,130.0234,3.5475,182.5878,0.00,VEHICLE,0,0,
-1752.0214,127.0459,3.5481,182.5880,0.00,VEHICLE,0,0,
-1751.8719,123.7167,3.5478,182.5864,0.00,VEHICLE,0,0,
-1751.7345,120.6898,3.5476,182.5835,0.00,VEHICLE,0,0,
-1751.5983,117.7104,3.5481,182.5821,0.00,VEHICLE,0,0,
-1751.4626,114.7401,3.5478,182.5814,0.00,VEHICLE,0,0,
-1751.3240,111.6823,3.5479,182.5817,0.00,VEHICLE,0,0,
-1751.1813,108.5227,3.5481,182.5824,0.00,VEHICLE,0,0,
-1751.0428,105.4463,3.5476,182.5834,0.00,VEHICLE,0,0,
-1750.9045,102.3700,3.5480,182.5839,0.00,VEHICLE,0,0,
-1750.7623,99.2096,3.5480,182.5841,0.00,VEHICLE,0,0,
-1750.6108,95.8476,3.5477,182.5839,0.00,VEHICLE,0,0,
-1750.4580,92.4599,3.5482,182.5835,0.00,VEHICLE,0,0,
-1750.3120,89.2258,3.5479,182.5832,0.00,VEHICLE,0,0,
-1750.1652,85.9753,3.5478,182.5830,0.00,VEHICLE,0,0,
-1750.0184,82.7265,3.5481,182.5829,0.00,VEHICLE,0,0,
-1749.8618,79.2565,3.5478,182.5830,0.00,VEHICLE,0,0,
-1749.7134,75.9650,3.5474,182.5832,0.00,VEHICLE,0,0,
-1749.5603,72.5673,3.5471,182.5833,0.00,VEHICLE,0,0,
-1749.4160,68.9043,3.5470,182.2889,0.00,VEHICLE,0,0,
-1749.4213,65.3405,3.5462,179.9185,0.00,VEHICLE,0,0,
-1749.4910,61.8250,3.5453,178.6365,0.00,VEHICLE,0,0,
-1749.5902,58.4725,3.5450,178.3236,0.00,VEHICLE,0,0,
-1749.7006,55.1077,3.5450,178.2710,0.00,VEHICLE,0,0,
-1749.8192,51.5226,3.5450,178.2663,0.00,VEHICLE,0,0,
-1749.9445,47.6039,3.5449,178.2661,0.00,VEHICLE,0,0,
-1750.0576,43.8665,3.5450,178.2624,0.00,VEHICLE,0,0,
-1750.1747,39.8510,3.5450,178.2565,0.00,VEHICLE,0,0,
-1750.2832,36.1179,3.5451,178.2527,0.00,VEHICLE,0,0,
-1750.3439,34.0667,3.5450,178.2522,0.00,VEHICLE,0,0,
-1750.4486,30.6039,3.5451,178.2536,0.00,VEHICLE,0,0,
-1750.5104,28.6036,3.5452,178.2552,0.00,VEHICLE,0,0,
-1750.5790,26.4008,3.5453,178.2572,0.00,VEHICLE,0,0,
-1750.6422,24.3738,3.5452,178.2587,0.00,VEHICLE,0,0,
-1750.7421,21.1621,3.5452,178.2601,0.00,VEHICLE,0,0,
-1750.8120,18.8893,3.5452,178.2600,0.00,VEHICLE,0,0,
-1750.8989,16.0299,3.5452,178.2591,0.00,VEHICLE,0,0,
-1751.0006,12.6397,3.5445,178.2578,0.00,VEHICLE,0,0,
-1751.0623,10.5753,3.5420,178.2565,0.00,VEHICLE,0,0,
-1751.1453,7.8083,3.5429,178.2558,0.00,VEHICLE,0,0,
-1751.2643,3.8906,3.5458,178.2564,0.00,VEHICLE,0,0,
-1751.3724,0.3535,3.5454,178.2575,0.00,VEHICLE,0,0,
-1751.4357,-1.7033,3.5451,178.2580,0.00,VEHICLE,0,0,
-1751.5082,-4.0651,3.5435,178.2586,0.00,VEHICLE,0,0,
-1751.5959,-6.9411,3.5358,178.2560,0.00,VEHICLE,0,0,
-1751.6785,-9.6600,3.5412,178.2548,0.00,VEHICLE,0,0,
-1751.6456,-12.2228,3.5465,179.9880,0.00,VEHICLE,0,0,
-1751.2986,-14.5896,3.5448,186.4093,0.00,VEHICLE,0,0,
-1750.8882,-16.9142,3.5439,189.8344,0.00,VEHICLE,0,0,
-1750.4430,-19.2023,3.5452,190.4734,0.00,VEHICLE,0,0,
-1749.9958,-21.4450,3.5453,190.6385,0.00,VEHICLE,0,0,
-1749.2430,-23.9252,3.5449,195.2087,0.00,VEHICLE,0,0,
-1747.8706,-26.5230,3.5450,206.6646,0.00,VEHICLE,0,0,
-1746.5201,-28.0668,3.5414,217.3108,0.00,VEHICLE,0,0,
-1744.0371,-29.5600,3.5361,236.6583,0.00,VEHICLE,0,0,
-1741.2014,-30.5287,3.5455,250.7346,0.00,VEHICLE,0,0,
-1739.0862,-31.1673,3.5480,252.3502,0.00,VEHICLE,0,0,
-1736.9130,-31.5757,3.5592,256.7301,0.00,VEHICLE,0,0,
-1734.8832,-31.6730,3.5483,264.2719,0.00,VEHICLE,0,0,
-1732.7776,-31.5924,3.5645,270.5261,0.00,VEHICLE,0,0,
-1730.7150,-31.5010,3.5549,272.1606,0.00,VEHICLE,0,0,
-1728.4968,-31.3894,3.5485,272.4434,0.00,VEHICLE,0,0,
-1726.1166,-31.2716,3.5467,272.4863,0.00,VEHICLE,0,0,
-1723.4910,-31.1450,3.5590,272.4884,0.00,VEHICLE,0,0,
-1720.8472,-30.8692,3.5497,274.6692,0.00,VEHICLE,0,0,
-1718.2528,-30.3526,3.5639,279.9944,0.00,VEHICLE,0,0,
-1715.9633,-29.5767,3.5553,287.0719,0.00,VEHICLE,0,0,
-1713.6316,-28.6727,3.5682,291.7043,0.00,VEHICLE,0,0,
-1710.9784,-27.5129,3.5723,294.0443,0.00,VEHICLE,0,0,
-1708.4141,-26.0640,3.5739,298.3023,0.00,VEHICLE,0,0,
-1706.4895,-24.6567,3.5623,303.9387,0.00,VEHICLE,0,0,
-1704.3800,-22.9683,3.5416,308.7647,0.00,VEHICLE,0,0,
-1702.4363,-21.3646,3.5453,309.7043,0.00,VEHICLE,0,0,
-1700.4806,-19.7251,3.5477,309.8289,0.00,VEHICLE,0,0,
-1698.4436,-18.0084,3.5479,309.8378,0.00,VEHICLE,0,0,
-1695.8788,-15.8515,3.5474,309.8386,0.00,VEHICLE,0,0,
-1693.5458,-13.9022,3.5471,309.8444,0.00,VEHICLE,0,0,
-1691.2646,-12.0054,3.5455,309.8519,0.00,VEHICLE,0,0,
-1689.3789,-10.4399,3.5447,309.8578,0.00,VEHICLE,0,0,
-1686.8145,-8.3549,3.5546,309.2705,0.00,VEHICLE,0,0,
-1684.3864,-6.3674,3.5638,309.1042,0.00,VEHICLE,0,0,
-1681.6379,-4.1065,3.5594,309.0796,0.00,VEHICLE,0,0,
-1678.8152,-1.8256,3.5434,309.1030,0.00,VEHICLE,0,0,
-1675.6722,0.6972,3.5487,309.1279,0.00,VEHICLE,0,0,
-1673.9620,2.0745,3.5494,309.1283,0.00,VEHICLE,0,0,
-1670.8948,4.5638,3.5469,309.1145,0.00,VEHICLE,0,0,
-1669.2648,5.8952,3.5462,309.1033,0.00,VEHICLE,0,0,
-1666.2156,8.3904,3.5469,309.0898,0.00,VEHICLE,0,0,
-1663.1537,10.8892,3.5469,309.0901,0.00,VEHICLE,0,0,
-1661.4708,12.2574,3.5469,309.0947,0.00,VEHICLE,0,0,
-1659.7478,13.6549,3.5470,309.1007,0.00,VEHICLE,0,0,
-1658.0038,15.0675,3.5471,309.1074,0.00,VEHICLE,0,0,
-1655.2988,17.3674,3.5485,310.3103,0.00,VEHICLE,0,0,
-1652.9125,19.4916,3.5478,312.0014,0.00,VEHICLE,0,0,
-1649.9954,22.1564,3.5463,312.4930,0.00,VEHICLE,0,0,
-1648.2686,23.7493,3.5468,312.5274,0.00,VEHICLE,0,0,
-1645.4978,26.3091,3.5481,312.5352,0.00,VEHICLE,0,0,
-1644.0128,27.6790,3.5476,312.5356,0.00,VEHICLE,0,0,
-1642.4844,29.0861,3.5470,312.5374,0.00,VEHICLE,0,0,
-1639.6228,31.7123,3.5474,312.5475,0.00,VEHICLE,0,0,
-1636.8289,34.2698,3.5482,312.5544,0.00,VEHICLE,0,0,
-1635.1143,35.8514,3.5477,312.6786,0.00,VEHICLE,0,0,
-1633.5886,37.3459,3.5472,313.7569,0.00,VEHICLE,0,0,
-1630.9065,40.0455,3.5475,315.4821,0.00,VEHICLE,0,0,
-1628.2548,42.7757,3.5476,315.8697,0.00,VEHICLE,0,0,
-1625.3928,45.7474,3.5469,315.9181,0.00,VEHICLE,0,0,
-1622.6245,48.6236,3.5479,315.9205,0.00,VEHICLE,0,0,
-1621.2073,50.0931,3.5480,315.9219,0.00,VEHICLE,0,0,
-1619.7722,51.5783,3.5477,315.9244,0.00,VEHICLE,0,0,
-1618.3064,53.0925,3.5473,315.9277,0.00,VEHICLE,0,0,
-1616.8115,54.6343,3.5468,315.9308,0.00,VEHICLE,0,0,
-1615.3273,56.1635,3.5461,315.9341,0.00,VEHICLE,0,0,
-1613.8890,57.6448,3.5454,315.9371,0.00,VEHICLE,0,0,
-1611.1571,60.4599,3.5449,315.9406,0.00,VEHICLE,0,0,
-1608.3838,63.3226,3.5450,315.9402,0.00,VEHICLE,0,0,
-1606.9424,64.8126,3.5450,315.9388,0.00,VEHICLE,0,0,
-1605.4979,66.3068,3.5451,315.9370,0.00,VEHICLE,0,0,
-1604.1030,67.7504,3.5451,315.9351,0.00,VEHICLE,0,0,
-1602.6504,69.2537,3.5457,315.9337,0.00,VEHICLE,0,0,
-1599.8212,72.1801,3.5471,315.9333,0.00,VEHICLE,0,0,
-1598.3215,73.7301,3.5474,315.9341,0.00,VEHICLE,0,0,
-1596.8405,75.2602,3.5474,315.9351,0.00,VEHICLE,0,0,
-1595.4335,76.7133,3.5473,315.9360,0.00,VEHICLE,0,0,
-1594.0206,78.1721,3.5472,315.9370,0.00,VEHICLE,0,0,
-1592.5090,79.7327,3.5471,315.9377,0.00,VEHICLE,0,0,
-1589.7811,82.5497,3.5471,315.9381,0.00,VEHICLE,0,0,
-1588.3691,84.0082,3.5471,315.9380,0.00,VEHICLE,0,0,
-1586.8058,85.6234,3.5471,315.9375,0.00,VEHICLE,0,0,
-1584.3304,88.1815,3.5470,315.9367,0.00,VEHICLE,0,0,
-1581.5951,91.0087,3.5469,315.9358,0.00,VEHICLE,0,0,
-1578.9706,93.7213,3.5468,315.9355,0.00,VEHICLE,0,0,
-1577.3199,95.4270,3.5468,315.9356,0.00,VEHICLE,0,0,
-1575.5990,97.2052,3.5462,315.9357,0.00,VEHICLE,0,0,
-1573.0232,99.8662,3.5451,315.9362,0.00,VEHICLE,0,0,
-1571.4795,101.4608,3.5449,315.9364,0.00,VEHICLE,0,0,
-1569.9321,103.0593,3.5449,315.9366,0.00,VEHICLE,0,0,
-1568.3772,104.6657,3.5450,315.9367,0.00,VEHICLE,0,0,
-1566.8691,106.2238,3.5451,315.9368,0.00,VEHICLE,0,0,
-1565.2328,107.9146,3.5451,315.9367,0.00,VEHICLE,0,0,
-1563.5247,109.6795,3.5452,315.9366,0.00,VEHICLE,0,0,
-1561.9520,111.3046,3.5452,315.9364,0.00,VEHICLE,0,0,
-1560.5564,112.7468,3.5452,315.9363,0.00,VEHICLE,0,0,
-1558.8926,114.4661,3.5451,315.9362,0.00,VEHICLE,0,0,
-1556.1409,117.9608,4.5280,315.9362,0.00,VEHICLE,0,0,
-1556.1409,117.9608,4.5280,315.9362,0.00,VEHICLE,0,0,
