route,duon3.csv,-1582.1387,73.6918,3.5466,136.7049,0.00,VEHICLE,0,0,
-1582.1387,73.6918,3.5466,136.7049,0.00,VEHICLE,0,0,
-1583.7311,72.3669,3.5493,132.1577,0.00,VEHICLE,0,0,
-1585.3412,70.9421,3.5494,131.8313,0.00,VEHICLE,0,0,
-1587.1149,69.6173,3.5481,128.0851,0.00,VEHICLE,0,0,
-1589.1217,68.1608,3.5483,126.4460,0.00,VEHICLE,0,0,
-1590.7820,66.9487,3.5486,126.3624,0.00,VEHICLE,0,0,
-1592.6874,65.5515,3.5487,126.3508,0.00,VEHICLE,0,0,
-1594.7499,64.0324,3.5487,126.3456,0.00,VEHICLE,0,0,
-1596.9846,62.3840,3.5487,126.3433,0.00,VEHICLE,0,0,
-1599.2635,60.7051,3.5482,126.3437,0.00,VEHICLE,0,0,
-1601.7678,58.8630,3.5477,126.3453,0.00,VEHICLE,0,0,
-1603.4064,57.6583,3.5477,126.3461,0.00,VEHICLE,0,0,
-1605.1649,56.3653,3.5477,126.3465,0.00,VEHICLE,0,0,
-1607.0867,54.9518,3.5477,126.3463,0.00,VEHICLE,0,0,
-1608.9502,53.5784,3.5530,126.3412,0.00,VEHICLE,0,0,
-1610.8428,52.1800,3.5543,126.3389,0.00,VEHICLE,0,0,
-1612.8673,50.6820,3.5586,126.3419,0.00,VEHICLE,0,0,
-1614.9502,49.1484,3.5500,126.3500,0.00,VEHICLE,0,0,
-1617.0042,47.6431,3.5474,126.3582,0.00,VEHICLE,0,0,
-1619.2228,46.0245,3.5553,126.3721,0.00,VEHICLE,0,0,
-1621.3965,44.4387,3.5606,126.3687,0.00,VEHICLE,0,0,
-1623.7075,42.7002,3.5525,126.9300,0.00,VEHICLE,0,0,
-1626.0037,40.9287,3.5480,127.5445,0.00,VEHICLE,0,0,
-1628.2823,39.1550,3.5467,127.6793,0.00,VEHICLE,0,0,
-1630.5386,37.3962,3.5460,127.6993,0.00,VEHICLE,0,0,
-1632.6757,35.7352,3.5452,127.7013,0.00,VEHICLE,0,0,
-1634.8691,34.0380,3.5448,127.7044,0.00,VEHICLE,0,0,
-1637.1238,32.2999,3.5449,127.7098,0.00,VEHICLE,0,0,
-1639.5642,30.4210,3.5450,127.7154,0.00,VEHICLE,0,0,
-1641.6815,28.7886,3.5450,127.7172,0.00,VEHICLE,0,0,
-1643.8374,27.1227,3.5450,127.7163,0.00,VEHICLE,0,0,
-1646.0345,25.4214,3.5449,127.7137,0.00,VEHICLE,0,0,
-1648.2444,23.7089,3.5449,127.7112,0.00,VEHICLE,0,0,
-1650.3995,21.9829,3.5450,128.4678,0.00,VEHICLE,0,0,
-1652.5344,20.2629,3.5451,128.8675,0.00,VEHICLE,0,0,
-1654.4664,18.7010,3.5451,128.9358,0.00,VEHICLE,0,0,
-1656.6053,16.9706,3.5450,128.9476,0.00,VEHICLE,0,0,
-1658.8021,15.1937,3.5463,128.9493,0.00,VEHICLE,0,0,
-1661.0428,13.3822,3.5480,128.9502,0.00,VEHICLE,0,0,
-1662.6027,12.1215,3.5481,128.9507,0.00,VEHICLE,0,0,
-1665.1635,10.0522,3.5478,128.9514,0.00,VEHICLE,0,0,
-1667.2629,8.3555,3.5477,128.9515,0.00,VEHICLE,0,0,
-1669.3945,6.6324,3.5476,128.9513,0.00,VEHICLE,0,0,
-1670.9915,5.3414,3.5475,128.9510,0.00,VEHICLE,0,0,
-1673.0623,3.6671,3.5467,128.9507,0.00,VEHICLE,0,0,
-1674.6544,2.3797,3.5456,128.9505,0.00,VEHICLE,0,0,
-1677.4548,0.1156,3.5447,128.9503,0.00,VEHICLE,0,0,
-1679.7096,-1.7070,3.5455,128.9505,0.00,VEHICLE,0,0,
-1681.3049,-2.9964,3.5468,128.9507,0.00,VEHICLE,0,0,
-1684.4005,-5.4985,3.5477,128.9509,0.00,VEHICLE,0,0,
-1686.0282,-6.8142,3.5473,128.9509,0.00,VEHICLE,0,0,
-1688.0750,-8.4687,3.5470,128.9509,0.00,VEHICLE,0,0,
-1689.7617,-9.8322,3.5470,128.9508,0.00,VEHICLE,0,0,
-1691.3276,-11.0816,3.5469,128.7790,0.00,VEHICLE,0,0,
-1692.9757,-12.2909,3.5461,127.3610,0.00,VEHICLE,0,0,
-1695.3477,-13.9902,3.5439,125.4047,0.00,VEHICLE,0,0,
-1697.4143,-15.4406,3.5375,124.7171,0.00,VEHICLE,0,0,
-1699.3523,-16.7717,3.5344,124.6512,0.00,VEHICLE,0,0,
-1701.0529,-17.9342,3.5360,124.7879,0.00,VEHICLE,0,0,
-1698.4244,-17.0442,3.5462,114.5751,0.00,VEHICLE,0,0,
-1695.7747,-15.8497,3.5484,114.3955,0.00,VEHICLE,0,0,
-1693.5245,-14.8307,3.5591,114.3862,0.00,VEHICLE,0,0,
-1691.4510,-13.8858,3.5473,114.3856,0.00,VEHICLE,0,0,
-1689.4070,-12.9640,3.5719,114.4688,0.00,VEHICLE,0,0,
-1691.1200,-14.0624,3.5995,119.7964,0.00,VEHICLE,0,0,
-1693.2609,-15.3309,3.5682,120.8370,0.00,VEHICLE,0,0,
-1695.4385,-16.8629,3.5483,124.2596,0.00,VEHICLE,0,0,
-1697.2134,-18.1070,3.5591,124.5592,0.00,VEHICLE,0,0,
-1699.3845,-19.5680,3.5576,124.7490,0.00,VEHICLE,0,0,
-1701.4258,-21.0030,3.5440,124.8242,0.00,VEHICLE,0,0,
-1703.5524,-22.4489,3.5498,124.0266,0.00,VEHICLE,0,0,
-1705.4890,-23.5564,3.5474,120.7285,0.00,VEHICLE,0,0,
-1707.6270,-24.7698,3.5477,119.8175,0.00,VEHICLE,0,0,
-1709.9471,-26.0653,3.5482,119.7048,0.00,VEHICLE,0,0,
-1712.0358,-27.2358,3.5474,119.6944,0.00,VEHICLE,0,0,
-1714.3142,-28.5307,3.5452,119.6859,0.00,VEHICLE,0,0,
-1716.0753,-29.5396,3.5542,119.6791,0.00,VEHICLE,0,0,
-1717.9802,-30.6317,3.5537,119.6730,0.00,VEHICLE,0,0,
-1719.8008,-31.6677,3.5648,119.6743,0.00,VEHICLE,0,0,
-1721.6686,-32.6924,3.5581,119.3200,0.00,VEHICLE,0,0,
-1723.9413,-33.6673,3.5658,114.7953,0.00,VEHICLE,0,0,
-1726.1228,-34.1498,3.5476,105.2293,0.00,VEHICLE,0,0,
-1728.4070,-34.4865,3.5377,98.0416,0.00,VEHICLE,0,0,
-1730.5513,-34.7026,3.5467,96.5410,0.00,VEHICLE,0,0,
-1733.2572,-34.7942,3.5450,93.6552,0.00,VEHICLE,0,0,
-1735.9468,-34.7811,3.5436,90.0542,0.00,VEHICLE,0,0,
-1738.2437,-34.7843,3.5376,89.7209,0.00,VEHICLE,0,0,
-1740.3206,-34.7120,3.5492,88.8857,0.00,VEHICLE,0,0,
-1742.2571,-33.9786,3.5480,76.2982,0.00,VEHICLE,0,0,
-1744.0131,-32.6961,3.5479,61.3107,0.00,VEHICLE,0,0,
-1745.3181,-31.0863,3.5633,46.7334,0.00,VEHICLE,0,0,
-1746.3464,-28.5716,3.5440,27.2364,0.00,VEHICLE,0,0,
-1747.1023,-26.1686,3.5476,19.2168,0.00,VEHICLE,0,0,
-1747.9644,-23.4979,3.5479,18.5874,0.00,VEHICLE,0,0,
-1748.6039,-21.5984,3.5481,18.5378,0.00,VEHICLE,0,0,
-1749.3147,-19.5096,3.5483,18.4521,0.00,VEHICLE,0,0,
-1749.8846,-17.2406,3.5482,15.2112,0.00,VEHICLE,0,0,
-1750.2335,-14.6512,3.5457,8.7344,0.00,VEHICLE,0,0,
-1750.4971,-12.3830,3.5458,6.7658,0.00,VEHICLE,0,0,
-1750.7390,-9.9792,3.5470,6.4420,0.00,VEHICLE,0,0,
-1750.9846,-7.5718,3.5475,6.4013,0.00,VEHICLE,0,0,
-1751.2562,-5.0649,3.5475,6.3830,0.00,VEHICLE,0,0,
-1751.5037,-2.8955,3.5474,6.3654,0.00,VEHICLE,0,0,
-1751.8234,-0.0896,3.5476,6.2567,0.00,VEHICLE,0,0,
-1751.9221,2.2350,3.5474,3.5174,0.00,VEHICLE,0,0,
-1751.8256,4.8688,3.5459,358.4481,0.00,VEHICLE,0,0,
-1751.6235,7.9946,3.5458,356.1521,0.00,VEHICLE,0,0,
-1751.4227,10.4719,3.5469,355.8594,0.00,VEHICLE,0,0,
-1751.2228,12.8706,3.5476,355.8156,0.00,VEHICLE,0,0,
-1751.0419,15.1048,3.5476,355.8046,0.00,VEHICLE,0,0,
-1750.9261,17.1539,3.5476,356.3794,0.00,VEHICLE,0,0,
-1750.8798,20.7876,3.5475,359.1670,0.00,VEHICLE,0,0,
-1750.8795,23.7039,3.5472,359.7941,0.00,VEHICLE,0,0,
-1750.8990,27.5548,3.5465,359.9139,0.00,VEHICLE,0,0,
-1750.9072,30.4430,3.5466,359.9270,0.00,VEHICLE,0,0,
-1750.9067,32.5038,3.5467,359.9369,0.00,VEHICLE,0,0,
-1750.8993,35.3006,3.5470,359.9503,0.00,VEHICLE,0,0,
-1750.8909,37.3211,3.5471,359.9596,0.00,VEHICLE,0,0,
-1750.8792,40.1394,3.5471,359.9666,0.00,VEHICLE,0,0,
-1750.8710,42.8530,3.5471,359.9669,0.00,VEHICLE,0,0,
-1750.8678,44.9832,3.5471,359.9634,0.00,VEHICLE,0,0,
-1750.8674,47.9316,3.5470,359.9566,0.00,VEHICLE,0,0,
-1750.8689,49.9913,3.5468,359.9520,0.00,VEHICLE,0,0,
-1750.8717,53.4375,3.5469,359.9476,0.00,VEHICLE,0,0,
-1750.8722,57.1637,3.5468,359.9472,0.00,VEHICLE,0,0,
-1750.8694,60.7870,3.5458,359.9490,0.00,VEHICLE,0,0,
-1750.8643,64.1363,3.5450,359.9518,0.00,VEHICLE,0,0,
-1750.8588,67.5147,3.5450,359.9539,0.00,VEHICLE,0,0,
-1750.8540,71.0705,3.5453,359.9543,0.00,VEHICLE,0,0,
-1750.8511,74.4228,3.5466,359.9529,0.00,VEHICLE,0,0,
-1750.8491,78.0288,3.5473,359.9513,0.00,VEHICLE,0,0,
-1750.8477,81.3324,3.5473,359.9505,0.00,VEHICLE,0,0,
-1750.8627,85.2419,3.5469,0.1960,0.00,VEHICLE,0,0,
-1750.8784,88.7732,3.5456,0.2662,0.00,VEHICLE,0,0,
-1750.8950,92.1918,3.5449,0.2780,0.00,VEHICLE,0,0,
-1750.9117,95.5759,3.5449,0.2796,0.00,VEHICLE,0,0,
-1750.9692,98.9973,3.5450,0.9204,0.00,VEHICLE,0,0,
-1751.0532,102.1762,3.5451,1.5756,0.00,VEHICLE,0,0,
-1751.1482,105.3167,3.5451,1.7250,0.00,VEHICLE,0,0,
-1751.2456,108.4182,3.5450,1.7472,0.00,VEHICLE,0,0,
-1751.3503,111.7431,3.5449,1.7494,0.00,VEHICLE,0,0,
-1751.4526,115.0376,3.5450,1.7500,0.00,VEHICLE,0,0,
-1751.5691,118.3432,3.5459,2.0070,0.00,VEHICLE,0,0,
-1751.6798,121.3452,3.5464,2.1540,0.00,VEHICLE,0,0,
-1751.7882,124.2186,3.5455,2.1839,0.00,VEHICLE,0,0,
-1751.8971,127.0624,3.5450,2.1887,0.00,VEHICLE,0,0,
-1752.0125,130.0559,3.5449,2.1886,0.00,VEHICLE,0,0,
-1752.1382,133.1980,3.5450,2.2443,0.00,VEHICLE,0,0,
-1752.3325,136.0728,3.5450,3.6037,0.00,VEHICLE,0,0,
-1752.5531,139.0450,3.5451,4.3288,0.00,VEHICLE,0,0,
-1752.7673,141.7673,3.5452,4.4520,0.00,VEHICLE,0,0,
-1752.9885,144.5418,3.5450,4.4688,0.00,VEHICLE,0,0,
-1753.2192,147.4472,3.5450,4.4705,0.00,VEHICLE,0,0,
-1753.4457,150.3316,3.5466,4.4730,0.00,VEHICLE,0,0,
-1753.6199,153.3818,3.5480,3.5340,0.00,VEHICLE,0,0,
-1753.7029,156.2076,3.5477,1.7654,0.00,VEHICLE,0,0,
-1753.7694,159.1537,3.5473,1.3002,0.00,VEHICLE,0,0,
-1753.8303,162.2956,3.5470,1.2204,0.00,VEHICLE,0,0,
-1753.8907,165.4871,3.5470,1.2115,0.00,VEHICLE,0,0,
-1753.9506,168.4926,3.5471,1.2091,0.00,VEHICLE,0,0,
-1754.0143,171.5200,3.5470,1.2057,0.00,VEHICLE,0,0,
-1754.0847,174.7502,3.5471,1.2020,0.00,VEHICLE,0,0,
-1754.1309,176.8468,3.5471,1.1999,0.00,VEHICLE,0,0,
-1754.2006,180.0408,3.5471,1.1990,0.00,VEHICLE,0,0,
-1754.3760,183.6716,3.5470,2.6642,0.00,VEHICLE,0,0,
-1754.7584,187.1884,3.5466,6.3873,0.00,VEHICLE,0,0,
-1755.2080,190.7334,3.5523,7.4148,0.00,VEHICLE,0,0,
-1755.6560,194.0550,3.5503,7.5481,0.00,VEHICLE,0,0,
-1756.1235,197.4780,3.5524,7.5634,0.00,VEHICLE,0,0,
-1756.6100,201.0942,3.5598,7.5674,0.00,VEHICLE,0,0,
-1757.0758,204.6275,3.5668,7.5623,0.00,VEHICLE,0,0,
-1757.5461,208.2321,3.5755,7.5631,0.00,VEHICLE,0,0,
-1757.8143,210.2874,3.5805,7.5619,0.00,VEHICLE,0,0,
-1758.0538,212.3300,3.8287,7.0030,0.00,VEHICLE,0,0,
-1758.1580,216.2368,4.5123,0.9273,0.00,VEHICLE,0,0,
-1757.8408,219.7399,5.3288,353.8906,0.00,VEHICLE,0,0,
-1757.4185,223.2580,5.9527,351.2937,0.00,VEHICLE,0,0,
-1757.0077,226.0029,6.2519,350.4528,0.00,VEHICLE,0,0,
-1756.6630,228.0755,6.3491,350.2152,0.00,VEHICLE,0,0,
-1756.0896,231.0529,6.3145,349.2508,0.00,VEHICLE,0,0,
-1755.2391,234.0601,6.3102,345.3286,0.00,VEHICLE,0,0,
-1754.0490,237.2661,6.4152,340.2454,0.00,VEHICLE,0,0,
-1752.6835,240.6663,6.5215,338.7567,0.00,VEHICLE,0,0,
-1751.3636,243.9460,6.6009,338.5517,0.00,VEHICLE,0,0,
-1750.0699,247.2368,6.6847,338.4925,0.00,VEHICLE,0,0,
-1749.1438,249.6284,6.7460,338.4691,0.00,VEHICLE,0,0,
-1747.7133,253.3339,6.8387,338.4482,0.00,VEHICLE,0,0,
-1746.3878,256.7331,6.9239,338.4551,0.00,VEHICLE,0,0,
-1745.0803,260.0425,7.0057,338.4706,0.00,VEHICLE,0,0,
-1743.7401,263.4091,7.0890,338.4864,0.00,VEHICLE,0,0,
-1742.3334,266.9421,7.1695,338.4936,0.00,VEHICLE,0,0,
-1740.9124,270.5301,7.1977,338.4884,0.00,VEHICLE,0,0,
-1740.1605,272.4368,7.1902,338.4843,0.00,VEHICLE,0,0,
-1738.9546,275.5049,7.1789,338.4734,0.00,VEHICLE,0,0,
-1738.0719,277.7541,7.1789,338.4691,0.00,VEHICLE,0,0,
-1736.9901,280.5089,7.1804,338.4673,0.00,VEHICLE,0,0,
-1736.1614,282.6157,7.1805,338.4677,0.00,VEHICLE,0,0,
-1735.3230,284.7430,7.1800,338.4695,0.00,VEHICLE,0,0,
-1734.5697,286.6516,7.1800,338.4730,0.00,VEHICLE,0,0,
-1733.3083,289.8430,7.1811,338.4769,0.00,VEHICLE,0,0,
-1732.5270,291.8192,7.1810,338.4785,0.00,VEHICLE,0,0,
-1731.2766,294.9828,7.1801,338.4797,0.00,VEHICLE,0,0,
-1730.0507,298.0880,7.1800,338.4784,0.00,VEHICLE,0,0,
-1729.0931,300.5160,7.1812,338.4767,0.00,VEHICLE,0,0,
-1728.2457,302.6665,7.1813,338.4753,0.00,VEHICLE,0,0,
-1727.4792,304.6121,7.1808,338.4743,0.00,VEHICLE,0,0,
-1726.5762,306.9051,7.1800,338.4733,0.00,VEHICLE,0,0,
-1725.6475,309.2624,7.1796,338.4728,0.00,VEHICLE,0,0,
-1724.6005,311.8659,7.1805,338.2146,0.00,VEHICLE,0,0,
-1723.5336,314.3607,7.1811,337.0957,0.00,VEHICLE,0,0,
-1722.1351,317.5753,7.1801,336.2895,0.00,VEHICLE,0,0,
-1721.1243,319.8608,7.1793,336.1131,0.00,VEHICLE,0,0,
-1720.1499,322.0686,7.1538,336.0207,0.00,VEHICLE,0,0,
-1719.2297,324.1621,7.1207,335.9958,0.00,VEHICLE,0,0,
-1718.0524,326.7823,7.0568,335.6381,0.00,VEHICLE,0,0,
-1716.9371,329.0508,7.0159,334.1967,0.00,VEHICLE,0,0,
-1714.6672,332.8464,7.0105,328.6089,0.00,VEHICLE,0,0,
-1713.1753,334.8970,7.0177,324.3045,0.00,VEHICLE,0,0,
-1711.7008,336.6823,7.0209,320.1401,0.00,VEHICLE,0,0,
-1709.2318,339.3826,7.0213,315.4480,0.00,VEHICLE,0,0,
-1707.4875,341.1113,7.0218,313.7148,0.00,VEHICLE,0,0,
-1705.6307,342.8429,7.0226,312.8600,0.00,VEHICLE,0,0,
-1703.6549,344.6396,7.0231,312.5842,0.00,VEHICLE,0,0,
-1701.9052,346.2257,7.0233,312.5224,0.00,VEHICLE,0,0,
-1698.8131,349.0794,7.0232,312.8764,0.00,VEHICLE,0,0,
-1697.0001,350.8689,7.0230,314.2398,0.00,VEHICLE,0,0,
-1694.1646,353.7266,7.0228,315.4421,0.00,VEHICLE,0,0,
-1692.2437,355.7036,7.0229,315.6832,0.00,VEHICLE,0,0,
-1690.3749,357.6391,7.0231,315.7488,0.00,VEHICLE,0,0,
-1688.7268,359.3473,7.0233,315.7628,0.00,VEHICLE,0,0,
-1687.1016,361.0293,7.0234,315.7671,0.00,VEHICLE,0,0,
-1685.3712,362.8151,7.0234,315.7714,0.00,VEHICLE,0,0,
-1683.7295,364.5046,7.0233,315.7770,0.00,VEHICLE,0,0,
-1681.9242,366.3573,7.0233,315.7848,0.00,VEHICLE,0,0,
-1680.1398,368.1850,7.0234,315.7926,0.00,VEHICLE,0,0,
-1677.9460,370.4294,7.0235,315.8006,0.00,VEHICLE,0,0,
-1675.0847,373.3590,7.0227,315.8057,0.00,VEHICLE,0,0,
-1672.2715,376.2466,7.0215,315.8053,0.00,VEHICLE,0,0,
-1670.5515,378.0161,7.0213,315.8026,0.00,VEHICLE,0,0,
-1668.7460,379.8761,7.0215,315.7981,0.00,VEHICLE,0,0,
-1666.7756,381.9076,7.0224,315.7926,0.00,VEHICLE,0,0,
-1664.6698,384.0785,7.0243,315.7895,0.00,VEHICLE,0,0,
-1662.8546,385.9485,7.0251,315.7895,0.00,VEHICLE,0,0,
-1660.8900,387.9706,7.0253,315.7914,0.00,VEHICLE,0,0,
-1658.6720,390.2509,7.0248,315.7950,0.00,VEHICLE,0,0,
-1655.3403,393.6727,7.0244,315.8008,0.00,VEHICLE,0,0,
-1653.4059,395.6590,7.0244,315.8027,0.00,VEHICLE,0,0,
-1651.3623,397.7578,7.0245,315.8035,0.00,VEHICLE,0,0,
-1649.2727,399.9048,7.0245,315.8031,0.00,VEHICLE,0,0,
-1647.3328,401.8991,7.0246,315.8018,0.00,VEHICLE,0,0,
-1645.3633,403.9248,7.0245,315.8002,0.00,VEHICLE,0,0,
-1643.4700,405.8729,7.0245,315.7988,0.00,VEHICLE,0,0,
-1641.5692,407.8290,7.0245,315.7975,0.00,VEHICLE,0,0,
-1639.6248,409.8300,7.0245,315.7968,0.00,VEHICLE,0,0,
-1637.4218,412.0968,7.0246,315.7966,0.00,VEHICLE,0,0,
-1635.4763,414.0978,7.0246,315.7969,0.00,VEHICLE,0,0,
-1633.4417,416.1901,7.0246,315.7976,0.00,VEHICLE,0,0,
-1631.4254,418.2630,7.0246,315.7985,0.00,VEHICLE,0,0,
-1629.4739,420.2692,7.0246,315.7992,0.00,VEHICLE,0,0,
-1627.3915,422.4097,7.0246,315.7999,0.00,VEHICLE,0,0,
-1625.2177,424.6443,7.0246,315.8002,0.00,VEHICLE,0,0,
-1623.0293,426.8940,7.0246,315.8003,0.00,VEHICLE,0,0,
-1620.9714,429.0098,7.0246,315.8000,0.00,VEHICLE,0,0,
-1618.8102,431.2322,7.0246,315.7997,0.00,VEHICLE,0,0,
-1615.4537,434.6840,7.0239,315.7992,0.00,VEHICLE,0,0,
-1613.1055,437.0993,7.0233,315.7988,0.00,VEHICLE,0,0,
-1609.5029,440.8046,7.0228,315.7985,0.00,VEHICLE,0,0,
-1607.0371,443.3405,7.0229,315.7984,0.00,VEHICLE,0,0,
-1604.3553,446.0912,7.0233,315.7358,0.00,VEHICLE,0,0,
-1601.8051,448.7014,7.0233,315.6353,0.00,VEHICLE,0,0,
-1599.1863,451.4036,7.0233,315.8415,0.00,VEHICLE,0,0,
-1595.6282,455.1513,7.0232,316.6771,0.00,VEHICLE,0,0,
-1593.2316,457.7018,7.0231,316.9164,0.00,VEHICLE,0,0,
-1589.8519,461.3269,7.0230,317.0462,0.00,VEHICLE,0,0,
-1587.3433,464.1219,7.0232,317.9440,0.00,VEHICLE,0,0,
-1586.0326,465.6931,7.0233,319.3613,0.00,VEHICLE,0,0,
-1584.7609,467.3057,7.0230,321.2080,0.00,VEHICLE,0,0,
-1582.7771,470.0727,7.0221,324.7742,0.00,VEHICLE,0,0,
-1580.9719,472.9228,7.0208,328.5985,0.00,VEHICLE,0,0,
-1579.1475,476.0843,7.0197,332.1338,0.00,VEHICLE,0,0,
-1577.6687,478.9294,7.0197,334.3238,0.00,VEHICLE,0,0,
-1576.1592,482.1183,7.0206,335.9160,0.00,VEHICLE,0,0,
-1574.8486,485.1130,7.0218,336.7513,0.00,VEHICLE,0,0,
-1573.5791,488.1486,7.0232,337.0523,0.00,VEHICLE,0,0,
-1572.3679,491.0745,7.0244,337.1251,0.00,VEHICLE,0,0,
-1571.5845,492.9666,7.0246,337.1395,0.00,VEHICLE,0,0,
-1570.2404,496.3391,7.0237,337.8742,0.00,VEHICLE,0,0,
-1569.0668,499.6135,7.0228,340.1369,0.00,VEHICLE,0,0,
-1567.5957,504.7812,7.0224,345.7704,0.00,VEHICLE,0,0,
-1566.8158,508.2509,7.0215,348.7195,0.00,VEHICLE,0,0,
-1566.4088,510.2592,7.0209,349.8308,0.00,VEHICLE,0,0,
-1566.0389,512.2566,7.0204,350.7072,0.00,VEHICLE,0,0,
-1565.4662,515.8191,7.0203,351.8611,0.00,VEHICLE,0,0,
-1564.9773,519.4089,7.0211,352.5192,0.00,VEHICLE,0,0,
-1564.5354,523.0508,7.0224,352.7167,0.00,VEHICLE,0,0,
-1564.1123,526.6081,7.0232,352.7562,0.00,VEHICLE,0,0,
-1563.7435,529.6707,7.0231,352.7606,0.00,VEHICLE,0,0,
-1563.3033,533.2410,7.0227,352.7682,0.00,VEHICLE,0,0,
-1562.8846,536.5490,7.0223,352.7841,0.00,VEHICLE,0,0,
-1562.4476,539.9322,7.0226,352.8004,0.00,VEHICLE,0,0,
-1562.0337,543.1034,7.0229,352.8151,0.00,VEHICLE,0,0,
-1561.5757,546.6058,7.0232,352.8293,0.00,VEHICLE,0,0,
-1561.1302,550.0388,7.0233,352.8359,0.00,VEHICLE,0,0,
-1560.6863,553.5109,7.0230,352.8327,0.00,VEHICLE,0,0,
-1560.4398,555.5410,7.0230,352.9553,0.00,VEHICLE,0,0,
-1559.9357,560.9881,7.0228,355.1129,0.00,VEHICLE,0,0,
-1559.6823,564.4850,7.0227,356.1343,0.00,VEHICLE,0,0,
-1559.4742,567.8896,7.0227,356.5514,0.00,VEHICLE,0,0,
-1559.2791,571.3815,7.0228,356.6831,0.00,VEHICLE,0,0,
-1558.9830,576.8474,7.0231,356.7256,0.00,VEHICLE,0,0,
-1558.7780,580.5897,7.0231,356.7309,0.00,VEHICLE,0,0,
-1558.6008,583.7501,7.0231,356.7347,0.00,VEHICLE,0,0,
-1558.4840,585.7945,7.0231,356.7394,0.00,VEHICLE,0,0,
-1558.2809,589.3722,7.0257,356.7995,0.00,VEHICLE,0,0,
-1558.1263,593.2106,7.0307,357.7469,0.00,VEHICLE,0,0,
-1557.9795,598.6856,7.0322,359.0435,0.00,VEHICLE,0,0,
-1557.9215,602.4103,7.0308,359.3169,0.00,VEHICLE,0,0,
-1557.8695,607.5771,7.0303,359.3927,0.00,VEHICLE,0,0,
-1557.8407,611.3514,7.0308,359.3928,0.00,VEHICLE,0,0,
-1557.8259,613.3995,7.0310,359.3889,0.00,VEHICLE,0,0,
-1557.8239,616.9219,7.0312,359.7071,0.00,VEHICLE,0,0,
-1557.9230,620.6025,7.0311,1.4079,0.00,VEHICLE,0,0,
-1557.9874,622.6466,7.0311,2.1008,0.00,VEHICLE,0,0,
-1558.2235,628.0150,7.0308,2.8965,0.00,VEHICLE,0,0,
-1558.4032,631.5410,7.0308,3.0226,0.00,VEHICLE,0,0,
-1558.6937,636.9407,7.0309,3.0572,0.00,VEHICLE,0,0,
-1558.8062,638.9877,7.0310,3.0569,0.00,VEHICLE,0,0,
-1559.0040,642.5778,7.0311,3.0541,0.00,VEHICLE,0,0,
-1559.1923,646.4322,7.0309,2.7385,0.00,VEHICLE,0,0,
-1559.3431,649.8591,7.0309,2.3561,0.00,VEHICLE,0,0,
-1559.5507,655.1648,7.0309,2.1450,0.00,VEHICLE,0,0,
-1559.6833,658.8279,7.0310,2.1137,0.00,VEHICLE,0,0,
-1559.8105,662.4407,7.0310,2.1092,0.00,VEHICLE,0,0,
-1559.9973,667.7587,7.0310,2.1123,0.00,VEHICLE,0,0,
-1560.1143,671.0393,7.0311,2.1128,0.00,VEHICLE,0,0,
-1560.2469,674.9496,7.0310,1.9840,0.00,VEHICLE,0,0,
-1560.3674,680.4028,7.0310,1.0380,0.00,VEHICLE,0,0,
-1560.4229,683.7177,7.0309,0.7825,0.00,VEHICLE,0,0,
-1560.4674,686.9590,7.0307,0.6943,0.00,VEHICLE,0,0,
-1560.5062,690.1771,7.0308,0.6651,0.00,VEHICLE,0,0,
-1560.5409,693.3315,7.0308,0.6584,0.00,VEHICLE,0,0,
-1560.5767,696.7944,7.0309,0.6601,0.00,VEHICLE,0,0,
-1560.6135,700.4517,7.0310,0.6637,0.00,VEHICLE,0,0,
-1560.6473,703.7234,7.0311,0.6656,0.00,VEHICLE,0,0,
-1560.6842,707.1402,7.0311,0.6658,0.00,VEHICLE,0,0,
-1560.7223,710.4881,7.0310,0.6640,0.00,VEHICLE,0,0,
-1560.7596,713.6382,7.0309,0.6617,0.00,VEHICLE,0,0,
-1560.7993,716.8986,7.0309,0.6587,0.00,VEHICLE,0,0,
-1560.8594,721.8099,7.0309,0.6554,0.00,VEHICLE,0,0,
-1560.8972,724.9357,7.0308,0.6547,0.00,VEHICLE,0,0,
-1560.9355,728.3842,7.0309,0.6243,0.00,VEHICLE,0,0,
-1560.9395,731.8396,7.0310,0.1425,0.00,VEHICLE,0,0,
-1560.9094,736.8032,7.0309,359.4461,0.00,VEHICLE,0,0,
-1560.8481,741.8640,7.0308,359.2513,0.00,VEHICLE,0,0,
-1560.7743,746.9647,7.0309,359.2198,0.00,VEHICLE,0,0,
-1560.7236,750.3388,7.0309,359.2174,0.00,VEHICLE,0,0,
-1560.6759,753.5612,7.0310,359.2177,0.00,VEHICLE,0,0,
-1560.6273,756.9390,7.0310,359.2169,0.00,VEHICLE,0,0,
-1560.5813,760.2553,7.0310,359.2154,0.00,VEHICLE,0,0,
-1560.5133,765.3283,7.0309,359.2115,0.00,VEHICLE,0,0,
-1560.4419,770.7887,7.0309,359.2076,0.00,VEHICLE,0,0,
-1560.3976,774.1534,7.0309,359.2065,0.00,VEHICLE,0,0,
-1560.3527,777.4980,7.0309,359.2064,0.00,VEHICLE,0,0,
-1560.3054,780.9419,7.0309,359.2071,0.00,VEHICLE,0,0,
-1560.2605,784.1572,7.0309,359.2085,0.00,VEHICLE,0,0,
-1560.1874,789.3155,7.0310,359.2110,0.00,VEHICLE,0,0,
-1560.1128,794.5823,7.0310,359.2124,0.00,VEHICLE,0,0,
-1560.0607,798.2954,7.0309,359.2124,0.00,VEHICLE,0,0,
-1560.0135,801.7116,7.0310,359.2119,0.00,VEHICLE,0,0,
-1559.9674,805.0804,7.0309,359.2109,0.00,VEHICLE,0,0,
-1559.8961,810.3509,7.0310,359.2095,0.00,VEHICLE,0,0,
-1559.8535,813.5030,7.0310,359.2090,0.00,VEHICLE,0,0,
-1559.8110,816.6238,7.0310,359.2087,0.00,VEHICLE,0,0,
-1559.7660,819.9082,7.0309,359.2088,0.00,VEHICLE,0,0,
-1559.7203,823.2153,7.0309,359.2092,0.00,VEHICLE,0,0,
-1559.6768,826.3612,7.0310,359.2097,0.00,VEHICLE,0,0,
-1559.6342,829.4254,7.0310,359.2101,0.00,VEHICLE,0,0,
-1559.5846,832.9857,7.0311,359.2106,0.00,VEHICLE,0,0,
-1559.5426,836.0123,7.0311,359.2108,0.00,VEHICLE,0,0,
-1559.4978,839.2488,7.0310,359.2108,0.00,VEHICLE,0,0,
-1559.4534,842.4636,7.0309,359.2106,0.00,VEHICLE,0,0,
-1559.4104,845.5884,7.0309,359.2104,0.00,VEHICLE,0,0,
-1559.3689,848.6165,7.0309,359.2101,0.00,VEHICLE,0,0,
-1559.3206,852.1398,7.0310,359.2099,0.00,VEHICLE,0,0,
-1559.2759,855.3935,7.0310,359.2097,0.00,VEHICLE,0,0,
-1559.2333,858.4948,7.0310,359.2097,0.00,VEHICLE,0,0,
-1559.1881,861.7783,7.0310,359.2097,0.00,VEHICLE,0,0,
-1559.1404,865.2393,7.0310,359.2099,0.00,VEHICLE,0,0,
-1559.0967,868.4004,7.0310,359.2101,0.00,VEHICLE,0,0,
-1559.0494,871.8179,7.0310,359.2102,0.00,VEHICLE,0,0,
-1559.0076,875.3458,7.0309,359.2975,0.00,VEHICLE,0,0,
-1559.0043,878.7830,7.0311,359.8937,0.00,VEHICLE,0,0,
-1559.0117,882.0656,7.0311,0.2720,0.00,VEHICLE,0,0,
-1559.0310,885.2196,7.0310,0.4284,0.00,VEHICLE,0,0,
-1559.0570,888.3634,7.0308,0.4816,0.00,VEHICLE,0,0,
-1559.0856,891.4538,7.0308,0.4984,0.00,VEHICLE,0,0,
-1559.1158,894.5693,7.0308,0.5022,0.00,VEHICLE,0,0,
-1559.1501,898.0262,7.0309,0.5013,0.00,VEHICLE,0,0,
-1559.1812,901.2168,7.0310,0.5004,0.00,VEHICLE,0,0,
-1559.2267,906.1547,7.0309,0.5013,0.00,VEHICLE,0,0,
-1559.2560,909.5189,7.0310,0.5032,0.00,VEHICLE,0,0,
-1559.2842,912.8744,7.0310,0.5055,0.00,VEHICLE,0,0,
-1559.3104,916.0545,7.0309,0.5075,0.00,VEHICLE,0,0,
-1559.3528,921.1644,7.0310,0.5096,0.00,VEHICLE,0,0,
-1559.3835,924.7664,7.0310,0.5098,0.00,VEHICLE,0,0,
-1559.4099,927.7794,7.0309,0.5093,0.00,VEHICLE,0,0,
-1559.4564,932.9259,7.0304,0.5075,0.00,VEHICLE,0,0,
-1559.4749,934.9369,7.0299,0.5066,0.00,VEHICLE,0,0,
-1559.5079,938.5371,7.0294,0.5053,0.00,VEHICLE,0,0,
-1559.5394,941.9767,7.0294,0.5046,0.00,VEHICLE,0,0,
-1559.5712,945.5014,7.0298,0.5047,0.00,VEHICLE,0,0,
-1559.6003,948.7904,7.0307,0.5054,0.00,VEHICLE,0,0,
-1559.6309,952.2773,7.0316,0.5065,0.00,VEHICLE,0,0,
-1559.6481,954.2794,7.0319,0.5071,0.00,VEHICLE,0,0,
-1559.8086,959.5855,7.0316,2.0221,0.00,VEHICLE,0,0,
-1559.9756,962.7623,7.0312,3.3685,0.00,VEHICLE,0,0,
-1560.3676,967.7188,7.1747,4.6315,0.00,VEHICLE,0,0,
-1560.6616,971.0190,7.2839,4.6970,0.00,VEHICLE,0,0,
-1560.9270,974.1482,7.3066,4.6669,0.00,VEHICLE,0,0,
-1561.3287,979.0892,7.2639,4.6817,0.00,VEHICLE,0,0,
-1561.6173,982.7402,7.2496,4.7004,0.00,VEHICLE,0,0,
-1561.8999,986.4125,7.1988,4.7477,0.00,VEHICLE,0,0,
-1562.1519,989.4543,7.0778,5.0322,0.00,VEHICLE,0,0,
-1562.8246,994.6334,6.9715,8.2636,0.00,VEHICLE,0,0,
-1563.3615,997.9778,7.0028,9.6689,0.00,VEHICLE,0,0,
-1563.8745,1000.8329,7.0254,10.1838,0.00,VEHICLE,0,0,
-1564.8219,1005.8081,7.0357,10.4059,0.00,VEHICLE,0,0,
-1565.4591,1009.1052,7.0333,10.4165,0.00,VEHICLE,0,0,
-1566.3778,1013.9113,7.0368,10.4138,0.00,VEHICLE,0,0,
-1566.9944,1017.1752,7.0660,10.4036,0.00,VEHICLE,0,0,
-1567.8665,1021.8610,7.1472,10.4152,0.00,VEHICLE,0,0,
-1568.4468,1025.0413,7.1850,10.5069,0.00,VEHICLE,0,0,
-1569.4827,1030.0338,7.1892,12.5021,0.00,VEHICLE,0,0,
-1570.2324,1033.2139,7.1815,14.1418,0.00,VEHICLE,0,0,
-1571.4916,1038.0990,7.1762,15.1867,0.00,VEHICLE,0,0,
-1572.4641,1041.6545,7.1767,15.3592,0.00,VEHICLE,0,0,
-1573.2394,1044.4265,7.1777,15.3877,0.00,VEHICLE,0,0,
-1574.6442,1049.3934,7.1795,15.3398,0.00,VEHICLE,0,0,
-1575.6062,1052.9502,7.1798,14.7571,0.00,VEHICLE,0,0,
-1576.3680,1056.2758,7.1789,12.7214,0.00,VEHICLE,0,0,
-1577.0648,1059.6080,7.1570,10.8033,0.00,VEHICLE,0,0,
-1577.6348,1062.5642,7.1326,9.6245,0.00,VEHICLE,0,0,
-1578.1826,1065.6740,7.1031,8.5956,0.00,VEHICLE,0,0,
-1578.6493,1068.7260,7.0845,8.1333,0.00,VEHICLE,0,0,
-1579.0739,1071.7439,7.0596,8.0418,0.00,VEHICLE,0,0,
-1579.3409,1073.7698,7.0337,8.0375,0.00,VEHICLE,0,0,
-1579.7744,1077.1704,7.0083,8.0205,0.00,VEHICLE,0,0,
-1580.1654,1080.2985,7.0128,8.0376,0.00,VEHICLE,0,0,
-1580.6091,1083.5260,7.0259,8.5157,0.00,VEHICLE,0,0,
-1581.1134,1086.5897,7.0313,9.8297,0.00,VEHICLE,0,0,
-1581.6227,1089.4590,7.0302,10.7448,0.00,VEHICLE,0,0,
-1582.1880,1092.4038,7.0281,11.4208,0.00,VEHICLE,0,0,
-1582.7885,1095.2977,7.0276,11.8775,0.00,VEHICLE,0,0,
-1583.4355,1098.2372,7.0288,12.0974,0.00,VEHICLE,0,0,
-1584.6327,1103.4454,7.0312,12.4162,0.00,VEHICLE,0,0,
-1585.4772,1106.6482,7.0311,14.0716,0.00,VEHICLE,0,0,
-1586.2789,1109.5148,7.0308,15.6863,0.00,VEHICLE,0,0,
-1587.6200,1114.0773,7.0306,16.8427,0.00,VEHICLE,0,0,
-1588.6111,1117.3616,7.0307,17.0943,0.00,VEHICLE,0,0,
-1589.6219,1120.6769,7.0308,17.1810,0.00,VEHICLE,0,0,
-1591.0504,1125.3197,7.0308,17.2051,0.00,VEHICLE,0,0,
-1592.0444,1128.5546,7.0506,17.2187,0.00,VEHICLE,0,0,
-1593.0691,1131.9253,7.1000,17.2342,0.00,VEHICLE,0,0,
-1594.4683,1136.4788,7.1677,17.2315,0.00,VEHICLE,0,0,
-1595.4104,1139.4873,7.1873,17.2117,0.00,VEHICLE,0,0,
-1596.4351,1142.7211,7.1769,17.1700,0.00,VEHICLE,0,0,
-1598.1027,1147.8544,7.0916,17.1824,0.00,VEHICLE,0,0,
-1599.1205,1150.7927,7.0463,18.1414,0.00,VEHICLE,0,0,
-1600.2375,1153.7759,7.0147,20.3774,0.00,VEHICLE,0,0,
-1601.4167,1156.5645,7.0144,23.3025,0.00,VEHICLE,0,0,
-1602.6368,1159.1243,7.0228,26.2353,0.00,VEHICLE,0,0,
-1603.8304,1161.4816,7.0280,27.9406,0.00,VEHICLE,0,0,
-1605.1187,1163.9076,7.0293,28.8100,0.00,VEHICLE,0,0,
-1606.4187,1166.2737,7.0283,29.1772,0.00,VEHICLE,0,0,
-1607.6555,1168.4880,7.0271,29.2418,0.00,VEHICLE,0,0,
-1608.9263,1170.7366,7.0244,29.0197,0.00,VEHICLE,0,0,
-1610.2444,1173.0605,7.0365,28.6697,0.00,VEHICLE,0,0,
-1611.4585,1175.2256,7.0671,28.3742,0.00,VEHICLE,0,0,
-1613.1442,1178.2933,7.1109,28.1247,0.00,VEHICLE,0,0,
-1614.1687,1180.2024,7.1184,28.0407,0.00,VEHICLE,0,0,
-1615.6927,1183.0991,7.1060,28.0222,0.00,VEHICLE,0,0,
-1616.6415,1184.9130,7.0945,28.0439,0.00,VEHICLE,0,0,
-1617.5890,1186.7189,7.0784,28.0577,0.00,VEHICLE,0,0,
-1618.5397,1188.5225,7.0572,28.0600,0.00,VEHICLE,0,0,
-1619.5255,1190.3822,7.0374,28.0551,0.00,VEHICLE,0,0,
-1620.5342,1192.2750,7.0268,28.0453,0.00,VEHICLE,0,0,
-1621.5182,1194.1143,7.0229,28.0356,0.00,VEHICLE,0,0,
-1622.4749,1195.8979,7.0265,28.0282,0.00,VEHICLE,0,0,
-1624.6697,1199.9630,7.0326,28.1789,0.00,VEHICLE,0,0,
-1625.9163,1202.0936,7.0322,29.5622,0.00,VEHICLE,0,0,
-1627.8162,1205.1115,7.0311,32.5143,0.00,VEHICLE,0,0,
-1629.0170,1206.9590,7.0309,33.2859,0.00,VEHICLE,0,0,
-1630.3020,1208.9025,7.0309,33.5995,0.00,VEHICLE,0,0,
-1631.5389,1210.7560,7.0310,33.6916,0.00,VEHICLE,0,0,
-1632.7603,1212.5778,7.0311,33.7158,0.00,VEHICLE,0,0,
-1634.0902,1214.5574,7.0313,33.7193,0.00,VEHICLE,0,0,
-1635.4320,1216.5544,7.0315,33.7177,0.00,VEHICLE,0,0,
-1636.8658,1218.6913,7.0316,33.7170,0.00,VEHICLE,0,0,
-1638.2222,1220.7036,7.0314,33.8147,0.00,VEHICLE,0,0,
-1639.8386,1222.9563,7.0313,35.1280,0.00,VEHICLE,0,0,
-1641.3667,1224.8882,7.0310,37.7638,0.00,VEHICLE,0,0,
-1643.0004,1226.9119,7.0306,39.5212,0.00,VEHICLE,0,0,
-1644.5575,1228.7729,7.0303,40.2428,0.00,VEHICLE,0,0,
-1646.9270,1231.5438,7.0304,40.5506,0.00,VEHICLE,0,0,
-1648.4207,1233.2745,7.0307,40.5826,0.00,VEHICLE,0,0,
-1650.0546,1235.1628,7.0311,40.5854,0.00,VEHICLE,0,0,
-1651.6046,1236.9546,7.0313,40.5826,0.00,VEHICLE,0,0,
-1653.2463,1238.8563,7.0313,40.5819,0.00,VEHICLE,0,0,
-1654.8644,1240.7366,7.0312,40.5854,0.00,VEHICLE,0,0,
-1657.3376,1243.6234,7.0311,40.5970,0.00,VEHICLE,0,0,
-1659.0511,1245.6300,7.0313,40.6064,0.00,VEHICLE,0,0,
-1660.6143,1247.4625,7.0313,40.6132,0.00,VEHICLE,0,0,
-1663.2258,1250.5231,7.0313,40.6193,0.00,VEHICLE,0,0,
-1665.2123,1252.7695,7.0313,41.3051,0.00,VEHICLE,0,0,
-1667.1952,1254.7917,7.0302,43.8604,0.00,VEHICLE,0,0,
-1668.9883,1256.5309,7.0288,46.1309,0.00,VEHICLE,0,0,
-1670.9208,1258.3323,7.0282,47.3642,0.00,VEHICLE,0,0,
-1673.5529,1260.7064,7.0289,47.9330,0.00,VEHICLE,0,0,
-1676.3892,1263.2264,7.0298,48.0493,0.00,VEHICLE,0,0,
-1678.2164,1264.8442,7.0298,48.0916,0.00,VEHICLE,0,0,
-1680.0248,1266.3917,7.0296,48.7507,0.00,VEHICLE,0,0,
-1681.8834,1267.8372,7.0294,51.0461,0.00,VEHICLE,0,0,
-1683.5620,1269.0320,7.0293,53.8213,0.00,VEHICLE,0,0,
-1685.2942,1270.2202,7.0291,55.8535,0.00,VEHICLE,0,0,
-1687.0757,1271.3977,7.0290,56.9073,0.00,VEHICLE,0,0,
-1688.8202,1272.5216,7.0291,57.3658,0.00,VEHICLE,0,0,
-1690.5371,1273.6111,7.0292,57.5462,0.00,VEHICLE,0,0,
-1692.3181,1274.7316,7.0294,57.6100,0.00,VEHICLE,0,0,
-1694.0345,1275.8070,7.0295,57.6260,0.00,VEHICLE,0,0,
-1697.2850,1277.8420,7.0243,57.6194,0.00,VEHICLE,0,0,
-1700.0400,1279.5759,7.0190,57.8178,0.00,VEHICLE,0,0,
-1702.3048,1281.0049,7.0199,58.0965,0.00,VEHICLE,0,0,
-1704.1846,1282.1868,7.0207,58.3154,0.00,VEHICLE,0,0,
-1705.8994,1283.2539,7.0241,58.3489,0.00,VEHICLE,0,0,
-1707.6327,1284.3231,7.0292,58.3450,0.00,VEHICLE,0,0,
-1709.5225,1285.4817,7.0321,58.3363,0.00,VEHICLE,0,0,
-1711.3854,1286.6234,7.0326,58.3333,0.00,VEHICLE,0,0,
-1713.4382,1287.8855,7.0322,58.3348,0.00,VEHICLE,0,0,
-1715.5527,1289.1625,7.0306,58.6799,0.00,VEHICLE,0,0,
-1717.6177,1290.1052,7.0300,63.4033,0.00,VEHICLE,0,0,
-1719.6432,1290.7977,7.0308,69.6345,0.00,VEHICLE,0,0,
-1721.7286,1291.4741,7.0346,71.6919,0.00,VEHICLE,0,0,
-1723.7207,1291.9120,7.0371,75.0421,0.00,VEHICLE,0,0,
-1726.5627,1292.4957,7.0299,77.6875,0.00,VEHICLE,0,0,
-1728.7262,1292.9305,7.0098,78.0436,0.00,VEHICLE,0,0,
-1731.0625,1293.1921,6.9595,81.7368,0.00,VEHICLE,0,0,
-1733.3098,1293.1732,6.8900,88.3015,0.00,VEHICLE,0,0,
-1735.3632,1293.1001,6.8495,91.0721,0.00,VEHICLE,0,0,
-1738.3126,1292.9495,6.8516,91.9893,0.00,VEHICLE,0,0,
-1740.4668,1292.5726,6.8777,96.7888,0.00,VEHICLE,0,0,
-1742.4674,1291.9208,6.7948,105.0978,0.00,VEHICLE,0,0,
-1744.9984,1290.3060,6.8157,121.1674,0.00,VEHICLE,0,0,
-1746.6760,1288.2314,6.8394,137.7697,0.00,VEHICLE,0,0,
-1747.6978,1285.9067,7.0972,151.9113,0.00,VEHICLE,0,0,
-1748.1273,1283.5760,7.2733,164.6023,0.00,VEHICLE,0,0,
-1748.0673,1281.3594,7.3326,176.0247,0.00,VEHICLE,0,0,
-1747.5100,1278.9103,7.3261,189.0667,0.00,VEHICLE,0,0,
-1746.4720,1276.8071,7.2628,201.9184,0.00,VEHICLE,0,0,
-1745.0742,1275.0311,7.2225,213.8454,0.00,VEHICLE,0,0,
-1743.0887,1273.3949,7.1227,226.7806,0.00,VEHICLE,0,0,
-1741.2756,1272.4650,7.0200,237.5768,0.00,VEHICLE,0,0,
-1738.7627,1271.8296,6.8844,251.6235,0.00,VEHICLE,0,0,
-1736.3545,1271.8163,6.7916,264.5730,0.00,VEHICLE,0,0,
-1733.9502,1272.3671,6.7761,278.0033,0.00,VEHICLE,0,0,
-1731.8679,1273.1842,6.7716,287.4809,0.00,VEHICLE,0,0,
-1729.9291,1274.4968,6.8344,299.3816,0.00,VEHICLE,0,0,
-1728.0334,1276.3900,6.8671,311.9519,0.00,VEHICLE,0,0,
-1725.9982,1278.4324,6.9431,315.0476,0.00,VEHICLE,0,0,
-1724.3584,1279.9680,7.0304,314.3579,0.00,VEHICLE,0,0,
-1722.3804,1281.4480,7.1386,309.0731,0.00,VEHICLE,0,0,
-1720.3530,1282.5930,7.1833,302.1112,0.00,VEHICLE,0,0,
-1718.0977,1283.4423,7.1875,293.2458,0.00,VEHICLE,0,0,
-1715.8273,1283.8346,7.1786,282.7473,0.00,VEHICLE,0,0,
-1713.6917,1283.7755,7.1736,271.8716,0.00,VEHICLE,0,0,
-1711.5272,1283.3669,7.1406,260.8484,0.00,VEHICLE,0,0,
-1709.5304,1282.6376,7.0895,251.0228,0.00,VEHICLE,0,0,
-1707.6337,1281.7422,7.0563,241.5636,0.00,VEHICLE,0,0,
-1705.7720,1280.7416,7.0321,234.7465,0.00,VEHICLE,0,0,
-1704.0287,1279.5278,7.0273,229.5312,0.00,VEHICLE,0,0,
-1702.3557,1278.0515,7.0311,227.4308,0.00,VEHICLE,0,0,
-1700.6034,1276.4158,7.0318,227.2258,0.00,VEHICLE,0,0,
-1698.8409,1274.7739,7.0305,227.2134,0.00,VEHICLE,0,0,
-1697.1124,1273.1729,7.0298,227.2042,0.00,VEHICLE,0,0,
-1695.3364,1271.5341,7.0334,227.1958,0.00,VEHICLE,0,0,
-1693.4969,1269.8374,7.0351,227.1935,0.00,VEHICLE,0,0,
-1691.4813,1267.9757,7.0347,227.1955,0.00,VEHICLE,0,0,
-1689.3489,1266.0020,7.0351,227.1994,0.00,VEHICLE,0,0,
-1687.2300,1264.0377,7.0345,227.2023,0.00,VEHICLE,0,0,
-1684.9696,1261.9413,7.0336,227.2045,0.00,VEHICLE,0,0,
-1682.5071,1259.6587,7.0336,227.2043,0.00,VEHICLE,0,0,
-1680.1144,1257.4426,7.0330,227.2031,0.00,VEHICLE,0,0,
-1677.6053,1255.1206,7.0335,227.2010,0.00,VEHICLE,0,0,
-1675.1063,1252.8083,7.0337,227.2001,0.00,VEHICLE,0,0,
-1672.4784,1250.3760,7.0330,227.2001,0.00,VEHICLE,0,0,
-1669.7302,1247.8318,7.0337,227.2009,0.00,VEHICLE,0,0,
-1666.8313,1245.1470,7.0335,227.2017,0.00,VEHICLE,0,0,
-1664.0116,1242.5354,7.0330,227.2022,0.00,VEHICLE,0,0,
-1662.5214,1241.1553,7.0335,227.2023,0.00,VEHICLE,0,0,
-1659.5189,1238.3748,7.0334,227.2021,0.00,VEHICLE,0,0,
-1657.9572,1236.9287,7.0328,227.2019,0.00,VEHICLE,0,0,
-1656.4056,1235.4921,7.0324,227.2017,0.00,VEHICLE,0,0,
-1654.8500,1234.0518,7.0322,227.2015,0.00,VEHICLE,0,0,
-1653.2374,1232.5587,7.0322,227.2014,0.00,VEHICLE,0,0,
-1651.6067,1231.0490,7.0322,227.2013,0.00,VEHICLE,0,0,
-1649.9701,1229.5337,7.0323,227.2013,0.00,VEHICLE,0,0,
-1648.3535,1228.0370,7.0323,227.2013,0.00,VEHICLE,0,0,
-1646.7999,1226.5985,7.0323,227.2014,0.00,VEHICLE,0,0,
-1645.1208,1225.0439,7.0324,227.2015,0.00,VEHICLE,0,0,
-1643.4612,1223.5071,7.0324,227.2015,0.00,VEHICLE,0,0,
-1641.7822,1221.9524,7.0324,227.2016,0.00,VEHICLE,0,0,
-1639.9521,1220.2449,7.0323,227.0734,0.00,VEHICLE,0,0,
-1638.0714,1218.4299,7.0320,226.3077,0.00,VEHICLE,0,0,
-1636.2925,1216.5876,7.0313,224.4955,0.00,VEHICLE,0,0,
-1634.6838,1214.7723,7.0307,221.9480,0.00,VEHICLE,0,0,
-1632.9508,1212.7622,7.0300,220.1388,0.00,VEHICLE,0,0,
-1631.3849,1210.8711,7.0298,219.3152,0.00,VEHICLE,0,0,
-1629.9613,1209.1119,7.0299,218.9924,0.00,VEHICLE,0,0,
-1628.4915,1207.2764,7.0302,218.8799,0.00,VEHICLE,0,0,
-1626.8671,1205.2324,7.0307,218.8074,0.00,VEHICLE,0,0,
-1625.3585,1203.2710,7.0311,218.2228,0.00,VEHICLE,0,0,
-1623.8756,1201.1837,7.0313,216.2926,0.00,VEHICLE,0,0,
-1622.3236,1198.7726,7.0311,213.0581,0.00,VEHICLE,0,0,
-1621.0571,1196.6472,7.0307,210.6264,0.00,VEHICLE,0,0,
-1619.9314,1194.6703,7.0303,209.3655,0.00,VEHICLE,0,0,
-1618.5786,1192.2202,7.0301,208.6583,0.00,VEHICLE,0,0,
-1617.4485,1190.1295,7.0398,208.4336,0.00,VEHICLE,0,0,
-1616.3511,1188.0820,7.0574,208.3647,0.00,VEHICLE,0,0,
-1615.2260,1185.9786,7.0783,208.3501,0.00,VEHICLE,0,0,
-1613.9015,1183.5071,7.0949,208.3547,0.00,VEHICLE,0,0,
-1612.4404,1180.7126,7.0938,207.8512,0.00,VEHICLE,0,0,
-1611.3625,1178.5420,7.0855,206.6900,0.00,VEHICLE,0,0,
-1610.1569,1176.0878,7.0753,205.8086,0.00,VEHICLE,0,0,
-1608.9983,1173.6713,7.0541,205.3995,0.00,VEHICLE,0,0,
-1607.0735,1169.5800,7.0251,205.1866,0.00,VEHICLE,0,0,
-1605.3530,1165.8854,7.0249,205.1704,0.00,VEHICLE,0,0,
-1603.4802,1161.8605,7.0318,205.1744,0.00,VEHICLE,0,0,
-1602.1830,1159.0624,7.0330,205.0768,0.00,VEHICLE,0,0,
-1600.4945,1155.0336,7.0316,202.5752,0.00,VEHICLE,0,0,
-1599.5453,1152.4147,7.0309,199.8690,0.00,VEHICLE,0,0,
-1598.7489,1150.0491,7.0304,198.1428,0.00,VEHICLE,0,0,
-1597.9630,1147.5775,7.0300,197.2262,0.00,VEHICLE,0,0,
-1597.1554,1144.9083,7.0458,196.8195,0.00,VEHICLE,0,0,
-1596.3665,1142.2045,7.0725,196.6873,0.00,VEHICLE,0,0,
-1595.6707,1139.7800,7.1096,196.6614,0.00,VEHICLE,0,0,
-1594.9281,1137.1958,7.1444,196.6532,0.00,VEHICLE,0,0,
-1594.2142,1134.7521,7.1704,196.6369,0.00,VEHICLE,0,0,
-1593.4885,1132.3096,7.1811,196.6169,0.00,VEHICLE,0,0,
-1592.5636,1129.2520,7.1774,196.5665,0.00,VEHICLE,0,0,
-1591.7277,1126.5393,7.1466,196.4836,0.00,VEHICLE,0,0,
-1590.8552,1123.7053,7.0955,196.2921,0.00,VEHICLE,0,0,
-1590.0425,1120.8828,7.0501,195.3848,0.00,VEHICLE,0,0,
-1589.3004,1117.8262,7.0151,193.1860,0.00,VEHICLE,0,0,
-1588.6196,1114.6171,7.0117,190.8061,0.00,VEHICLE,0,0,
-1587.9122,1110.4631,7.0242,188.8004,0.00,VEHICLE,0,0,
-1587.5115,1107.6538,7.0291,188.0675,0.00,VEHICLE,0,0,
-1586.9296,1103.0007,7.0317,187.6521,0.00,VEHICLE,0,0,
-1586.3816,1098.5900,7.0310,187.6052,0.00,VEHICLE,0,0,
-1585.9836,1095.4958,7.0303,187.5618,0.00,VEHICLE,0,0,
-1585.6067,1092.4348,7.0300,187.1046,0.00,VEHICLE,0,0,
-1585.3075,1089.4718,7.0305,185.7345,0.00,VEHICLE,0,0,
-1585.0935,1086.5212,7.0312,183.7359,0.00,VEHICLE,0,0,
-1584.9237,1083.6113,7.0311,182.5358,0.00,VEHICLE,0,0,
-1584.7985,1080.7657,7.0304,182.0091,0.00,VEHICLE,0,0,
-1584.6975,1077.8850,7.0297,181.8117,0.00,VEHICLE,0,0,
-1584.6125,1074.9800,7.0295,181.7643,0.00,VEHICLE,0,0,
-1584.5369,1072.0588,7.0301,181.7670,0.00,VEHICLE,0,0,
-1584.4617,1069.0431,7.0309,181.8024,0.00,VEHICLE,0,0,
-1584.3453,1065.8544,7.0315,182.3456,0.00,VEHICLE,0,0,
-1584.2207,1063.0554,7.0314,182.9390,0.00,VEHICLE,0,0,
-1583.9772,1058.4783,7.0306,183.3444,0.00,VEHICLE,0,0,
-1583.7975,1055.4709,7.0303,183.4021,0.00,VEHICLE,0,0,
-1583.5979,1052.2910,7.0305,183.4072,0.00,VEHICLE,0,0,
-1583.3020,1047.6891,7.0312,183.3930,0.00,VEHICLE,0,0,
-1583.0889,1044.3606,7.0315,183.3855,0.00,VEHICLE,0,0,
-1582.8860,1041.2107,7.0314,183.4614,0.00,VEHICLE,0,0,
-1582.7341,1039.1921,7.0312,183.8560,0.00,VEHICLE,0,0,
-1582.4938,1035.9943,7.0311,184.4056,0.00,VEHICLE,0,0,
-1582.1177,1031.2253,7.0312,184.7374,0.00,VEHICLE,0,0,
-1581.7188,1026.3129,7.0313,184.8113,0.00,VEHICLE,0,0,
-1581.4552,1023.1262,7.0313,184.8196,0.00,VEHICLE,0,0,
-1581.2046,1020.1360,7.0313,184.8180,0.00,VEHICLE,0,0,
-1580.7860,1015.2148,7.0312,184.8109,0.00,VEHICLE,0,0,
-1580.2632,1010.1248,7.0309,185.9487,0.00,VEHICLE,0,0,
-1579.6936,1006.6142,7.0581,189.1952,0.00,VEHICLE,0,0,
-1578.9910,1003.4218,7.1042,192.7219,0.00,VEHICLE,0,0,
-1578.1375,999.9977,7.2547,194.7469,0.00,VEHICLE,0,0,
-1577.2372,996.6775,7.3220,195.5277,0.00,VEHICLE,0,0,
-1575.9342,992.0529,7.2743,196.0449,0.00,VEHICLE,0,0,
-1575.0046,988.9385,7.2501,196.4951,0.00,VEHICLE,0,0,
-1573.6851,984.5290,7.2026,196.9351,0.00,VEHICLE,0,0,
-1572.6903,981.1978,7.1025,197.0389,0.00,VEHICLE,0,0,
-1571.6982,977.8774,7.0344,197.0452,0.00,VEHICLE,0,0,
-1570.2814,973.2780,7.0031,197.1091,0.00,VEHICLE,0,0,
-1569.2296,969.9133,7.0217,196.9871,0.00,VEHICLE,0,0,
-1567.8926,965.0832,7.0361,194.5575,0.00,VEHICLE,0,0,
-1567.1156,961.9027,7.0341,192.6967,0.00,VEHICLE,0,0,
-1566.1110,957.3007,7.0283,191.3225,0.00,VEHICLE,0,0,
-1565.4883,954.1489,7.0273,190.8502,0.00,VEHICLE,0,0,
-1564.6360,949.4918,7.0292,190.6491,0.00,VEHICLE,0,0,
-1564.0692,946.3197,7.0307,190.6433,0.00,VEHICLE,0,0,
-1563.2031,941.5027,7.0312,190.6542,0.00,VEHICLE,0,0,
-1562.3521,936.2463,7.0305,189.1018,0.00,VEHICLE,0,0,
-1561.9812,932.9647,7.0304,186.3586,0.00,VEHICLE,0,0,
-1561.5957,928.0181,7.0306,183.1205,0.00,VEHICLE,0,0,
-1561.4130,924.4945,7.0301,182.2788,0.00,VEHICLE,0,0,
-1561.2936,921.4232,7.0295,182.0184,0.00,VEHICLE,0,0,
-1561.1847,918.0203,7.0294,181.9431,0.00,VEHICLE,0,0,
-1561.0472,913.1080,7.0305,181.9494,0.00,VEHICLE,0,0,
-1560.9572,909.8208,7.0312,181.9630,0.00,VEHICLE,0,0,
-1560.8668,906.6886,7.0312,181.9700,0.00,VEHICLE,0,0,
-1560.7650,903.4155,7.0307,181.9689,0.00,VEHICLE,0,0,
-1560.6967,901.3677,7.0306,181.9621,0.00,VEHICLE,0,0,
-1560.5662,897.6647,7.0304,181.9494,0.00,VEHICLE,0,0,
-1560.4556,894.6546,7.0306,181.9375,0.00,VEHICLE,0,0,
-1560.3312,891.3309,7.0309,181.9255,0.00,VEHICLE,0,0,
-1560.2113,888.0994,7.0310,181.9184,0.00,VEHICLE,0,0,
-1560.0961,884.9107,7.0310,181.9158,0.00,VEHICLE,0,0,
-1559.9860,881.7488,7.0309,181.9180,0.00,VEHICLE,0,0,
-1559.8817,878.6327,7.0309,181.9226,0.00,VEHICLE,0,0,
-1559.7820,875.5632,7.0309,181.9295,0.00,VEHICLE,0,0,
-1559.6837,872.4826,7.0309,181.9357,0.00,VEHICLE,0,0,
-1559.5841,869.3508,7.0310,181.9409,0.00,VEHICLE,0,0,
-1559.4274,864.0570,7.0310,181.7595,0.00,VEHICLE,0,0,
-1559.3698,860.4926,7.0310,180.9566,0.00,VEHICLE,0,0,
-1559.3313,857.2551,7.0309,180.5115,0.00,VEHICLE,0,0,
-1559.3029,853.6880,7.0309,180.3016,0.00,VEHICLE,0,0,
-1559.2844,850.3437,7.0308,180.2406,0.00,VEHICLE,0,0,
-1559.2710,847.1311,7.0308,180.2229,0.00,VEHICLE,0,0,
-1559.2605,844.0427,7.0308,180.2206,0.00,VEHICLE,0,0,
-1559.2512,840.8623,7.0309,180.2221,0.00,VEHICLE,0,0,
-1559.2418,837.4528,7.0311,180.2250,0.00,VEHICLE,0,0,
-1559.2327,834.3453,7.0312,180.2267,0.00,VEHICLE,0,0,
-1559.2214,830.8580,7.0310,180.2268,0.00,VEHICLE,0,0,
-1559.2103,827.7972,7.0310,180.2260,0.00,VEHICLE,0,0,
-1559.1959,824.2902,7.0309,180.2242,0.00,VEHICLE,0,0,
-1559.1832,821.3751,7.0309,180.2223,0.00,VEHICLE,0,0,
-1559.1692,818.2269,7.0309,180.2205,0.00,VEHICLE,0,0,
-1559.1548,814.9908,7.0309,180.2191,0.00,VEHICLE,0,0,
-1559.1395,811.4548,7.0309,180.2185,0.00,VEHICLE,0,0,
-1559.1271,808.4273,7.0309,180.2187,0.00,VEHICLE,0,0,
-1559.1079,803.3531,7.0310,180.2204,0.00,VEHICLE,0,0,
-1559.0968,800.2371,7.0311,180.2215,0.00,VEHICLE,0,0,
-1559.0852,796.9818,7.0310,180.2226,0.00,VEHICLE,0,0,
-1559.0740,793.8229,7.0310,180.2233,0.00,VEHICLE,0,0,
-1559.0627,790.7276,7.0309,180.2235,0.00,VEHICLE,0,0,
-1559.0507,787.5510,7.0309,180.2234,0.00,VEHICLE,0,0,
-1559.0372,784.1146,7.0310,180.2228,0.00,VEHICLE,0,0,
-1559.0228,780.5170,7.0310,180.2220,0.00,VEHICLE,0,0,
-1559.0081,776.8761,7.0310,180.2213,0.00,VEHICLE,0,0,
-1558.9943,773.4580,7.0310,180.2208,0.00,VEHICLE,0,0,
-1558.9747,768.5251,7.0309,180.2207,0.00,VEHICLE,0,0,
-1558.9630,765.5248,7.0309,180.2209,0.00,VEHICLE,0,0,
-1558.9515,762.5209,7.0309,180.2211,0.00,VEHICLE,0,0,
-1558.9402,759.5441,7.0309,180.2215,0.00,VEHICLE,0,0,
-1558.9288,756.5366,7.0309,180.2218,0.00,VEHICLE,0,0,
-1558.9169,753.3926,7.0310,180.2220,0.00,VEHICLE,0,0,
-1558.8994,748.8132,7.0309,180.2221,0.00,VEHICLE,0,0,
-1558.8877,745.7790,7.0309,180.2220,0.00,VEHICLE,0,0,
-1558.8761,742.7785,7.0309,180.2219,0.00,VEHICLE,0,0,
-1558.8645,739.8106,7.0309,180.2218,0.00,VEHICLE,0,0,
-1558.8529,736.8600,7.0309,180.2216,0.00,VEHICLE,0,0,
-1558.8406,733.7077,7.0310,180.2214,0.00,VEHICLE,0,0,
-1558.8287,730.6750,7.0309,180.2213,0.00,VEHICLE,0,0,
-1558.8169,727.6295,7.0309,180.2213,0.00,VEHICLE,0,0,
-1558.7983,722.8302,7.0310,180.2214,0.00,VEHICLE,0,0,
-1558.7867,719.8359,7.0310,180.2215,0.00,VEHICLE,0,0,
-1558.7754,716.8738,7.0309,180.2216,0.00,VEHICLE,0,0,
-1558.7635,713.7894,7.0309,180.2217,0.00,VEHICLE,0,0,
-1558.7522,710.8341,7.0309,180.2218,0.00,VEHICLE,0,0,
-1558.7406,707.8095,7.0309,180.2218,0.00,VEHICLE,0,0,
-1558.7296,704.9442,7.0310,180.2218,0.00,VEHICLE,0,0,
-1558.7181,701.9775,7.0309,180.2217,0.00,VEHICLE,0,0,
-1558.7062,698.8985,7.0309,180.2217,0.00,VEHICLE,0,0,
-1558.6953,696.0996,7.0309,180.2216,0.00,VEHICLE,0,0,
-1558.6837,693.1110,7.0309,180.2216,0.00,VEHICLE,0,0,
-1558.6718,690.0110,7.0310,180.2216,0.00,VEHICLE,0,0,
-1558.6610,687.2448,7.0310,180.2216,0.00,VEHICLE,0,0,
-1558.6505,684.5292,7.0310,180.2216,0.00,VEHICLE,0,0,
-1558.6390,681.5642,7.0310,180.2216,0.00,VEHICLE,0,0,
-1558.6282,678.7729,7.0309,180.2216,0.00,VEHICLE,0,0,
-1558.6178,676.0923,7.0309,180.2216,0.00,VEHICLE,0,0,
-1558.6075,673.4344,7.0309,180.2216,0.00,VEHICLE,0,0,
-1558.5964,670.5506,7.0309,180.2217,0.00,VEHICLE,0,0,
-1558.5847,667.4968,7.0309,180.2217,0.00,VEHICLE,0,0,
-1558.5732,664.5091,7.0310,180.2217,0.00,VEHICLE,0,0,
-1558.5624,661.6871,7.0310,180.2217,0.00,VEHICLE,0,0,
-1558.5498,658.4265,7.0310,180.2216,0.00,VEHICLE,0,0,
-1558.5328,654.0419,7.0310,180.2216,0.00,VEHICLE,0,0,
-1558.5214,651.0820,7.0309,180.2216,0.00,VEHICLE,0,0,
-1558.5100,648.1478,7.0309,180.2216,0.00,VEHICLE,0,0,
-1558.4982,645.0966,7.0310,180.2216,0.00,VEHICLE,0,0,
-1558.4872,642.2359,7.0310,180.2216,0.00,VEHICLE,0,0,
-1558.4758,639.3128,7.0310,180.2216,0.00,VEHICLE,0,0,
-1558.4611,635.4946,7.0310,180.2216,0.00,VEHICLE,0,0,
-1558.4468,631.8179,7.0310,180.2216,0.00,VEHICLE,0,0,
-1558.4274,626.8020,7.0310,180.2216,0.00,VEHICLE,0,0,
-1558.4141,623.3608,7.0310,180.2217,0.00,VEHICLE,0,0,
-1558.4010,619.9764,7.0310,180.2217,0.00,VEHICLE,0,0,
-1558.3904,617.2242,7.0310,180.2217,0.00,VEHICLE,0,0,
-1558.3790,614.2900,7.0310,180.2217,0.00,VEHICLE,0,0,
-1558.3690,611.6998,7.0309,180.2216,0.00,VEHICLE,0,0,
-1558.3585,608.9716,7.0308,180.2216,0.00,VEHICLE,0,0,
-1558.3479,606.2397,7.0309,180.2216,0.00,VEHICLE,0,0,
-1558.3304,601.7435,7.0310,180.2217,0.00,VEHICLE,0,0,
-1558.3135,597.3579,7.0310,180.2217,0.00,VEHICLE,0,0,
-1558.3009,594.1063,7.0309,180.2217,0.00,VEHICLE,0,0,
-1558.2896,591.1517,7.0309,180.2217,0.00,VEHICLE,0,0,
-1558.2800,588.6833,7.0309,180.2217,0.00,VEHICLE,0,0,
-1558.2672,585.3635,7.0306,180.2217,0.00,VEHICLE,0,0,
-1558.2556,582.3741,7.0281,180.2217,0.00,VEHICLE,0,0,
-1558.2421,578.8684,7.0236,180.2217,0.00,VEHICLE,0,0,
-1558.2252,574.5303,7.0222,180.2217,0.00,VEHICLE,0,0,
-1558.2140,571.6262,7.0225,180.2217,0.00,VEHICLE,0,0,
-1558.2025,568.6570,7.0229,180.2217,0.00,VEHICLE,0,0,
-1558.1912,565.7286,7.0232,180.2217,0.00,VEHICLE,0,0,
-1558.1777,562.2719,7.0232,180.2217,0.00,VEHICLE,0,0,
-1558.1643,558.8110,7.0232,180.2217,0.00,VEHICLE,0,0,
-1558.1543,556.2424,7.0232,180.2217,0.00,VEHICLE,0,0,
-1558.1411,552.8389,7.0232,180.2217,0.00,VEHICLE,0,0,
-1558.1332,550.7886,7.0233,180.2217,0.00,VEHICLE,0,0,
-1558.1318,548.7430,7.0233,180.1381,0.00,VEHICLE,0,0,
-1558.1431,546.6947,7.0233,179.8798,0.00,VEHICLE,0,0,
-1558.1952,544.6456,7.0231,179.1198,0.00,VEHICLE,0,0,
-1558.3055,542.6064,7.0230,177.6649,0.00,VEHICLE,0,0,
-1558.5234,539.1975,7.0226,175.7471,0.00,VEHICLE,0,0,
-1558.7980,535.8853,7.0223,174.8268,0.00,VEHICLE,0,0,
-1559.0560,533.1506,7.0222,174.5110,0.00,VEHICLE,0,0,
-1559.3553,530.1491,7.0223,174.4003,0.00,VEHICLE,0,0,
-1559.8522,525.3138,7.0230,174.3679,0.00,VEHICLE,0,0,
-1560.1749,522.1871,7.0232,174.3700,0.00,VEHICLE,0,0,
-1560.5519,518.5958,7.0231,174.2349,0.00,VEHICLE,0,0,
-1561.0286,514.7696,7.0231,173.0278,0.00,VEHICLE,0,0,
-1561.3501,512.7478,7.0231,171.6089,0.00,VEHICLE,0,0,
-1562.5375,507.4257,7.0225,165.7563,0.00,VEHICLE,0,0,
-1563.6132,503.9955,7.0206,161.1910,0.00,VEHICLE,0,0,
-1564.8016,500.7109,7.0186,157.4047,0.00,VEHICLE,0,0,
-1565.5730,498.8162,7.0180,155.6871,0.00,VEHICLE,0,0,
-1566.9061,495.9198,7.0174,153.8172,0.00,VEHICLE,0,0,
-1569.2803,491.2529,7.0207,152.0736,0.00,VEHICLE,0,0,
-1571.0358,488.0397,7.0230,151.5714,0.00,VEHICLE,0,0,
-1572.6553,485.1224,7.0236,151.4440,0.00,VEHICLE,0,0,
-1574.3851,481.9986,7.0230,151.4130,0.00,VEHICLE,0,0,
-1575.7986,479.4277,7.0224,151.4011,0.00,VEHICLE,0,0,
-1577.3591,476.5656,7.0221,151.3817,0.00,VEHICLE,0,0,
-1578.7754,473.9525,7.0223,151.3656,0.00,VEHICLE,0,0,
-1580.2412,471.2378,7.0228,151.3497,0.00,VEHICLE,0,0,
-1581.7028,468.5290,7.0231,151.3357,0.00,VEHICLE,0,0,
-1583.1899,465.7784,7.0232,151.3276,0.00,VEHICLE,0,0,
-1584.6873,463.0193,7.0230,151.3275,0.00,VEHICLE,0,0,
-1586.0864,460.4523,7.0229,151.3308,0.00,VEHICLE,0,0,
-1587.6742,457.5519,7.0228,151.3408,0.00,VEHICLE,0,0,
-1589.0936,454.9666,7.0230,151.3493,0.00,VEHICLE,0,0,
-1590.5270,452.3717,7.0384,151.3763,0.00,VEHICLE,0,0,
-1591.9498,449.8108,7.0619,151.3941,0.00,VEHICLE,0,0,
-1593.4225,447.1654,7.1056,151.4150,0.00,VEHICLE,0,0,
-1595.1245,444.0928,7.1481,151.4294,0.00,VEHICLE,0,0,
-1596.6342,441.3248,7.1724,151.4187,0.00,VEHICLE,0,0,
-1599.2106,436.5270,7.1782,151.3567,0.00,VEHICLE,0,0,
-1601.5619,432.1318,7.1750,151.3172,0.00,VEHICLE,0,0,
-1603.1909,429.1033,7.1765,151.3074,0.00,VEHICLE,0,0,
-1604.7197,426.2823,7.1785,151.3102,0.00,VEHICLE,0,0,
-1606.3761,423.2518,7.1791,151.3246,0.00,VEHICLE,0,0,
-1608.6188,419.1784,7.1791,151.3516,0.00,VEHICLE,0,0,
-1610.1892,416.3362,7.1793,151.3687,0.00,VEHICLE,0,0,
-1611.6929,413.6134,7.1795,151.3800,0.00,VEHICLE,0,0,
-1614.0382,409.3525,7.1793,151.3640,0.00,VEHICLE,0,0,
-1615.7338,406.3484,7.1791,150.7470,0.00,VEHICLE,0,0,
-1617.3198,403.7469,7.1792,148.8467,0.00,VEHICLE,0,0,
-1620.1381,399.6888,7.1790,143.8652,0.00,VEHICLE,0,0,
-1622.0035,397.2871,7.1779,141.2212,0.00,VEHICLE,0,0,
-1623.7520,395.1472,7.1768,139.5982,0.00,VEHICLE,0,0,
-1625.4341,393.1826,7.1763,138.5884,0.00,VEHICLE,0,0,
-1627.2209,391.1736,7.1765,137.9293,0.00,VEHICLE,0,0,
-1629.1422,389.0779,7.1774,137.5729,0.00,VEHICLE,0,0,
-1631.2546,386.8090,7.1786,137.4659,0.00,VEHICLE,0,0,
-1633.1368,384.7934,7.1793,137.4490,0.00,VEHICLE,0,0,
-1634.9235,382.8763,7.1794,137.4487,0.00,VEHICLE,0,0,
-1636.9261,380.7180,7.1792,137.4489,0.00,VEHICLE,0,0,
-1638.8088,378.6783,7.1789,137.4441,0.00,VEHICLE,0,0,
-1640.6147,376.7119,7.1787,137.4341,0.00,VEHICLE,0,0,
-1642.4105,374.7492,7.1788,137.4239,0.00,VEHICLE,0,0,
-1644.3552,372.6176,7.1790,137.4121,0.00,VEHICLE,0,0,
-1646.2150,370.5772,7.1793,137.4016,0.00,VEHICLE,0,0,
-1648.3353,368.2517,7.1795,137.3963,0.00,VEHICLE,0,0,
-1650.1567,366.2580,7.1794,137.4003,0.00,VEHICLE,0,0,
-1652.0238,364.2194,7.1792,137.4061,0.00,VEHICLE,0,0,
-1653.8811,362.1969,7.1792,137.4116,0.00,VEHICLE,0,0,
-1655.5818,360.3488,7.1792,137.4167,0.00,VEHICLE,0,0,
-1657.3407,358.4404,7.1793,137.4226,0.00,VEHICLE,0,0,
-1659.1237,356.5077,7.1793,137.4282,0.00,VEHICLE,0,0,
-1660.8280,354.6602,7.1794,137.4322,0.00,VEHICLE,0,0,
-1662.5999,352.7389,7.1794,137.4351,0.00,VEHICLE,0,0,
-1665.6385,349.4804,7.1794,137.0509,0.00,VEHICLE,0,0,
-1667.5225,347.4865,7.1793,136.6015,0.00,VEHICLE,0,0,
-1669.2610,345.6584,7.1793,136.3629,0.00,VEHICLE,0,0,
-1670.9489,343.8906,7.1792,136.2551,0.00,VEHICLE,0,0,
-1672.7327,342.0261,7.1792,136.2034,0.00,VEHICLE,0,0,
-1674.7516,339.9190,7.1793,136.1804,0.00,VEHICLE,0,0,
-1676.5938,337.9988,7.1793,136.1728,0.00,VEHICLE,0,0,
-1678.6072,335.9019,7.1794,136.1713,0.00,VEHICLE,0,0,
-1680.3906,334.0456,7.1794,136.1717,0.00,VEHICLE,0,0,
-1682.2156,332.1466,7.1794,136.1727,0.00,VEHICLE,0,0,
-1684.0641,330.2231,7.1794,136.1738,0.00,VEHICLE,0,0,
-1685.8630,328.3510,7.1794,136.1746,0.00,VEHICLE,0,0,
-1687.6024,326.5406,7.1794,136.1749,0.00,VEHICLE,0,0,
-1689.3805,324.6891,7.1794,136.1749,0.00,VEHICLE,0,0,
-1691.1224,322.8745,7.1794,136.1746,0.00,VEHICLE,0,0,
-1692.9181,321.0035,7.1793,136.1741,0.00,VEHICLE,0,0,
-1694.6664,319.1814,7.1790,136.1734,0.00,VEHICLE,0,0,
-1696.5204,317.2489,7.1785,136.1727,0.00,VEHICLE,0,0,
-1698.2526,315.4433,7.1781,136.1721,0.00,VEHICLE,0,0,
-1699.9165,313.7091,7.1779,136.1716,0.00,VEHICLE,0,0,
-1701.6627,311.8890,7.1777,136.1713,0.00,VEHICLE,0,0,
-1703.2158,310.2706,7.1769,136.1708,0.00,VEHICLE,0,0,
-1704.6936,308.7308,7.1750,136.1704,0.00,VEHICLE,0,0,
-1706.1422,307.2218,7.1723,136.1701,0.00,VEHICLE,0,0,
-1707.6462,305.6552,7.1697,136.1889,0.00,VEHICLE,0,0,
-1710.2048,302.9903,7.1681,136.2663,0.00,VEHICLE,0,0,
-1712.9026,300.1709,7.1693,136.3542,0.00,VEHICLE,0,0,
-1715.2227,297.7390,7.1740,136.3607,0.00,VEHICLE,0,0,
-1717.4940,295.3565,7.1776,136.3603,0.00,VEHICLE,0,0,
-1719.7471,292.9925,7.1782,136.3593,0.00,VEHICLE,0,0,
-1721.9922,290.6370,7.1780,136.3588,0.00,VEHICLE,0,0,
-1724.5767,287.8377,7.1792,137.2937,0.00,VEHICLE,0,0,
-1727.0618,285.1129,7.1801,137.7128,0.00,VEHICLE,0,0,
-1728.9618,283.0190,7.1801,137.7731,0.00,VEHICLE,0,0,
-1730.4287,281.3570,7.1799,138.1730,0.00,VEHICLE,0,0,
-1732.3621,278.8614,7.1797,141.7037,0.00,VEHICLE,0,0,
-1733.6342,276.9289,7.1784,145.7540,0.00,VEHICLE,0,0,
-1734.7190,275.1730,7.1769,148.4778,0.00,VEHICLE,0,0,
-1736.1980,272.6390,7.1765,150.3457,0.00,VEHICLE,0,0,
-1737.6656,269.9800,7.1777,150.8517,0.00,VEHICLE,0,0,
-1738.7085,268.0659,7.1783,150.9334,0.00,VEHICLE,0,0,
-1739.8983,265.8844,7.1692,150.9512,0.00,VEHICLE,0,0,
-1740.9415,263.9846,7.1386,150.9574,0.00,VEHICLE,0,0,
-1741.9988,262.0759,7.0861,150.9636,0.00,VEHICLE,0,0,
-1742.9795,260.3182,7.0310,150.9741,0.00,VEHICLE,0,0,
-1744.5802,257.4171,6.9499,151.3154,0.00,VEHICLE,0,0,
-1746.3143,254.1939,6.8678,152.0583,0.00,VEHICLE,0,0,
-1747.9146,251.1686,6.7885,152.2090,0.00,VEHICLE,0,0,
-1749.5515,248.0414,6.7054,152.2186,0.00,VEHICLE,0,0,
-1750.9722,245.3194,6.6316,152.2122,0.00,VEHICLE,0,0,
-1752.3772,242.6366,6.5560,152.2077,0.00,VEHICLE,0,0,
-1753.8003,239.7143,6.4831,153.7668,0.00,VEHICLE,0,0,
-1754.9008,236.9762,6.4142,157.8943,0.00,VEHICLE,0,0,
-1755.9060,234.3694,6.3472,159.0235,0.00,VEHICLE,0,0,
-1756.9696,231.5296,6.2764,159.2258,0.00,VEHICLE,0,0,
-1757.9521,228.2061,6.1954,162.9555,0.00,VEHICLE,0,0,
-1758.4336,225.3167,6.0755,169.8500,0.00,VEHICLE,0,0,
-1758.6322,223.2808,5.8567,173.9360,0.00,VEHICLE,0,0,
-1758.8947,220.1306,5.4008,177.6325,0.00,VEHICLE,0,0,
-1758.9152,217.6775,4.8986,182.3148,0.00,VEHICLE,0,0,
-1758.6257,214.9254,4.3545,186.8852,0.00,VEHICLE,0,0,
-1758.3380,212.9859,3.9436,188.3702,0.00,VEHICLE,0,0,
-1757.7920,210.0567,3.6249,188.9843,0.00,VEHICLE,0,0,
-1757.2983,207.3114,3.4973,189.0510,0.00,VEHICLE,0,0,
-1756.9845,204.8175,3.5461,187.4278,0.00,VEHICLE,0,0,
-1756.7384,202.4460,3.5617,186.4659,0.00,VEHICLE,0,0,
-1756.4982,199.7957,3.5581,186.2084,0.00,VEHICLE,0,0,
-1756.2753,197.3699,3.5543,186.1857,0.00,VEHICLE,0,0,
-1756.0309,194.9337,3.5522,186.1777,0.00,VEHICLE,0,0,
-1755.7489,192.3554,3.5564,186.1549,0.00,VEHICLE,0,0,
-1755.4692,189.9475,3.5667,186.1471,0.00,VEHICLE,0,0,
-1755.1965,187.6066,3.5591,186.1804,0.00,VEHICLE,0,0,
-1754.9136,185.1253,3.5533,186.1239,0.00,VEHICLE,0,0,
-1754.6680,182.7867,3.5396,186.0518,0.00,VEHICLE,0,0,
-1754.4316,180.4250,3.5426,186.0434,0.00,VEHICLE,0,0,
-1754.2601,177.9355,3.5450,184.8333,0.00,VEHICLE,0,0,
-1754.2839,175.6206,3.5450,180.8604,0.00,VEHICLE,0,0,
-1754.3339,173.2849,3.5448,178.9005,0.00,VEHICLE,0,0,
-1754.3988,171.0837,3.5450,178.4601,0.00,VEHICLE,0,0,
-1754.4664,168.9305,3.5451,178.3835,0.00,VEHICLE,0,0,
-1754.5328,166.7654,3.5452,178.3703,0.00,VEHICLE,0,0,
-1754.5968,164.5773,3.5463,178.3654,0.00,VEHICLE,0,0,
-1754.6251,162.1337,3.5476,178.5146,0.00,VEHICLE,0,0,
-1754.6267,159.8762,3.5478,178.7219,0.00,VEHICLE,0,0,
-1754.6292,157.4731,3.5467,178.9456,0.00,VEHICLE,0,0,
-1754.6304,155.1010,3.5458,179.1794,0.00,VEHICLE,0,0,
-1754.6531,152.3395,3.5463,179.3903,0.00,VEHICLE,0,0,
-1754.6349,149.5269,3.5482,179.8701,0.00,VEHICLE,0,0,
-1754.6261,146.8612,3.5466,180.1091,0.00,VEHICLE,0,0,
-1754.6255,144.2875,3.5459,180.2274,0.00,VEHICLE,0,0,
-1754.6224,141.3956,3.5468,180.2599,0.00,VEHICLE,0,0,
-1754.6144,138.6000,3.5472,180.2629,0.00,VEHICLE,0,0,
-1754.6008,135.7846,3.5471,180.2588,0.00,VEHICLE,0,0,
-1754.5846,133.0147,3.5469,180.2543,0.00,VEHICLE,0,0,
-1754.5035,129.8107,3.5469,181.1702,0.00,VEHICLE,0,0,
-1754.2646,126.9295,3.5467,184.3818,0.00,VEHICLE,0,0,
-1753.9741,124.0101,3.5460,185.8395,0.00,VEHICLE,0,0,
-1753.6487,121.0425,3.5453,186.1666,0.00,VEHICLE,0,0,
-1753.3300,118.2020,3.5456,186.2126,0.00,VEHICLE,0,0,
-1753.0020,115.2650,3.5466,186.2195,0.00,VEHICLE,0,0,
-1752.6904,112.4395,3.5470,186.2230,0.00,VEHICLE,0,0,
-1752.3688,109.4836,3.5471,186.2276,0.00,VEHICLE,0,0,
-1752.0614,106.6378,3.5471,186.2316,0.00,VEHICLE,0,0,
-1751.7412,103.6697,3.5471,186.2339,0.00,VEHICLE,0,0,
-1751.4272,100.7704,3.5464,186.2348,0.00,VEHICLE,0,0,
-1751.1183,97.9355,3.5454,186.2344,0.00,VEHICLE,0,0,
-1750.7904,94.9412,3.5449,186.2329,0.00,VEHICLE,0,0,
-1750.4866,92.1744,3.5448,186.2314,0.00,VEHICLE,0,0,
-1750.1962,89.3436,3.5452,185.8989,0.00,VEHICLE,0,0,
-1749.9370,86.6848,3.5460,185.5558,0.00,VEHICLE,0,0,
-1749.6768,83.9636,3.5468,185.4599,0.00,VEHICLE,0,0,
-1749.4166,81.2169,3.5471,185.4396,0.00,VEHICLE,0,0,
-1749.1449,78.1218,3.5471,185.1460,0.00,VEHICLE,0,0,
-1749.0247,75.1992,3.5466,182.7528,0.00,VEHICLE,0,0,
-1748.9526,72.5149,3.5456,181.4938,0.00,VEHICLE,0,0,
-1748.9073,70.1775,3.5452,181.1530,0.00,VEHICLE,0,0,
-1748.8643,67.4982,3.5450,181.0579,0.00,VEHICLE,0,0,
-1748.8219,64.7779,3.5450,181.0428,0.00,VEHICLE,0,0,
-1748.7739,61.8270,3.5449,181.0409,0.00,VEHICLE,0,0,
-1748.7211,58.8321,3.5449,181.0390,0.00,VEHICLE,0,0,
-1748.6671,55.9557,3.5449,181.0358,0.00,VEHICLE,0,0,
-1748.6121,53.0980,3.5448,181.0326,0.00,VEHICLE,0,0,
-1748.5605,50.3906,3.5448,181.0309,0.00,VEHICLE,0,0,
-1748.5110,47.7105,3.5449,181.0310,0.00,VEHICLE,0,0,
-1748.4624,45.0043,3.5457,181.0326,0.00,VEHICLE,0,0,
-1748.4114,42.1032,3.5468,181.0343,0.00,VEHICLE,0,0,
-1748.3601,39.0115,3.5472,180.9998,0.00,VEHICLE,0,0,
-1748.3915,35.8921,3.5471,179.6415,0.00,VEHICLE,0,0,
-1748.4442,32.7232,3.5469,178.9571,0.00,VEHICLE,0,0,
-1748.5168,29.2077,3.5469,178.8259,0.00,VEHICLE,0,0,
-1748.5894,25.9156,3.5471,178.8132,0.00,VEHICLE,0,0,
-1748.6608,22.6641,3.5471,178.8125,0.00,VEHICLE,0,0,
-1748.7039,20.6643,3.5471,178.8118,0.00,VEHICLE,0,0,
-1748.7518,18.3793,3.5471,178.8100,0.00,VEHICLE,0,0,
-1748.7976,16.1616,3.5471,178.8078,0.00,VEHICLE,0,0,
-1748.8575,13.1989,3.5471,178.8053,0.00,VEHICLE,0,0,
-1748.9041,10.8905,3.5471,178.8039,0.00,VEHICLE,0,0,
-1748.9615,8.0593,3.5471,178.8035,0.00,VEHICLE,0,0,
-1749.0103,5.6977,3.5471,178.8041,0.00,VEHICLE,0,0,
-1749.0828,2.2321,3.5471,178.8057,0.00,VEHICLE,0,0,
-1749.1279,0.0992,3.5468,178.8065,0.00,VEHICLE,0,0,
-1749.2213,-4.3029,3.5450,178.8078,0.00,VEHICLE,0,0,
-1749.2883,-8.0977,3.5382,178.9873,0.00,VEHICLE,0,0,
-1749.2375,-11.1405,3.5340,180.4737,0.00,VEHICLE,0,0,
-1749.1498,-14.2734,3.5368,181.4947,0.00,VEHICLE,0,0,
-1748.8988,-16.7905,3.5386,184.4373,0.00,VEHICLE,0,0,
-1748.6718,-19.3570,3.5470,184.7484,0.00,VEHICLE,0,0,
-1748.3673,-21.5033,3.5496,186.7516,0.00,VEHICLE,0,0,
-1747.3917,-24.2171,3.5461,197.9044,0.00,VEHICLE,0,0,
-1746.4005,-26.0457,3.5445,206.0334,0.00,VEHICLE,0,0,
-1745.3418,-27.9225,3.5454,208.8936,0.00,VEHICLE,0,0,
-1743.9351,-29.7635,3.5448,214.0514,0.00,VEHICLE,0,0,
-1742.3625,-31.0621,3.5521,224.9975,0.00,VEHICLE,0,0,
-1740.2573,-31.9449,3.5462,241.5652,0.00,VEHICLE,0,0,
-1737.6127,-32.3565,3.5427,258.4936,0.00,VEHICLE,0,0,
-1735.0142,-32.7187,3.5482,261.4325,0.00,VEHICLE,0,0,
-1733.0106,-32.9999,3.5483,261.5843,0.00,VEHICLE,0,0,
-1730.7671,-33.2036,3.5657,263.7321,0.00,VEHICLE,0,0,
-1728.5198,-33.1458,3.5633,269.9144,0.00,VEHICLE,0,0,
-1725.9701,-33.0296,3.5476,272.8332,0.00,VEHICLE,0,0,
-1723.5789,-32.8560,3.5872,273.5840,0.00,VEHICLE,0,0,
-1720.9724,-32.5232,3.5611,276.1088,0.00,VEHICLE,0,0,
-1718.5259,-32.0001,3.5999,280.6112,0.00,VEHICLE,0,0,
-1716.0930,-31.4271,3.6651,282.8626,0.00,VEHICLE,0,0,
-1713.5238,-30.7933,3.5914,283.6092,0.00,VEHICLE,0,0,
-1710.8228,-29.8480,3.5311,288.2433,0.00,VEHICLE,0,0,
-1708.2997,-28.5341,3.5491,296.3340,0.00,VEHICLE,0,0,
-1706.3134,-27.0792,3.5560,304.8796,0.00,VEHICLE,0,0,
-1704.3387,-25.4598,3.5564,310.2787,0.00,VEHICLE,0,0,
-1702.2517,-23.5849,3.5619,311.8192,0.00,VEHICLE,0,0,
-1700.6949,-22.1488,3.5460,312.0457,0.00,VEHICLE,0,0,
-1698.5381,-20.1752,3.5459,312.1039,0.00,VEHICLE,0,0,
-1696.2594,-18.1194,3.5487,312.1316,0.00,VEHICLE,0,0,
-1694.1006,-16.1860,3.5480,312.1521,0.00,VEHICLE,0,0,
-1691.9691,-14.2757,3.5488,312.1575,0.00,VEHICLE,0,0,
-1689.6654,-12.1997,3.5484,312.1524,0.00,VEHICLE,0,0,
-1687.2948,-10.0514,3.5478,312.1397,0.00,VEHICLE,0,0,
-1684.9630,-7.9321,3.5482,312.1321,0.00,VEHICLE,0,0,
-1682.8444,-6.0132,3.5475,312.0559,0.00,VEHICLE,0,0,
-1680.3387,-3.7522,3.5470,311.9901,0.00,VEHICLE,0,0,
-1678.1719,-1.8037,3.5482,311.9826,0.00,VEHICLE,0,0,
-1676.1106,0.0465,3.5479,311.9846,0.00,VEHICLE,0,0,
-1674.4172,1.5660,3.5471,311.9869,0.00,VEHICLE,0,0,
-1672.7832,3.0332,3.5468,311.9875,0.00,VEHICLE,0,0,
-1671.2318,4.4274,3.5476,311.9863,0.00,VEHICLE,0,0,
-1668.9208,6.5071,3.5484,311.9833,0.00,VEHICLE,0,0,
-1667.2758,7.9890,3.5477,311.9809,0.00,VEHICLE,0,0,
-1664.8785,10.1491,3.5468,311.9782,0.00,VEHICLE,0,0,
-1663.2516,11.6150,3.5467,311.9774,0.00,VEHICLE,0,0,
-1661.5496,13.1476,3.5470,311.9776,0.00,VEHICLE,0,0,
-1659.2747,15.1948,3.5471,311.9789,0.00,VEHICLE,0,0,
-1656.9971,17.2432,3.5471,311.9807,0.00,VEHICLE,0,0,
-1654.4237,19.5570,3.5471,311.9819,0.00,VEHICLE,0,0,
-1652.8951,20.9316,3.5471,311.9822,0.00,VEHICLE,0,0,
-1650.7113,22.8960,3.5471,311.9821,0.00,VEHICLE,0,0,
-1648.1147,25.2322,3.5471,311.9814,0.00,VEHICLE,0,0,
-1645.2090,27.8475,3.5471,311.9806,0.00,VEHICLE,0,0,
-1642.3251,30.4554,3.5471,312.1194,0.00,VEHICLE,0,0,
-1639.5471,32.9805,3.5471,312.2923,0.00,VEHICLE,0,0,
-1636.9149,35.3775,3.5471,312.3287,0.00,VEHICLE,0,0,
-1634.0995,37.9430,3.5471,312.3351,0.00,VEHICLE,0,0,
-1631.4080,40.3960,3.5471,312.3356,0.00,VEHICLE,0,0,
-1628.5275,43.0222,3.5471,312.3465,0.00,VEHICLE,0,0,
-1627.0198,44.4064,3.5471,312.4662,0.00,VEHICLE,0,0,
-1624.3218,46.8858,3.5469,312.6018,0.00,VEHICLE,0,0,
-1621.4900,49.4921,3.5469,312.6351,0.00,VEHICLE,0,0,
-1618.6334,52.1229,3.5469,312.6405,0.00,VEHICLE,0,0,
-1615.6071,54.9107,3.5469,312.6408,0.00,VEHICLE,0,0,
-1612.5389,57.7370,3.5472,312.6407,0.00,VEHICLE,0,0,
-1610.9792,59.1942,3.5478,312.8469,0.00,VEHICLE,0,0,
-1609.3817,60.7787,3.5481,314.0633,0.00,VEHICLE,0,0,
-1606.6522,63.5896,3.5473,316.1849,0.00,VEHICLE,0,0,
-1605.2460,65.0723,3.5468,316.6046,0.00,VEHICLE,0,0,
-1603.8602,66.5472,3.5464,316.7776,0.00,VEHICLE,0,0,
-1601.1127,69.4899,3.5464,316.8646,0.00,VEHICLE,0,0,
-1599.7394,70.9601,3.5431,316.6617,0.00,VEHICLE,0,0,
-1598.3003,72.4945,3.5413,316.4919,0.00,VEHICLE,0,0,
-1596.9270,73.9510,3.5424,316.4518,0.00,VEHICLE,0,0,
-1595.5310,75.4264,3.5440,316.4441,0.00,VEHICLE,0,0,
-1593.9738,77.0668,3.5455,316.4469,0.00,VEHICLE,0,0,
-1592.4868,78.6289,3.5464,316.4526,0.00,VEHICLE,0,0,
-1590.7764,80.4065,3.5470,316.3173,0.00,VEHICLE,0,0,
-1589.2009,81.9846,3.5471,315.5943,0.00,VEHICLE,0,0,
-1586.1432,84.9851,3.5471,314.3570,0.00,VEHICLE,0,0,
-1584.4941,86.5831,3.5469,314.1376,0.00,VEHICLE,0,0,
-1582.6807,88.3339,3.5467,314.0478,0.00,VEHICLE,0,0,
-1580.9989,89.9551,3.5467,314.0192,0.00,VEHICLE,0,0,
-1579.3640,91.5312,3.5468,314.0092,0.00,VEHICLE,0,0,
-1577.7197,93.1167,3.5469,314.0053,0.00,VEHICLE,0,0,
-1575.9893,94.7864,3.5469,314.0031,0.00,VEHICLE,0,0,
-1574.0425,96.6662,3.5469,314.0013,0.00,VEHICLE,0,0,
-1570.7382,99.8596,3.5456,313.9980,0.00,VEHICLE,0,0,
-1569.0389,101.5024,3.5450,313.9966,0.00,VEHICLE,0,0,
-1567.4725,103.0166,3.5448,313.9957,0.00,VEHICLE,0,0,
-1565.5935,104.8327,3.5449,313.9950,0.00,VEHICLE,0,0,
-1564.0391,106.3344,3.5450,313.9949,0.00,VEHICLE,0,0,
-1562.4789,107.8411,3.5450,313.9951,0.00,VEHICLE,0,0,
-1560.8079,109.4544,3.5451,313.9957,0.00,VEHICLE,0,0,
-1559.1622,111.0426,3.5451,313.9964,0.00,VEHICLE,0,0,
-1557.5436,112.6047,3.5451,313.9971,0.00,VEHICLE,0,0,
-1555.8877,114.2027,3.5451,313.9977,0.00,VEHICLE,0,0,
-1554.4681,116.2025,4.5282,313.9981,0.00,VEHICLE,0,0,
-1554.4681,116.2025,4.5282,313.9981,0.00,VEHICLE,0,0,
