route,duong1.csv,-1575.9395,81.4867,3.5356,148.2817,0.00,VEHICLE,0,0,
-1575.9395,81.4867,3.5356,148.2817,0.00,VEHICLE,0,0,
-1577.2654,79.4991,3.5489,146.8038,0.00,VEHICLE,0,0,
-1579.1150,77.7359,3.5487,137.3910,0.00,VEHICLE,0,0,
-1580.8429,75.9237,3.5488,136.9342,0.00,VEHICLE,0,0,
-1582.6992,74.2649,3.5481,133.0187,0.00,VEHICLE,0,0,
-1584.8395,73.1083,3.5462,121.6897,0.00,VEHICLE,0,0,
-1587.2065,72.0915,3.5468,114.3405,0.00,VEHICLE,0,0,
-1589.8256,71.0006,3.5481,113.4706,0.00,VEHICLE,0,0,
-1591.7417,70.1893,3.5484,113.4150,0.00,VEHICLE,0,0,
-1593.8541,69.1829,3.5567,114.5970,0.00,VEHICLE,0,0,
-1595.8821,67.9434,3.5565,119.4401,0.00,VEHICLE,0,0,
-1598.0533,66.4771,3.5494,123.3767,0.00,VEHICLE,0,0,
-1600.0914,65.0882,3.5562,124.1141,0.00,VEHICLE,0,0,
-1602.1720,63.6709,3.5598,124.2203,0.00,VEHICLE,0,0,
-1604.3342,62.2043,3.5525,124.2360,0.00,VEHICLE,0,0,
-1606.4885,60.7369,3.5452,124.2348,0.00,VEHICLE,0,0,
-1608.7074,59.2146,3.5447,124.3102,0.00,VEHICLE,0,0,
-1610.7913,57.5190,3.5466,127.9899,0.00,VEHICLE,0,0,
-1612.8682,55.7221,3.5484,130.8604,0.00,VEHICLE,0,0,
-1614.9310,53.8952,3.5476,131.4147,0.00,VEHICLE,0,0,
-1617.0442,52.0096,3.5464,131.4892,0.00,VEHICLE,0,0,
-1619.1515,50.1326,3.5478,131.4992,0.00,VEHICLE,0,0,
-1621.3319,48.1997,3.5478,131.5044,0.00,VEHICLE,0,0,
-1623.5927,46.2039,3.5472,131.5152,0.00,VEHICLE,0,0,
-1625.8280,44.2329,3.5486,131.5194,0.00,VEHICLE,0,0,
-1628.1548,42.1788,3.5482,131.5194,0.00,VEHICLE,0,0,
-1630.4298,40.1657,3.5471,131.5177,0.00,VEHICLE,0,0,
-1632.7783,38.0840,3.5452,131.5147,0.00,VEHICLE,0,0,
-1634.9785,36.1325,3.5447,131.5124,0.00,VEHICLE,0,0,
-1637.3225,34.0550,3.5449,131.5116,0.00,VEHICLE,0,0,
-1639.6537,31.9916,3.5451,131.5126,0.00,VEHICLE,0,0,
-1641.9590,29.9527,3.5454,131.5145,0.00,VEHICLE,0,0,
-1644.3046,27.8783,3.5474,131.5153,0.00,VEHICLE,0,0,
-1646.8356,25.6390,3.5483,131.5148,0.00,VEHICLE,0,0,
-1649.4237,23.3477,3.5476,131.5138,0.00,VEHICLE,0,0,
-1651.0917,21.8706,3.5470,131.5132,0.00,VEHICLE,0,0,
-1653.7030,19.5582,3.5468,131.5126,0.00,VEHICLE,0,0,
-1656.3955,17.1840,3.5456,131.4077,0.00,VEHICLE,0,0,
-1658.3889,15.4373,3.5449,131.2276,0.00,VEHICLE,0,0,
-1659.9595,14.0634,3.5449,131.1777,0.00,VEHICLE,0,0,
-1662.2339,12.0759,3.5452,131.1597,0.00,VEHICLE,0,0,
-1664.3650,10.2143,3.5453,131.1575,0.00,VEHICLE,0,0,
-1667.3644,7.5935,3.5463,131.1568,0.00,VEHICLE,0,0,
-1668.9491,6.2083,3.5474,131.1562,0.00,VEHICLE,0,0,
-1671.5134,3.9661,3.5474,131.1552,0.00,VEHICLE,0,0,
-1674.0537,1.7448,3.5450,131.1546,0.00,VEHICLE,0,0,
-1676.5859,-0.4689,3.5446,131.1546,0.00,VEHICLE,0,0,
-1678.2415,-1.9158,3.5458,131.1551,0.00,VEHICLE,0,0,
-1680.0951,-3.4579,3.5476,130.3555,0.00,VEHICLE,0,0,
-1682.0607,-4.8470,3.5475,126.7785,0.00,VEHICLE,0,0,
-1683.9644,-6.1206,3.5452,123.5310,0.00,VEHICLE,0,0,
-1685.8696,-7.3218,3.5612,122.0997,0.00,VEHICLE,0,0,
-1687.8766,-8.5367,3.5724,121.5383,0.00,VEHICLE,0,0,
-1689.8325,-9.7017,3.5578,121.3838,0.00,VEHICLE,0,0,
-1691.6954,-10.8213,3.5400,121.3438,0.00,VEHICLE,0,0,
-1693.5677,-12.0216,3.5393,122.0075,0.00,VEHICLE,0,0,
-1695.3545,-13.1981,3.5444,123.0345,0.00,VEHICLE,0,0,
-1697.1820,-14.4224,3.5468,123.4570,0.00,VEHICLE,0,0,
-1699.0054,-15.6532,3.5473,123.5790,0.00,VEHICLE,0,0,
-1700.8927,-16.9249,3.5467,123.6121,0.00,VEHICLE,0,0,
-1702.6888,-18.1268,3.5452,123.6235,0.00,VEHICLE,0,0,
-1704.5258,-19.3457,3.5444,123.6356,0.00,VEHICLE,0,0,
-1706.3641,-20.5031,3.5448,123.0175,0.00,VEHICLE,0,0,
-1708.1418,-21.6069,3.5453,122.1565,0.00,VEHICLE,0,0,
-1709.9275,-22.7055,3.5455,121.7776,0.00,VEHICLE,0,0,
-1711.7438,-23.8188,3.5460,121.6569,0.00,VEHICLE,0,0,
-1713.5897,-24.9523,3.5462,121.6181,0.00,VEHICLE,0,0,
-1715.5083,-26.1345,3.5469,121.6006,0.00,VEHICLE,0,0,
-1717.4061,-27.3066,3.5474,121.5905,0.00,VEHICLE,0,0,
-1719.2715,-28.4595,3.5473,121.5847,0.00,VEHICLE,0,0,
-1721.2406,-29.6754,3.5469,121.5827,0.00,VEHICLE,0,0,
-1723.1919,-30.9008,3.5461,121.8361,0.00,VEHICLE,0,0,
-1725.0059,-32.2514,3.5448,124.7924,0.00,VEHICLE,0,0,
-1726.7810,-33.6134,3.5438,127.7919,0.00,VEHICLE,0,0,
-1728.4944,-34.9847,3.5445,129.0950,0.00,VEHICLE,0,0,
-1730.1926,-36.3884,3.5456,129.5631,0.00,VEHICLE,0,0,
-1731.8666,-37.7934,3.5458,129.7040,0.00,VEHICLE,0,0,
-1733.4683,-39.1420,3.5454,129.7327,0.00,VEHICLE,0,0,
-1735.1265,-40.5332,3.5455,129.7421,0.00,VEHICLE,0,0,
-1736.8252,-42.0080,3.5474,130.3267,0.00,VEHICLE,0,0,
-1738.4221,-43.6151,3.5487,133.6826,0.00,VEHICLE,0,0,
-1739.8876,-45.3043,3.5466,138.2871,0.00,VEHICLE,0,0,
-1741.2570,-46.9581,3.5436,141.0498,0.00,VEHICLE,0,0,
-1742.5873,-48.7123,3.5433,142.7114,0.00,VEHICLE,0,0,
-1743.6915,-50.5624,3.5442,146.5956,0.00,VEHICLE,0,0,
-1744.5759,-52.4570,3.5430,152.3562,0.00,VEHICLE,0,0,
-1745.2062,-54.3807,3.5413,159.3217,0.00,VEHICLE,0,0,
-1745.8005,-57.2893,3.5410,169.5565,0.00,VEHICLE,0,0,
-1746.1124,-59.2993,3.5451,173.0534,0.00,VEHICLE,0,0,
-1746.3196,-61.3713,3.5486,174.5078,0.00,VEHICLE,0,0,
-1746.4969,-63.4914,3.5485,174.9029,0.00,VEHICLE,0,0,
-1746.6759,-65.6366,3.5471,175.0075,0.00,VEHICLE,0,0,
-1746.8660,-67.8361,3.5469,175.0468,0.00,VEHICLE,0,0,
-1747.0657,-70.0733,3.5473,175.0701,0.00,VEHICLE,0,0,
-1747.1719,-72.3475,3.5478,176.4812,0.00,VEHICLE,0,0,
-1747.2631,-74.6576,3.5472,178.1557,0.00,VEHICLE,0,0,
-1747.3256,-76.9880,3.5467,178.7932,0.00,VEHICLE,0,0,
-1747.3678,-79.3619,3.5466,178.9746,0.00,VEHICLE,0,0,
-1747.3977,-81.7175,3.5460,179.0200,0.00,VEHICLE,0,0,
-1747.4235,-84.0540,3.5450,179.0207,0.00,VEHICLE,0,0,
-1747.4513,-86.3715,3.5446,179.0170,0.00,VEHICLE,0,0,
-1747.4819,-88.4893,3.5435,179.0080,0.00,VEHICLE,0,0,
-1747.5183,-90.5226,3.5383,179.0128,0.00,VEHICLE,0,0,
-1747.5734,-92.5372,3.5402,178.8472,0.00,VEHICLE,0,0,
-1747.7772,-95.5129,3.5479,176.7051,0.00,VEHICLE,0,0,
-1747.9823,-98.4514,3.5461,175.9991,0.00,VEHICLE,0,0,
-1748.1947,-101.3512,3.5447,175.8750,0.00,VEHICLE,0,0,
-1748.4655,-104.2040,3.5453,174.9458,0.00,VEHICLE,0,0,
-1749.0878,-106.8905,3.5442,168.4500,0.00,VEHICLE,0,0,
-1750.1091,-109.2770,3.5403,158.4460,0.00,VEHICLE,0,0,
-1751.5286,-111.2531,3.5370,145.9103,0.00,VEHICLE,0,0,
-1753.3154,-112.6961,3.5427,131.8298,0.00,VEHICLE,0,0,
-1755.2959,-113.6028,3.5623,116.6663,0.00,VEHICLE,0,0,
-1757.4213,-114.4482,3.5834,109.1639,0.00,VEHICLE,0,0,
-1759.7581,-115.1859,3.5876,107.5313,0.00,VEHICLE,0,0,
-1762.1887,-115.9219,3.5786,106.9544,0.00,VEHICLE,0,0,
-1764.5870,-116.3218,3.5805,101.4689,0.00,VEHICLE,0,0,
-1766.7242,-116.4215,3.5853,94.3046,0.00,VEHICLE,0,0,
-1768.8447,-116.4941,3.6018,91.3000,0.00,VEHICLE,0,0,
-1771.7947,-116.4855,3.6409,90.6124,0.00,VEHICLE,0,0,
-1774.0663,-116.4886,3.7203,90.5581,0.00,VEHICLE,0,0,
-1776.3075,-116.5099,3.8831,90.5221,0.00,VEHICLE,0,0,
-1778.6019,-116.6063,4.1532,91.3155,0.00,VEHICLE,0,0,
-1780.5992,-116.9560,4.4389,96.5995,0.00,VEHICLE,0,0,
-1783.2446,-117.4301,4.8335,100.0068,0.00,VEHICLE,0,0,
-1785.8650,-117.9206,5.1718,100.4400,0.00,VEHICLE,0,0,
-1788.7887,-118.4428,5.4432,100.2419,0.00,VEHICLE,0,0,
-1791.7461,-118.7631,5.5194,97.0007,0.00,VEHICLE,0,0,
-1794.4113,-118.7396,5.4941,90.6182,0.00,VEHICLE,0,0,
-1797.1681,-118.6147,5.4878,87.2127,0.00,VEHICLE,0,0,
-1799.3820,-118.4721,5.4938,86.7453,0.00,VEHICLE,0,0,
-1802.4500,-118.2737,5.4933,86.6551,0.00,VEHICLE,0,0,
-1805.6898,-118.0811,5.4926,86.6296,0.00,VEHICLE,0,0,
-1808.8558,-117.9051,5.4918,86.6123,0.00,VEHICLE,0,0,
-1811.4417,-117.7618,5.4889,86.6069,0.00,VEHICLE,0,0,
-1814.5554,-117.5828,5.4847,86.6105,0.00,VEHICLE,0,0,
-1817.7543,-117.3911,5.4847,86.6194,0.00,VEHICLE,0,0,
-1820.3494,-117.2327,5.4852,86.6252,0.00,VEHICLE,0,0,
-1823.7668,-117.0253,5.4852,86.6272,0.00,VEHICLE,0,0,
-1827.2384,-116.8192,5.4851,86.6237,0.00,VEHICLE,0,0,
-1830.7172,-116.6162,5.4858,86.6180,0.00,VEHICLE,0,0,
-1834.2156,-116.4129,5.4853,86.6156,0.00,VEHICLE,0,0,
-1838.1998,-116.1505,5.4843,86.2107,0.00,VEHICLE,0,0,
-1841.9724,-115.7716,5.4856,84.2342,0.00,VEHICLE,0,0,
-1843.9655,-115.5590,5.4854,83.8719,0.00,VEHICLE,0,0,
-1847.7388,-115.1385,5.5185,83.7098,0.00,VEHICLE,0,0,
-1851.4600,-114.7160,5.7410,83.6635,0.00,VEHICLE,0,0,
-1855.0935,-114.3044,6.2826,83.6318,0.00,VEHICLE,0,0,
-1858.7312,-113.9048,7.0679,83.6722,0.00,VEHICLE,0,0,
-1862.4357,-113.4555,8.0238,82.7909,0.00,VEHICLE,0,0,
-1864.3730,-113.0381,8.6088,79.3891,0.00,VEHICLE,0,0,
-1867.7209,-111.7976,9.7666,68.3836,0.00,VEHICLE,0,0,
-1870.4380,-110.4772,10.7822,61.8119,0.00,VEHICLE,0,0,
-1872.9274,-109.0664,11.7654,59.7808,0.00,VEHICLE,0,0,
-1875.3938,-107.6010,12.7870,59.4501,0.00,VEHICLE,0,0,
-1877.8384,-106.2003,13.7768,59.4953,0.00,VEHICLE,0,0,
-1880.1542,-104.9265,14.7670,59.8790,0.00,VEHICLE,0,0,
-1882.8566,-103.4139,15.9668,59.9963,0.00,VEHICLE,0,0,
-1885.2899,-102.0074,16.9268,59.7628,0.00,VEHICLE,0,0,
-1887.5089,-100.7230,17.7551,59.6692,0.00,VEHICLE,0,0,
-1889.7009,-99.4717,18.4752,59.5017,0.00,VEHICLE,0,0,
-1891.8142,-98.2630,19.1031,59.3571,0.00,VEHICLE,0,0,
-1893.9320,-96.9997,19.6918,59.5887,0.00,VEHICLE,0,0,
-1896.0144,-95.7067,20.2923,59.5545,0.00,VEHICLE,0,0,
-1898.0168,-94.4586,20.8952,59.5800,0.00,VEHICLE,0,0,
-1900.1615,-93.1740,21.5195,59.5817,0.00,VEHICLE,0,0,
-1902.8256,-91.6397,22.2301,59.4427,0.00,VEHICLE,0,0,
-1905.1160,-90.3250,22.8079,59.4207,0.00,VEHICLE,0,0,
-1907.5555,-88.8920,23.4081,59.5169,0.00,VEHICLE,0,0,
-1909.9233,-87.4705,23.9468,59.4571,0.00,VEHICLE,0,0,
-1912.0942,-86.1603,24.3984,59.4918,0.00,VEHICLE,0,0,
-1913.7903,-85.1355,24.6787,59.4176,0.00,VEHICLE,0,0,
-1916.6426,-83.3918,25.1141,59.3369,0.00,VEHICLE,0,0,
-1919.0363,-81.9113,25.4035,59.2522,0.00,VEHICLE,0,0,
-1921.7639,-80.3479,25.6530,60.1360,0.00,VEHICLE,0,0,
-1924.4392,-78.9564,25.7324,61.3762,0.00,VEHICLE,0,0,
-1926.8630,-77.6977,25.7065,61.5792,0.00,VEHICLE,0,0,
-1929.1943,-76.4582,25.6991,61.6275,0.00,VEHICLE,0,0,
-1931.6323,-75.1317,25.7032,61.6628,0.00,VEHICLE,0,0,
-1934.7644,-73.4083,25.7044,61.6951,0.00,VEHICLE,0,0,
-1937.7786,-71.8803,25.6726,63.1862,0.00,VEHICLE,0,0,
-1940.6937,-70.7249,25.6728,67.9773,0.00,VEHICLE,0,0,
-1943.5457,-69.7438,25.8674,71.0337,0.00,VEHICLE,0,0,
-1946.2841,-68.8912,26.0239,72.1304,0.00,VEHICLE,0,0,
-1948.8927,-68.0924,25.9355,72.6496,0.00,VEHICLE,0,0,
-1951.7091,-67.2392,25.8882,72.8640,0.00,VEHICLE,0,0,
-1954.7897,-66.2978,25.9022,72.9441,0.00,VEHICLE,0,0,
-1957.8776,-65.5047,25.8770,75.4318,0.00,VEHICLE,0,0,
-1961.0350,-64.8936,25.7704,79.1892,0.00,VEHICLE,0,0,
-1964.0360,-64.6157,25.6931,85.0993,0.00,VEHICLE,0,0,
-1967.1698,-64.5203,25.9248,89.0459,0.00,VEHICLE,0,0,
-1970.2117,-64.5290,26.4344,89.8710,0.00,VEHICLE,0,0,
-1973.0042,-64.5504,27.1241,89.9661,0.00,VEHICLE,0,0,
-1975.7133,-64.5642,27.9993,89.9977,0.00,VEHICLE,0,0,
-1978.2046,-64.5653,28.9062,90.0162,0.00,VEHICLE,0,0,
-1980.7976,-64.5567,29.9037,90.0315,0.00,VEHICLE,0,0,
-1983.2351,-64.5481,30.9157,90.0367,0.00,VEHICLE,0,0,
-1985.4531,-64.5574,31.8662,90.0278,0.00,VEHICLE,0,0,
-1987.6387,-64.5875,32.7587,90.0367,0.00,VEHICLE,0,0,
-1989.8322,-64.6343,33.5882,90.0434,0.00,VEHICLE,0,0,
-1992.0902,-64.6728,34.3484,90.0638,0.00,VEHICLE,0,0,
-1994.3350,-64.6974,34.9293,90.1276,0.00,VEHICLE,0,0,
-1996.8805,-64.7118,35.2835,90.2437,0.00,VEHICLE,0,0,
-1999.1639,-64.7133,35.3044,90.2153,0.00,VEHICLE,0,0,
-2001.5608,-64.6842,35.1943,90.0517,0.00,VEHICLE,0,0,
-2003.8867,-64.6294,35.1462,90.0079,0.00,VEHICLE,0,0,
-2006.3164,-64.5756,35.1599,90.0002,0.00,VEHICLE,0,0,
-2008.8456,-64.5510,35.1656,89.9764,0.00,VEHICLE,0,0,
-2011.1685,-64.6496,35.1640,91.3074,0.00,VEHICLE,0,0,
-2013.7350,-64.9465,35.1755,95.1632,0.00,VEHICLE,0,0,
-2016.4049,-65.3068,35.1999,96.6702,0.00,VEHICLE,0,0,
-2019.2490,-65.7211,35.2333,96.9942,0.00,VEHICLE,0,0,
-2022.0800,-66.1246,35.2345,97.0672,0.00,VEHICLE,0,0,
-2024.9631,-66.4936,35.2048,97.2290,0.00,VEHICLE,0,0,
-2028.2214,-66.8502,35.1552,97.3687,0.00,VEHICLE,0,0,
-2031.4451,-67.1787,35.1570,97.3646,0.00,VEHICLE,0,0,
-2034.4579,-67.5163,35.1632,97.3526,0.00,VEHICLE,0,0,
-2037.7081,-67.9316,35.1626,97.3058,0.00,VEHICLE,0,0,
-2040.6598,-68.3387,35.1633,97.2626,0.00,VEHICLE,0,0,
-2043.7540,-68.7707,35.1643,97.2370,0.00,VEHICLE,0,0,
-2046.9364,-69.2003,35.1641,97.2367,0.00,VEHICLE,0,0,
-2050.1064,-69.6072,35.1638,97.2540,0.00,VEHICLE,0,0,
-2053.2048,-69.9901,35.1640,97.2737,0.00,VEHICLE,0,0,
-2056.5281,-70.3960,35.1643,97.2889,0.00,VEHICLE,0,0,
-2060.1294,-70.7523,35.1654,95.9358,0.00,VEHICLE,0,0,
-2063.7380,-70.7943,35.1644,90.6456,0.00,VEHICLE,0,0,
-2067.2717,-70.6298,35.1631,86.6336,0.00,VEHICLE,0,0,
-2069.7629,-70.4517,35.1638,85.8157,0.00,VEHICLE,0,0,
-2073.0171,-70.1872,35.1644,85.5928,0.00,VEHICLE,0,0,
-2076.4309,-69.9004,35.1645,85.5717,0.00,VEHICLE,0,0,
-2078.4292,-69.7342,35.1652,85.5692,0.00,VEHICLE,0,0,
-2081.9165,-69.4528,35.1654,85.5622,0.00,VEHICLE,0,0,
-2085.2173,-69.1970,35.1645,85.5492,0.00,VEHICLE,0,0,
-2088.8081,-68.9258,35.1650,85.5368,0.00,VEHICLE,0,0,
-2092.5356,-68.7610,35.1647,87.2629,0.00,VEHICLE,0,0,
-2096.0874,-68.7224,35.1643,89.5617,0.00,VEHICLE,0,0,
-2099.5869,-68.7282,35.1648,90.1627,0.00,VEHICLE,0,0,
-2103.0525,-68.7484,35.1646,90.2683,0.00,VEHICLE,0,0,
-2106.8513,-68.7743,35.1647,90.2834,0.00,VEHICLE,0,0,
-2110.7058,-68.7992,35.1655,90.2864,0.00,VEHICLE,0,0,
-2112.7407,-68.8109,35.1653,90.2878,0.00,VEHICLE,0,0,
-2116.4302,-68.8295,35.1647,90.2914,0.00,VEHICLE,0,0,
-2120.1819,-68.8462,35.1646,90.2949,0.00,VEHICLE,0,0,
-2124.0491,-68.8628,35.1646,90.2970,0.00,VEHICLE,0,0,
-2127.8518,-68.8805,35.1644,90.2971,0.00,VEHICLE,0,0,
-2131.7056,-68.9001,35.1643,90.2957,0.00,VEHICLE,0,0,
-2135.5693,-68.9210,35.1643,90.2939,0.00,VEHICLE,0,0,
-2139.2847,-68.9416,35.1643,90.2928,0.00,VEHICLE,0,0,
-2141.2935,-68.9525,35.1643,90.2926,0.00,VEHICLE,0,0,
-2145.0835,-68.9726,35.1644,90.2928,0.00,VEHICLE,0,0,
-2148.1946,-68.9885,35.1644,90.2935,0.00,VEHICLE,0,0,
-2150.2703,-68.9989,35.1644,90.2939,0.00,VEHICLE,0,0,
-2152.3879,-69.0094,35.1644,90.2944,0.00,VEHICLE,0,0,
-2154.4783,-69.0197,35.1644,90.2947,0.00,VEHICLE,0,0,
-2156.6174,-69.0303,35.1644,90.2949,0.00,VEHICLE,0,0,
-2160.3972,-69.0494,35.1644,90.2948,0.00,VEHICLE,0,0,
-2164.3311,-69.0696,35.1644,90.2945,0.00,VEHICLE,0,0,
-2168.2231,-69.0899,35.1644,90.2941,0.00,VEHICLE,0,0,
-2172.0264,-69.1097,35.1644,90.2939,0.00,VEHICLE,0,0,
-2174.2881,-69.1215,35.1644,90.2938,0.00,VEHICLE,0,0,
-2178.1892,-69.1416,35.1644,90.2939,0.00,VEHICLE,0,0,
-2182.2344,-69.1623,35.1644,90.2941,0.00,VEHICLE,0,0,
-2186.1494,-69.1822,35.1644,90.2943,0.00,VEHICLE,0,0,
-2188.2366,-69.1929,35.1644,90.2943,0.00,VEHICLE,0,0,
-2190.3152,-69.2035,35.1644,90.2944,0.00,VEHICLE,0,0,
-2192.4590,-69.2144,35.1644,90.2943,0.00,VEHICLE,0,0,
-2194.5342,-69.2251,35.1644,90.2943,0.00,VEHICLE,0,0,
-2196.7217,-69.2363,35.1644,90.2943,0.00,VEHICLE,0,0,
-2198.7588,-69.2468,35.1643,90.2942,0.00,VEHICLE,0,0,
-2201.1311,-69.2591,35.1639,90.2942,0.00,VEHICLE,0,0,
-2203.3281,-69.2704,35.1631,90.2941,0.00,VEHICLE,0,0,
-2207.4263,-69.2915,35.1625,90.2941,0.00,VEHICLE,0,0,
-2211.3350,-69.3116,35.1636,90.2941,0.00,VEHICLE,0,0,
-2215.1755,-69.3313,35.1644,90.2942,0.00,VEHICLE,0,0,
-2219.0481,-69.3511,35.1645,90.2942,0.00,VEHICLE,0,0,
-2221.2673,-69.3625,35.1644,90.2942,0.00,VEHICLE,0,0,
-2223.4648,-69.3738,35.1644,90.2942,0.00,VEHICLE,0,0,
-2225.5662,-69.3846,35.1644,90.2942,0.00,VEHICLE,0,0,
-2227.9883,-69.3970,35.1644,90.2942,0.00,VEHICLE,0,0,
-2232.0364,-69.4178,35.1644,90.2942,0.00,VEHICLE,0,0,
-2234.0413,-69.4281,35.1644,90.2942,0.00,VEHICLE,0,0,
-2236.0828,-69.4386,35.1644,90.2942,0.00,VEHICLE,0,0,
-2240.1624,-69.4595,35.1644,90.2942,0.00,VEHICLE,0,0,
-2244.1892,-69.4802,35.1644,90.2942,0.00,VEHICLE,0,0,
-2246.4014,-69.4916,35.1644,90.2942,0.00,VEHICLE,0,0,
-2248.6228,-69.5030,35.1644,90.2942,0.00,VEHICLE,0,0,
-2252.4587,-69.5226,35.1644,90.2942,0.00,VEHICLE,0,0,
-2256.1599,-69.5416,35.1643,90.2942,0.00,VEHICLE,0,0,
-2259.8674,-69.5607,35.1643,90.2942,0.00,VEHICLE,0,0,
-2261.9197,-69.5712,35.1644,90.2942,0.00,VEHICLE,0,0,
-2265.6592,-69.5904,35.1644,90.2942,0.00,VEHICLE,0,0,
-2267.7390,-69.6011,35.1644,90.2942,0.00,VEHICLE,0,0,
-2271.6069,-69.6210,35.1625,90.2942,0.00,VEHICLE,0,0,
-2275.2998,-69.6399,35.1587,90.2942,0.00,VEHICLE,0,0,
-2279.2954,-69.6604,35.1564,90.2942,0.00,VEHICLE,0,0,
-2283.3398,-69.6812,35.1564,90.2942,0.00,VEHICLE,0,0,
-2287.0840,-69.7004,35.1565,90.2942,0.00,VEHICLE,0,0,
-2289.1965,-69.7113,35.1566,90.2942,0.00,VEHICLE,0,0,
-2291.2791,-69.7220,35.1566,90.2942,0.00,VEHICLE,0,0,
-2295.4292,-69.7433,35.1565,90.2942,0.00,VEHICLE,0,0,
-2297.5605,-69.7542,35.1561,90.2942,0.00,VEHICLE,0,0,
-2299.6860,-69.7651,35.1555,90.2942,0.00,VEHICLE,0,0,
-2301.7061,-69.7755,35.1555,90.2942,0.00,VEHICLE,0,0,
-2303.8191,-69.7864,35.1566,90.2942,0.00,VEHICLE,0,0,
-2305.9124,-69.7971,35.1574,90.2942,0.00,VEHICLE,0,0,
-2307.9834,-69.8078,35.1575,90.2942,0.00,VEHICLE,0,0,
-2310.9622,-69.8230,35.1570,90.2942,0.00,VEHICLE,0,0,
-2313.4958,-69.8361,35.1566,90.2942,0.00,VEHICLE,0,0,
-2316.4600,-69.8513,35.1565,90.2942,0.00,VEHICLE,0,0,
-2318.9165,-69.8639,35.1565,90.2942,0.00,VEHICLE,0,0,
-2322.9128,-69.8844,35.1566,90.2942,0.00,VEHICLE,0,0,
-2326.8467,-69.9046,35.1559,90.2942,0.00,VEHICLE,0,0,
-2330.6504,-69.9241,35.1548,90.2942,0.00,VEHICLE,0,0,
-2332.6753,-69.9345,35.1532,90.2942,0.00,VEHICLE,0,0,
-2336.3660,-69.9535,35.1494,90.2942,0.00,VEHICLE,0,0,
-2339.7405,-69.9708,35.1503,90.2942,0.00,VEHICLE,0,0,
-2342.4661,-69.9848,35.1465,90.2942,0.00,VEHICLE,0,0,
-2344.8738,-69.9971,35.1448,90.2942,0.00,VEHICLE,0,0,
-2346.8745,-70.0074,35.1460,90.2942,0.00,VEHICLE,0,0,
-2349.8047,-70.0225,35.1541,90.2942,0.00,VEHICLE,0,0,
-2352.5349,-70.0333,35.1550,90.2424,0.00,VEHICLE,0,0,
-2354.5576,-70.0415,35.1552,90.2368,0.00,VEHICLE,0,0,
-2356.8369,-69.9893,35.1588,89.2707,0.00,VEHICLE,0,0,
-2359.2583,-69.6224,35.1576,83.4006,0.00,VEHICLE,0,0,
-2361.2986,-68.8635,35.1580,73.4818,0.00,VEHICLE,0,0,
-2362.9690,-67.6908,35.1780,60.2061,0.00,VEHICLE,0,0,
-2364.7666,-65.4181,35.2110,39.5166,0.00,VEHICLE,0,0,
-2365.9651,-63.7062,35.2486,34.5662,0.00,VEHICLE,0,0,
-2367.5151,-61.3785,35.2257,33.7491,0.00,VEHICLE,0,0,
-2368.6968,-59.1740,35.1918,28.9822,0.00,VEHICLE,0,0,
-2369.6033,-56.1519,35.1408,16.6709,0.00,VEHICLE,0,0,
-2369.9468,-53.6719,35.1485,8.4247,0.00,VEHICLE,0,0,
-2370.1538,-51.5541,35.1586,5.9421,0.00,VEHICLE,0,0,
-2370.3848,-48.4981,35.1556,5.3888,0.00,VEHICLE,0,0,
-2370.7009,-45.1700,35.1554,5.2684,0.00,VEHICLE,0,0,
-2371.0457,-41.9174,35.1571,5.2110,0.00,VEHICLE,0,0,
-2371.3247,-39.1811,35.1567,5.2075,0.00,VEHICLE,0,0,
-2371.5132,-37.1750,35.1562,5.2278,0.00,VEHICLE,0,0,
-2371.7188,-34.2431,35.1565,4.4997,0.00,VEHICLE,0,0,
-2371.9124,-31.2159,35.1568,4.0390,0.00,VEHICLE,0,0,
-2372.0496,-29.0411,35.1568,3.9639,0.00,VEHICLE,0,0,
-2372.1921,-26.8678,35.1569,3.9352,0.00,VEHICLE,0,0,
-2372.3396,-24.7221,35.1567,3.9160,0.00,VEHICLE,0,0,
-2372.5024,-22.4379,35.1566,3.8985,0.00,VEHICLE,0,0,
-2372.6704,-20.1166,35.1567,3.8859,0.00,VEHICLE,0,0,
-2372.7383,-17.7601,35.1568,2.4624,0.00,VEHICLE,0,0,
-2372.6626,-15.5372,35.1560,359.0852,0.00,VEHICLE,0,0,
-2372.5659,-13.3173,35.1553,357.1071,0.00,VEHICLE,0,0,
-2372.4243,-11.0776,35.1555,356.3260,0.00,VEHICLE,0,0,
-2372.2458,-8.6735,35.1558,356.0872,0.00,VEHICLE,0,0,
-2372.0659,-6.3551,35.1561,356.0404,0.00,VEHICLE,0,0,
-2371.8809,-3.9336,35.1563,356.0287,0.00,VEHICLE,0,0,
-2371.7048,-1.5312,35.1564,356.0170,0.00,VEHICLE,0,0,
-2371.5327,0.9461,35.1568,355.9907,0.00,VEHICLE,0,0,
-2371.3601,3.4476,35.1577,355.8930,0.00,VEHICLE,0,0,
-2371.1216,5.8647,35.1569,354.7248,0.00,VEHICLE,0,0,
-2370.8616,8.3385,35.1557,353.5681,0.00,VEHICLE,0,0,
-2370.6016,10.5908,35.1553,353.1361,0.00,VEHICLE,0,0,
-2370.3142,12.9387,35.1556,352.9974,0.00,VEHICLE,0,0,
-2370.0098,15.3385,35.1556,352.9597,0.00,VEHICLE,0,0,
-2369.7185,17.6003,35.1549,352.9601,0.00,VEHICLE,0,0,
-2369.3984,20.0171,35.1543,352.8541,0.00,VEHICLE,0,0,
-2368.9841,22.5477,35.1544,351.5411,0.00,VEHICLE,0,0,
-2368.5298,24.8046,35.1546,349.2352,0.00,VEHICLE,0,0,
-2368.0610,27.0743,35.1547,347.9221,0.00,VEHICLE,0,0,
-2367.5740,29.2996,35.1547,347.4002,0.00,VEHICLE,0,0,
-2367.0774,31.4975,35.1548,347.2184,0.00,VEHICLE,0,0,
-2366.5444,33.7841,35.1547,347.0596,0.00,VEHICLE,0,0,
-2365.8523,36.0817,35.1546,344.7913,0.00,VEHICLE,0,0,
-2365.0051,38.2614,35.1537,340.1856,0.00,VEHICLE,0,0,
-2363.9792,40.2768,35.1519,334.4181,0.00,VEHICLE,0,0,
-2362.7795,42.1044,35.1507,327.8085,0.00,VEHICLE,0,0,
-2361.4204,43.7334,35.1501,320.4991,0.00,VEHICLE,0,0,
-2359.9365,45.1181,35.1492,312.9395,0.00,VEHICLE,0,0,
-2356.7612,47.0580,35.1498,298.5026,0.00,VEHICLE,0,0,
-2353.4368,48.0546,35.1512,284.1959,0.00,VEHICLE,0,0,
-2351.0354,48.4903,35.1532,278.1427,0.00,VEHICLE,0,0,
-2347.6301,48.8554,35.1569,275.5010,0.00,VEHICLE,0,0,
-2345.0874,49.0754,35.1569,275.2750,0.00,VEHICLE,0,0,
-2341.6311,49.3866,35.1567,275.2242,0.00,VEHICLE,0,0,
-2338.0305,49.5777,35.1569,272.9721,0.00,VEHICLE,0,0,
-2334.6079,49.6221,35.1564,270.2303,0.00,VEHICLE,0,0,
-2331.3174,49.6105,35.1559,269.7005,0.00,VEHICLE,0,0,
-2327.9834,49.5760,35.1560,269.6489,0.00,VEHICLE,0,0,
-2324.3975,49.5353,35.1564,269.6513,0.00,VEHICLE,0,0,
-2321.0479,49.5056,35.1564,269.6476,0.00,VEHICLE,0,0,
-2317.7146,49.4862,35.1563,269.6376,0.00,VEHICLE,0,0,
-2314.1704,49.4719,35.1563,269.6273,0.00,VEHICLE,0,0,
-2310.5515,49.4566,35.1564,269.6234,0.00,VEHICLE,0,0,
-2307.0022,49.4368,35.1563,269.6260,0.00,VEHICLE,0,0,
-2303.0864,49.4187,35.1564,269.7517,0.00,VEHICLE,0,0,
-2299.4507,49.4802,35.1565,270.9990,0.00,VEHICLE,0,0,
-2295.5989,49.5656,35.1561,271.4061,0.00,VEHICLE,0,0,
-2291.8589,49.6637,35.1548,271.4643,0.00,VEHICLE,0,0,
-2288.3708,49.7594,35.1543,271.4660,0.00,VEHICLE,0,0,
-2284.8840,49.8544,35.1544,271.4641,0.00,VEHICLE,0,0,
-2281.7529,49.9364,35.1560,271.4667,0.00,VEHICLE,0,0,
-2279.4880,50.0054,35.1569,271.6182,0.00,VEHICLE,0,0,
-2275.2849,50.4393,35.1553,276.3819,0.00,VEHICLE,0,0,
-2273.2454,50.8522,35.1532,280.3701,0.00,VEHICLE,0,0,
-2269.9790,51.8847,35.1507,288.3253,0.00,VEHICLE,0,0,
-2266.4165,53.3347,35.1521,294.6218,0.00,VEHICLE,0,0,
-2263.4963,54.7736,35.1789,296.5483,0.00,VEHICLE,0,0,
-2260.4736,56.5831,35.1964,300.5164,0.00,VEHICLE,0,0,
-2257.8687,58.5293,35.1696,306.8557,0.00,VEHICLE,0,0,
-2255.9233,60.4337,35.1525,313.7523,0.00,VEHICLE,0,0,
-2254.3438,62.4901,35.1567,321.4574,0.00,VEHICLE,0,0,
-2253.1582,64.6024,35.1586,329.4964,0.00,VEHICLE,0,0,
-2252.1721,67.2896,35.1593,339.8324,0.00,VEHICLE,0,0,
-2251.5518,70.2349,35.1604,349.2129,0.00,VEHICLE,0,0,
-2251.1687,72.7458,35.1630,352.7486,0.00,VEHICLE,0,0,
-2250.8508,75.7741,35.1647,353.8858,0.00,VEHICLE,0,0,
-2250.5835,78.4844,35.1646,354.0295,0.00,VEHICLE,0,0,
-2250.3811,80.4798,35.1644,354.0569,0.00,VEHICLE,0,0,
-2250.1858,82.7299,35.1642,354.5869,0.00,VEHICLE,0,0,
-2250.1194,84.9370,35.1638,357.2274,0.00,VEHICLE,0,0,
-2250.0442,88.7616,35.1632,359.5677,0.00,VEHICLE,0,0,
-2250.0347,90.8888,35.1634,359.8563,0.00,VEHICLE,0,0,
-2250.0371,92.9238,35.1637,359.9284,0.00,VEHICLE,0,0,
-2250.0466,95.2246,35.1640,359.9395,0.00,VEHICLE,0,0,
-2250.0574,97.4465,35.1643,359.9358,0.00,VEHICLE,0,0,
-2250.0649,99.4948,35.1643,359.9342,0.00,VEHICLE,0,0,
-2250.0686,101.7812,35.1641,359.9381,0.00,VEHICLE,0,0,
-2250.0671,104.1548,35.1640,359.9473,0.00,VEHICLE,0,0,
-2250.0613,106.4427,35.1641,359.9578,0.00,VEHICLE,0,0,
-2250.0525,108.8821,35.1644,359.9679,0.00,VEHICLE,0,0,
-2250.0442,111.1861,35.1643,359.9737,0.00,VEHICLE,0,0,
-2250.0371,113.6398,35.1643,359.9750,0.00,VEHICLE,0,0,
-2250.0330,116.1557,35.1643,359.9717,0.00,VEHICLE,0,0,
-2250.0325,118.6807,35.1642,359.9655,0.00,VEHICLE,0,0,
-2250.0337,121.1710,35.1641,359.9591,0.00,VEHICLE,0,0,
-2250.0361,123.6323,35.1639,359.9542,0.00,VEHICLE,0,0,
-2250.0383,126.1803,35.1639,359.9517,0.00,VEHICLE,0,0,
-2250.0388,128.7212,35.1640,359.9521,0.00,VEHICLE,0,0,
-2250.0376,131.3637,35.1642,359.9547,0.00,VEHICLE,0,0,
-2250.0347,133.9488,35.1643,359.9584,0.00,VEHICLE,0,0,
-2250.0308,136.4965,35.1643,359.9618,0.00,VEHICLE,0,0,
-2250.0264,139.1599,35.1643,359.9643,0.00,VEHICLE,0,0,
-2250.0222,141.8475,35.1643,359.9651,0.00,VEHICLE,0,0,
-2250.0193,144.4307,35.1643,359.9643,0.00,VEHICLE,0,0,
-2250.0176,146.8807,35.1642,359.9627,0.00,VEHICLE,0,0,
-2250.0166,149.4901,35.1643,359.9606,0.00,VEHICLE,0,0,
-2250.0164,152.0162,35.1643,359.9588,0.00,VEHICLE,0,0,
-2250.0161,154.6391,35.1643,359.9576,0.00,VEHICLE,0,0,
-2250.0154,157.6600,35.1643,359.9573,0.00,VEHICLE,0,0,
-2250.0137,160.4381,35.1643,359.9580,0.00,VEHICLE,0,0,
-2250.0112,163.3828,35.1643,359.9599,0.00,VEHICLE,0,0,
-2250.0442,167.5385,35.1659,0.5130,0.00,VEHICLE,0,0,
-2250.0964,171.5287,35.1649,0.8724,0.00,VEHICLE,0,0,
-2250.1611,175.5711,35.1635,0.9440,0.00,VEHICLE,0,0,
-2250.2319,179.6414,35.1637,0.9513,0.00,VEHICLE,0,0,
-2250.2798,182.3518,35.1639,0.9503,0.00,VEHICLE,0,0,
-2250.3271,185.0564,35.1640,0.9495,0.00,VEHICLE,0,0,
-2250.3767,187.9467,35.1641,0.9500,0.00,VEHICLE,0,0,
-2250.4229,190.6941,35.1641,0.9515,0.00,VEHICLE,0,0,
-2250.4727,193.7197,35.1641,0.9540,0.00,VEHICLE,0,0,
-2250.5183,196.5622,35.1641,0.9562,0.00,VEHICLE,0,0,
-2250.5667,199.5750,35.1641,0.9578,0.00,VEHICLE,0,0,
-2250.6169,202.6874,35.1641,0.9583,0.00,VEHICLE,0,0,
-2250.6650,205.5881,35.1641,0.9578,0.00,VEHICLE,0,0,
-2250.7148,208.5588,35.1641,0.9566,0.00,VEHICLE,0,0,
-2250.7620,211.3578,35.1641,0.9552,0.00,VEHICLE,0,0,
-2250.8357,215.7040,35.1641,0.9536,0.00,VEHICLE,0,0,
-2250.8801,218.3408,35.1633,0.9532,0.00,VEHICLE,0,0,
-2250.9250,221.0118,35.1612,0.9533,0.00,VEHICLE,0,0,
-2250.9939,225.1391,35.1563,0.9541,0.00,VEHICLE,0,0,
-2251.0383,227.8266,35.1553,0.9548,0.00,VEHICLE,0,0,
-2251.1074,232.0155,35.1561,0.9557,0.00,VEHICLE,0,0,
-2251.1526,234.7475,35.1564,0.9560,0.00,VEHICLE,0,0,
-2251.1987,237.5315,35.1564,0.9560,0.00,VEHICLE,0,0,
-2251.2463,240.3917,35.1563,0.9558,0.00,VEHICLE,0,0,
-2251.2949,243.2951,35.1563,0.9554,0.00,VEHICLE,0,0,
-2251.3660,247.5392,35.1563,0.9549,0.00,VEHICLE,0,0,
-2251.4136,250.3806,35.1563,0.9546,0.00,VEHICLE,0,0,
-2251.4590,253.0960,35.1563,0.9545,0.00,VEHICLE,0,0,
-2251.5051,255.8471,35.1563,0.9545,0.00,VEHICLE,0,0,
-2251.5520,258.6567,35.1563,0.9546,0.00,VEHICLE,0,0,
-2251.5974,261.3773,35.1563,0.9548,0.00,VEHICLE,0,0,
-2251.6455,264.2705,35.1563,0.9550,0.00,VEHICLE,0,0,
-2251.6948,267.2435,35.1559,0.9552,0.00,VEHICLE,0,0,
-2251.7412,270.0272,35.1551,0.9553,0.00,VEHICLE,0,0,
-2251.7866,272.7533,35.1544,0.9553,0.00,VEHICLE,0,0,
-2251.8330,275.5328,35.1542,0.9553,0.00,VEHICLE,0,0,
-2251.9004,279.5686,35.1544,0.9552,0.00,VEHICLE,0,0,
-2251.9517,282.6339,35.1546,0.9551,0.00,VEHICLE,0,0,
-2251.9993,285.4796,35.1547,0.9550,0.00,VEHICLE,0,0,
-2252.0481,288.4066,35.1547,0.9549,0.00,VEHICLE,0,0,
-2252.0967,291.3197,35.1546,0.9549,0.00,VEHICLE,0,0,
-2252.1428,294.0949,35.1546,0.9550,0.00,VEHICLE,0,0,
-2252.1882,296.8166,35.1546,0.9550,0.00,VEHICLE,0,0,
-2252.2354,299.6438,35.1546,0.9551,0.00,VEHICLE,0,0,
-2252.2830,302.5023,35.1546,0.9551,0.00,VEHICLE,0,0,
-2252.3328,305.4919,35.1546,0.9552,0.00,VEHICLE,0,0,
-2252.3770,308.1441,35.1546,0.9552,0.00,VEHICLE,0,0,
-2252.4255,311.0615,35.1555,0.9552,0.00,VEHICLE,0,0,
-2252.4746,314.0115,35.1594,0.9551,0.00,VEHICLE,0,0,
-2252.5198,316.7163,35.1632,0.9551,0.00,VEHICLE,0,0,
-2252.5637,319.3555,35.1637,0.9550,0.00,VEHICLE,0,0,
-2252.6362,321.9764,35.1629,1.3428,0.00,VEHICLE,0,0,
-2252.8442,324.6383,35.1622,3.6451,0.00,VEHICLE,0,0,
-2253.1040,327.3227,35.1618,5.9717,0.00,VEHICLE,0,0,
-2253.5454,331.0528,35.1103,7.3151,0.00,VEHICLE,0,0,
-2254.0161,334.5585,34.8348,7.6895,0.00,VEHICLE,0,0,
-2254.5425,338.3618,34.2885,8.1481,0.00,VEHICLE,0,0,
-2255.1086,342.1047,33.7375,8.8327,0.00,VEHICLE,0,0,
-2255.7136,345.7877,33.3411,8.9783,0.00,VEHICLE,0,0,
-2256.3381,349.4824,32.9761,9.2883,0.00,VEHICLE,0,0,
-2256.9143,352.0865,32.8647,11.6145,0.00,VEHICLE,0,0,
-2257.6924,354.6409,32.9225,16.3295,0.00,VEHICLE,0,0,
-2258.6006,356.8828,33.0327,21.5974,0.00,VEHICLE,0,0,
-2259.5127,358.8965,33.1046,25.2461,0.00,VEHICLE,0,0,
-2261.0247,361.9518,33.1699,28.4884,0.00,VEHICLE,0,0,
-2262.2083,364.1069,33.2101,29.8727,0.00,VEHICLE,0,0,
-2263.4155,366.1601,33.2561,30.5945,0.00,VEHICLE,0,0,
-2264.9646,368.5208,33.3623,32.1286,0.00,VEHICLE,0,0,
-2266.3293,370.3586,33.4822,35.0668,0.00,VEHICLE,0,0,
-2267.6155,372.0579,33.6261,36.9032,0.00,VEHICLE,0,0,
-2268.9407,373.7667,33.7731,37.8034,0.00,VEHICLE,0,0,
-2270.3030,375.5023,33.9137,38.1708,0.00,VEHICLE,0,0,
-2271.6670,377.2346,34.0462,38.2945,0.00,VEHICLE,0,0,
-2272.9968,378.9229,34.1717,38.3363,0.00,VEHICLE,0,0,
-2274.3203,380.6036,34.2965,38.3513,0.00,VEHICLE,0,0,
-2275.6785,382.3264,34.4162,38.3578,0.00,VEHICLE,0,0,
-2277.0991,384.1259,34.5138,38.3653,0.00,VEHICLE,0,0,
-2279.0208,386.4852,34.6121,38.9132,0.00,VEHICLE,0,0,
-2280.8572,388.5001,34.6671,41.5741,0.00,VEHICLE,0,0,
-2283.5420,391.2311,34.7621,45.0973,0.00,VEHICLE,0,0,
-2286.2913,393.8871,34.8730,46.1902,0.00,VEHICLE,0,0,
-2288.4224,395.9012,34.9565,46.3672,0.00,VEHICLE,0,0,
-2290.4146,397.7757,35.0172,46.4029,0.00,VEHICLE,0,0,
-2293.3232,400.5189,35.0286,46.4139,0.00,VEHICLE,0,0,
-2295.3647,402.4560,35.0106,46.4229,0.00,VEHICLE,0,0,
-2297.4924,404.5286,35.0023,46.0162,0.00,VEHICLE,0,0,
-2299.5676,406.8005,35.0046,43.1904,0.00,VEHICLE,0,0,
-2301.3450,408.8513,35.0070,40.7045,0.00,VEHICLE,0,0,
-2303.1851,411.0606,35.0075,39.4548,0.00,VEHICLE,0,0,
-2304.8555,413.1230,35.0075,39.0328,0.00,VEHICLE,0,0,
-2306.5623,415.2535,35.0075,38.9126,0.00,VEHICLE,0,0,
-2307.9534,416.9932,35.0076,38.8897,0.00,VEHICLE,0,0,
-2309.7488,419.2360,35.0078,38.8816,0.00,VEHICLE,0,0,
-2311.1387,420.9674,35.0078,38.8774,0.00,VEHICLE,0,0,
-2312.5618,422.7352,35.0078,38.8720,0.00,VEHICLE,0,0,
-2314.3337,424.9295,35.0076,38.8648,0.00,VEHICLE,0,0,
-2315.9902,426.9768,34.9968,38.8585,0.00,VEHICLE,0,0,
-2317.5850,428.9457,34.9539,38.8550,0.00,VEHICLE,0,0,
-2319.3635,431.1391,34.8724,38.8471,0.00,VEHICLE,0,0,
-2321.0000,433.1610,34.7739,38.8478,0.00,VEHICLE,0,0,
-2322.5889,435.1288,34.6824,38.8528,0.00,VEHICLE,0,0,
-2324.1296,437.0412,34.6011,38.8588,0.00,VEHICLE,0,0,
-2325.7305,439.0317,34.5197,38.8658,0.00,VEHICLE,0,0,
-2327.6133,441.3750,34.4240,38.8739,0.00,VEHICLE,0,0,
-2329.2314,443.3888,34.3185,38.8740,0.00,VEHICLE,0,0,
-2331.9565,446.7441,34.0045,39.0882,0.00,VEHICLE,0,0,
-2333.7886,448.8318,33.7424,40.6897,0.00,VEHICLE,0,0,
-2335.3582,450.5626,33.5365,42.2392,0.00,VEHICLE,0,0,
-2337.0503,452.3842,33.3314,43.1320,0.00,VEHICLE,0,0,
-2338.6899,454.1152,33.1402,43.4969,0.00,VEHICLE,0,0,
-2341.3843,456.9267,32.8259,43.6791,0.00,VEHICLE,0,0,
-2343.0581,458.6658,32.6043,43.6964,0.00,VEHICLE,0,0,
-2345.0061,460.6906,32.3186,43.6966,0.00,VEHICLE,0,0,
-2346.7688,462.5598,32.0338,43.3803,0.00,VEHICLE,0,0,
-2348.6116,464.6782,31.7224,41.5273,0.00,VEHICLE,0,0,
-2350.1736,466.6532,31.4517,38.7546,0.00,VEHICLE,0,0,
-2351.6128,468.6135,31.1945,36.2091,0.00,VEHICLE,0,0,
-2352.9968,470.5743,30.9418,34.6997,0.00,VEHICLE,0,0,
-2354.4470,472.7128,30.6703,33.8431,0.00,VEHICLE,0,0,
-2355.7847,474.7405,30.5529,33.6306,0.00,VEHICLE,0,0,
-2357.0178,476.6238,30.5049,33.6071,0.00,VEHICLE,0,0,
-2358.3511,478.6596,30.5437,33.5745,0.00,VEHICLE,0,0,
-2359.8369,480.9713,30.5933,33.2075,0.00,VEHICLE,0,0,
-2361.0581,482.9928,30.6021,31.9015,0.00,VEHICLE,0,0,
-2362.2085,484.9384,30.5944,30.5890,0.00,VEHICLE,0,0,
-2363.3052,486.8284,30.5850,29.8703,0.00,VEHICLE,0,0,
-2364.4114,488.7608,30.5787,29.5277,0.00,VEHICLE,0,0,
-2365.5144,490.7044,30.5171,29.3522,0.00,VEHICLE,0,0,
-2366.5745,492.5852,30.4077,29.2366,0.00,VEHICLE,0,0,
-2367.6902,494.5728,30.2285,29.1640,0.00,VEHICLE,0,0,
-2368.8835,496.7198,29.9839,28.9733,0.00,VEHICLE,0,0,
-2370.0247,498.8923,29.7707,28.1006,0.00,VEHICLE,0,0,
-2371.1794,501.4548,29.5880,25.0306,0.00,VEHICLE,0,0,
-2372.0786,503.8391,29.4386,21.0812,0.00,VEHICLE,0,0,
-2373.1128,506.7789,29.2401,17.9454,0.00,VEHICLE,0,0,
-2374.0076,509.6646,29.0451,16.1794,0.00,VEHICLE,0,0,
-2374.7046,512.1740,28.8808,15.4762,0.00,VEHICLE,0,0,
-2375.3596,514.6426,28.7252,15.2757,0.00,VEHICLE,0,0,
-2376.0200,517.1496,28.5535,15.2250,0.00,VEHICLE,0,0,
-2376.6702,519.6106,28.3242,15.1844,0.00,VEHICLE,0,0,
-2377.6799,523.4000,27.8535,15.1881,0.00,VEHICLE,0,0,
-2378.3220,525.7651,27.5434,15.1902,0.00,VEHICLE,0,0,
-2378.9568,528.0792,27.2823,15.1844,0.00,VEHICLE,0,0,
-2380.0151,531.9099,26.9290,15.1725,0.00,VEHICLE,0,0,
-2380.7300,534.5005,26.7201,15.1661,0.00,VEHICLE,0,0,
-2381.7988,538.5286,26.3843,14.7261,0.00,VEHICLE,0,0,
-2382.3740,541.1171,26.1628,13.0636,0.00,VEHICLE,0,0,
-2382.8103,543.5039,25.9601,10.7591,0.00,VEHICLE,0,0,
-2383.4158,547.2653,25.6075,8.7552,0.00,VEHICLE,0,0,
-2383.7444,549.5995,25.3250,8.2973,0.00,VEHICLE,0,0,
-2384.2542,553.3196,24.8241,7.9188,0.00,VEHICLE,0,0,
-2384.5615,555.6752,24.6381,7.7549,0.00,VEHICLE,0,0,
-2385.0774,559.6177,24.6645,7.6589,0.00,VEHICLE,0,0,
-2385.4053,562.0832,24.7241,7.6023,0.00,VEHICLE,0,0,
-2385.7043,564.5760,24.7484,6.9832,0.00,VEHICLE,0,0,
-2385.9312,567.1512,24.7457,5.2142,0.00,VEHICLE,0,0,
-2386.1118,570.8933,24.7343,2.0093,0.00,VEHICLE,0,0,
-2386.1777,573.2586,24.7319,1.1100,0.00,VEHICLE,0,0,
-2386.2153,575.7351,24.7321,0.7404,0.00,VEHICLE,0,0,
-2386.2344,578.1212,24.7623,0.6380,0.00,VEHICLE,0,0,
-2386.2444,580.3343,24.8996,0.6550,0.00,VEHICLE,0,0,
-2386.2495,582.5281,25.1599,0.6761,0.00,VEHICLE,0,0,
-2386.2583,584.9002,25.5642,0.6417,0.00,VEHICLE,0,0,
-2386.2705,587.0286,26.0005,0.6102,0.00,VEHICLE,0,0,
-2386.2878,589.0822,26.4104,0.5990,0.00,VEHICLE,0,0,
-2386.3157,591.3961,26.8396,0.5878,0.00,VEHICLE,0,0,
-2386.3699,594.9459,27.4702,0.5620,0.00,VEHICLE,0,0,
-2386.4016,596.9648,27.8315,0.5520,0.00,VEHICLE,0,0,
-2386.4316,599.0283,28.2050,0.5497,0.00,VEHICLE,0,0,
-2386.4719,602.3656,28.8109,0.5590,0.00,VEHICLE,0,0,
-2386.5049,606.1583,29.4965,0.5761,0.00,VEHICLE,0,0,
-2386.5190,608.2172,29.8683,0.5850,0.00,VEHICLE,0,0,
-2386.5464,612.0936,30.5682,0.5934,0.00,VEHICLE,0,0,
-2386.5793,615.7802,31.2342,0.5904,0.00,VEHICLE,0,0,
-2386.6199,619.4898,31.9046,0.5827,0.00,VEHICLE,0,0,
-2386.5500,623.5543,32.6385,358.8278,0.00,VEHICLE,0,0,
-2386.1104,627.0073,33.2607,352.5509,0.00,VEHICLE,0,0,
-2385.5156,630.4736,33.8883,349.7336,0.00,VEHICLE,0,0,
-2384.9451,633.3661,34.4129,349.3339,0.00,VEHICLE,0,0,
-2384.3777,636.2264,34.8296,349.3632,0.00,VEHICLE,0,0,
-2383.8237,639.1624,35.0301,349.4787,0.00,VEHICLE,0,0,
-2383.2922,642.1892,35.0290,349.7194,0.00,VEHICLE,0,0,
-2382.8892,644.5727,35.0042,349.7924,0.00,VEHICLE,0,0,
-2382.5024,646.8244,35.0026,349.7983,0.00,VEHICLE,0,0,
-2381.9409,649.9721,35.0063,349.8088,0.00,VEHICLE,0,0,
-2381.3708,653.0577,35.0059,349.8289,0.00,VEHICLE,0,0,
-2380.6802,656.2140,35.0061,348.2709,0.00,VEHICLE,0,0,
-2379.9392,658.4617,35.0124,343.3386,0.00,VEHICLE,0,0,
-2378.9673,661.3254,35.0490,340.2736,0.00,VEHICLE,0,0,
-2378.1814,663.4349,35.0514,339.3424,0.00,VEHICLE,0,0,
-2377.1765,665.4890,35.0302,335.4520,0.00,VEHICLE,0,0,
-2375.5623,667.8110,34.9910,326.7720,0.00,VEHICLE,0,0,
-2373.6626,669.6692,34.9836,316.4516,0.00,VEHICLE,0,0,
-2371.5552,671.0030,35.0005,304.8232,0.00,VEHICLE,0,0,
-2369.1907,671.8276,35.0062,291.4221,0.00,VEHICLE,0,0,
-2365.9409,672.0458,35.0074,273.0672,0.00,VEHICLE,0,0,
-2363.3821,671.7912,35.0097,262.9916,0.00,VEHICLE,0,0,
-2361.3088,671.4589,35.0133,260.0820,0.00,VEHICLE,0,0,
-2358.5151,670.9788,35.0152,260.3878,0.00,VEHICLE,0,0,
-2355.8560,670.7617,35.1441,264.8020,0.00,VEHICLE,0,0,
-2353.5974,670.6131,35.4157,266.3855,0.00,VEHICLE,0,0,
-2351.5022,670.5007,35.8390,266.6380,0.00,VEHICLE,0,0,
-2348.8989,670.3743,36.4088,266.6873,0.00,VEHICLE,0,0,
-2346.7483,670.2663,36.8867,266.7022,0.00,VEHICLE,0,0,
-2344.6057,670.1491,37.3461,266.7096,0.00,VEHICLE,0,0,
-2342.3953,670.0187,37.8171,266.7174,0.00,VEHICLE,0,0,
-2340.1851,669.8835,38.2892,266.7223,0.00,VEHICLE,0,0,
-2337.9688,669.7484,38.7530,266.7241,0.00,VEHICLE,0,0,
-2335.7517,669.6170,39.1950,266.7283,0.00,VEHICLE,0,0,
-2333.4233,669.4839,39.6397,266.7214,0.00,VEHICLE,0,0,
-2331.3474,669.3679,40.0342,266.7128,0.00,VEHICLE,0,0,
-2329.2522,669.2512,40.4355,266.7068,0.00,VEHICLE,0,0,
-2327.1895,669.1354,40.8313,266.7034,0.00,VEHICLE,0,0,
-2325.0376,669.0126,41.2444,266.7013,0.00,VEHICLE,0,0,
-2322.7861,668.8823,41.6765,266.6997,0.00,VEHICLE,0,0,
-2320.5356,668.7510,42.1085,266.6977,0.00,VEHICLE,0,0,
-2318.3547,668.6238,42.5147,266.6988,0.00,VEHICLE,0,0,
-2316.0779,668.4917,42.9321,266.6988,0.00,VEHICLE,0,0,
-2313.9436,668.3687,43.3148,266.6948,0.00,VEHICLE,0,0,
-2311.5688,668.2321,43.7417,266.6901,0.00,VEHICLE,0,0,
-2309.2561,668.0989,44.1592,266.6862,0.00,VEHICLE,0,0,
-2307.0015,667.9686,44.5665,266.6832,0.00,VEHICLE,0,0,
-2304.5222,667.8248,45.0144,266.6796,0.00,VEHICLE,0,0,
-2302.3337,667.6976,45.4097,266.6769,0.00,VEHICLE,0,0,
-2299.9873,667.5609,45.8342,266.6715,0.00,VEHICLE,0,0,
-2297.5403,667.4184,46.2762,266.6694,0.00,VEHICLE,0,0,
-2295.1794,667.2808,46.7016,266.6665,0.00,VEHICLE,0,0,
-2292.7202,667.1375,47.1446,266.6628,0.00,VEHICLE,0,0,
-2290.2319,666.9924,47.5932,266.6590,0.00,VEHICLE,0,0,
-2287.5828,666.8378,48.0711,266.6548,0.00,VEHICLE,0,0,
-2285.0815,666.6915,48.5222,266.6512,0.00,VEHICLE,0,0,
-2282.4253,666.5250,48.9606,266.4996,0.00,VEHICLE,0,0,
-2279.4712,666.2595,49.2900,265.0383,0.00,VEHICLE,0,0,
-2276.4636,665.9263,49.3548,263.2229,0.00,VEHICLE,0,0,
-2273.5642,665.4064,49.2941,259.3511,0.00,VEHICLE,0,0,
-2271.1370,664.6536,49.2752,253.8697,0.00,VEHICLE,0,0,
-2268.9063,663.6016,49.2814,246.5276,0.00,VEHICLE,0,0,
-2266.9597,662.3144,49.2831,238.1626,0.00,VEHICLE,0,0,
-2265.0386,660.5184,49.2836,227.6226,0.00,VEHICLE,0,0,
-2263.6458,658.6334,49.2838,217.7995,0.00,VEHICLE,0,0,
-2262.6797,656.6548,49.2837,208.0546,0.00,VEHICLE,0,0,
-2262.0896,654.3615,49.2830,196.3948,0.00,VEHICLE,0,0,
-2261.8076,652.0515,49.2840,187.1182,0.00,VEHICLE,0,0,
-2261.6309,649.7450,49.2878,184.0003,0.00,VEHICLE,0,0,
-2261.5010,647.2310,49.2895,183.4874,0.00,VEHICLE,0,0,
-2261.3647,644.7906,49.2896,183.4196,0.00,VEHICLE,0,0,
-2261.2175,642.3818,49.2875,183.3971,0.00,VEHICLE,0,0,
-2261.0447,639.6852,49.2661,183.3834,0.00,VEHICLE,0,0,
-2260.8855,637.1695,49.0838,183.4095,0.00,VEHICLE,0,0,
-2260.7314,634.6764,48.7054,183.4415,0.00,VEHICLE,0,0,
-2260.5881,632.2054,48.1261,183.4964,0.00,VEHICLE,0,0,
-2260.4375,629.5651,47.4189,183.5339,0.00,VEHICLE,0,0,
-2260.2798,626.8527,46.7347,183.5307,0.00,VEHICLE,0,0,
-2260.1650,623.9897,46.0342,182.6957,0.00,VEHICLE,0,0,
-2260.2532,620.7303,45.2281,178.4868,0.00,VEHICLE,0,0,
-2260.4214,617.5120,44.4301,176.6195,0.00,VEHICLE,0,0,
-2260.6272,614.3858,43.6563,176.2578,0.00,VEHICLE,0,0,
-2260.8501,611.1956,42.8674,176.2166,0.00,VEHICLE,0,0,
-2261.0894,607.7477,42.0149,176.2223,0.00,VEHICLE,0,0,
-2261.2231,603.9070,41.0652,178.1372,0.00,VEHICLE,0,0,
-2261.1462,601.9542,40.5824,181.0197,0.00,VEHICLE,0,0,
-2260.8401,598.2845,39.6749,185.4236,0.00,VEHICLE,0,0,
-2260.4272,594.6617,38.7791,186.7458,0.00,VEHICLE,0,0,
-2260.1816,592.7181,38.2985,186.9008,0.00,VEHICLE,0,0,
-2259.9067,590.6497,37.7869,187.0679,0.00,VEHICLE,0,0,
-2259.5852,588.6359,37.2885,188.0382,0.00,VEHICLE,0,0,
-2259.0840,586.2183,36.6896,190.7728,0.00,VEHICLE,0,0,
-2258.5488,584.1515,36.1774,193.7462,0.00,VEHICLE,0,0,
-2257.8938,582.0953,35.6677,197.0926,0.00,VEHICLE,0,0,
-2257.0928,580.0517,35.2906,200.6145,0.00,VEHICLE,0,0,
-2256.1038,578.0034,35.0427,204.5103,0.00,VEHICLE,0,0,
-2255.0757,576.1945,34.9114,208.5998,0.00,VEHICLE,0,0,
-2253.8853,574.4642,34.9361,212.7704,0.00,VEHICLE,0,0,
-2252.6179,572.8994,34.9787,216.8602,0.00,VEHICLE,0,0,
-2251.2012,571.3863,35.0048,221.2786,0.00,VEHICLE,0,0,
-2249.7202,570.0025,35.0119,225.8690,0.00,VEHICLE,0,0,
-2248.1492,568.7333,35.0097,230.6063,0.00,VEHICLE,0,0,
-2246.4031,567.5301,35.0061,235.7795,0.00,VEHICLE,0,0,
-2244.6365,566.5060,35.0042,240.9273,0.00,VEHICLE,0,0,
-2240.8750,564.9125,35.0038,251.5282,0.00,VEHICLE,0,0,
-2238.4170,564.2629,35.0033,258.2148,0.00,VEHICLE,0,0,
-2235.6914,563.7593,35.0031,264.4021,0.00,VEHICLE,0,0,
-2233.5486,563.5291,35.0040,268.1247,0.00,VEHICLE,0,0,
-2229.6421,563.4716,35.0060,272.7927,0.00,VEHICLE,0,0,
-2226.8291,563.6459,35.0071,274.0743,0.00,VEHICLE,0,0,
-2222.9419,563.9611,35.0080,274.3065,0.00,VEHICLE,0,0,
-2219.7949,564.2133,35.0083,274.3212,0.00,VEHICLE,0,0,
-2216.8572,564.4393,35.0083,274.3326,0.00,VEHICLE,0,0,
-2214.7822,564.5938,35.0083,274.3425,0.00,VEHICLE,0,0,
-2212.6614,564.7489,35.0084,274.3521,0.00,VEHICLE,0,0,
-2210.5256,564.9041,35.0084,274.3595,0.00,VEHICLE,0,0,
-2208.0750,565.0432,35.0084,273.8253,0.00,VEHICLE,0,0,
-2205.8967,565.0606,35.0083,271.7189,0.00,VEHICLE,0,0,
-2202.0034,565.0091,35.0079,268.7638,0.00,VEHICLE,0,0,
-2199.9336,564.9517,35.0077,268.2872,0.00,VEHICLE,0,0,
-2197.8914,564.8842,35.0078,268.1242,0.00,VEHICLE,0,0,
-2195.8774,564.8124,35.0080,268.0751,0.00,VEHICLE,0,0,
-2193.7827,564.7353,35.0081,268.0623,0.00,VEHICLE,0,0,
-2191.7688,564.6608,35.0083,268.0605,0.00,VEHICLE,0,0,
-2187.4587,564.5088,35.0084,268.1100,0.00,VEHICLE,0,0,
-2185.2661,564.4949,35.0084,269.0101,0.00,VEHICLE,0,0,
-2181.4697,564.5226,35.0081,270.6060,0.00,VEHICLE,0,0,
-2177.5522,564.5911,35.0079,270.9633,0.00,VEHICLE,0,0,
-2173.8591,564.6670,35.0081,271.0066,0.00,VEHICLE,0,0,
-2170.0171,564.7451,35.0083,271.0114,0.00,VEHICLE,0,0,
-2166.1997,564.8167,35.0082,271.0163,0.00,VEHICLE,0,0,
-2164.1589,564.8523,35.0083,271.0201,0.00,VEHICLE,0,0,
-2161.9497,564.8893,35.0083,271.0245,0.00,VEHICLE,0,0,
-2158.0144,564.9542,35.0085,271.0297,0.00,VEHICLE,0,0,
-2155.8889,564.9896,35.0084,271.0309,0.00,VEHICLE,0,0,
-2153.8735,565.0239,35.0084,271.0308,0.00,VEHICLE,0,0,
-2150.0986,565.0906,35.0084,271.0285,0.00,VEHICLE,0,0,
-2146.2021,565.1621,35.0084,271.0252,0.00,VEHICLE,0,0,
-2142.7576,565.2263,35.0084,271.0227,0.00,VEHICLE,0,0,
-2138.9363,565.2968,35.0084,271.0221,0.00,VEHICLE,0,0,
-2136.3962,565.3387,35.0084,270.9708,0.00,VEHICLE,0,0,
-2133.8818,565.3375,35.0084,270.3129,0.00,VEHICLE,0,0,
-2131.5344,565.3238,35.0082,269.6212,0.00,VEHICLE,0,0,
-2128.3369,565.2852,35.0081,269.2285,0.00,VEHICLE,0,0,
-2126.1038,565.2513,35.0080,269.1468,0.00,VEHICLE,0,0,
-2122.6936,565.1946,35.0081,269.1171,0.00,VEHICLE,0,0,
-2120.4285,565.1558,35.0089,269.1142,0.00,VEHICLE,0,0,
-2118.3247,565.1201,35.0095,269.1134,0.00,VEHICLE,0,0,
-2116.2856,565.0861,35.0094,269.1129,0.00,VEHICLE,0,0,
-2114.2588,565.0533,35.0089,269.1120,0.00,VEHICLE,0,0,
-2112.1052,565.0195,35.0084,269.1103,0.00,VEHICLE,0,0,
-2109.7336,564.9833,35.0080,269.1079,0.00,VEHICLE,0,0,
-2107.4766,564.9495,35.0080,269.1057,0.00,VEHICLE,0,0,
-2105.4050,564.9187,35.0080,269.1041,0.00,VEHICLE,0,0,
-2103.2458,564.8865,35.0081,269.1029,0.00,VEHICLE,0,0,
-2101.2224,564.8561,35.0081,269.1025,0.00,VEHICLE,0,0,
-2097.0596,564.7922,35.0081,269.1033,0.00,VEHICLE,0,0,
-2093.0049,564.7283,35.0081,269.1051,0.00,VEHICLE,0,0,
-2090.9070,564.6949,35.0081,269.1060,0.00,VEHICLE,0,0,
-2088.7805,564.6609,35.0081,269.1067,0.00,VEHICLE,0,0,
-2086.7393,564.6284,35.0081,269.1071,0.00,VEHICLE,0,0,
-2084.6470,564.5952,35.0081,269.1072,0.00,VEHICLE,0,0,
-2082.2402,564.5573,35.0082,269.1070,0.00,VEHICLE,0,0,
-2080.1013,564.5239,35.0082,269.1066,0.00,VEHICLE,0,0,
-2075.8684,564.4583,35.0081,269.1057,0.00,VEHICLE,0,0,
-2073.8086,564.4265,35.0081,269.1053,0.00,VEHICLE,0,0,
-2070.1270,564.3698,35.0082,269.1048,0.00,VEHICLE,0,0,
-2068.0857,564.3381,35.0082,269.1047,0.00,VEHICLE,0,0,
-2064.5554,564.2860,35.0082,269.1420,0.00,VEHICLE,0,0,
-2062.3264,564.2892,35.0082,269.6945,0.00,VEHICLE,0,0,
-2060.1978,564.3336,35.0081,270.8304,0.00,VEHICLE,0,0,
-2056.2498,564.4490,35.0079,271.9131,0.00,VEHICLE,0,0,
-2052.3037,564.5944,35.0078,272.1367,0.00,VEHICLE,0,0,
-2050.0513,564.6832,35.0079,272.1621,0.00,VEHICLE,0,0,
-2047.8781,564.7703,35.0080,272.1675,0.00,VEHICLE,0,0,
-2044.2760,564.9144,35.0082,272.1674,0.00,VEHICLE,0,0,
-2040.3695,565.0673,35.0081,272.1693,0.00,VEHICLE,0,0,
-2036.8771,565.2059,35.0081,272.2469,0.00,VEHICLE,0,0,
-2033.2756,565.4678,35.0082,274.0731,0.00,VEHICLE,0,0,
-2030.8669,565.6895,35.0080,275.5427,0.00,VEHICLE,0,0,
-2028.3645,565.9522,35.0078,276.2936,0.00,VEHICLE,0,0,
-2025.3712,566.2927,35.0076,276.6190,0.00,VEHICLE,0,0,
-2022.5009,566.6343,35.0077,276.6961,0.00,VEHICLE,0,0,
-2019.7679,566.9652,35.0080,276.7067,0.00,VEHICLE,0,0,
-2015.5364,567.4789,35.0083,276.7034,0.00,VEHICLE,0,0,
-2011.3345,567.9813,35.0081,276.7080,0.00,VEHICLE,0,0,
-2008.6292,568.2996,35.0080,276.7155,0.00,VEHICLE,0,0,
-2005.7621,568.6332,35.0082,276.7249,0.00,VEHICLE,0,0,
-2002.9275,568.9613,35.0084,276.7327,0.00,VEHICLE,0,0,
-1999.7468,569.3298,35.0085,276.7375,0.00,VEHICLE,0,0,
-1996.6254,569.6940,35.0334,276.7408,0.00,VEHICLE,0,0,
-1993.8610,570.0195,35.0815,276.7419,0.00,VEHICLE,0,0,
-1990.9601,570.3640,35.1631,276.7416,0.00,VEHICLE,0,0,
-1988.2809,570.6814,35.2282,276.7296,0.00,VEHICLE,0,0,
-1985.6649,570.9939,35.2756,276.7297,0.00,VEHICLE,0,0,
-1983.0011,571.3130,35.3011,276.7321,0.00,VEHICLE,0,0,
-1979.2233,571.7629,35.2144,276.7203,0.00,VEHICLE,0,0,
-1976.3251,572.1030,35.1193,276.6968,0.00,VEHICLE,0,0,
-1973.7144,572.4074,35.1170,276.6877,0.00,VEHICLE,0,0,
-1969.7692,572.8671,35.1738,276.6843,0.00,VEHICLE,0,0,
-1965.9114,573.3182,35.1690,276.6832,0.00,VEHICLE,0,0,
-1962.0073,573.7763,35.1615,276.6807,0.00,VEHICLE,0,0,
-1959.3406,574.0841,35.1630,276.6076,0.00,VEHICLE,0,0,
-1956.5887,574.3192,35.1645,275.3784,0.00,VEHICLE,0,0,
-1954.0908,574.3884,35.1643,272.4001,0.00,VEHICLE,0,0,
-1951.5928,574.3241,35.1631,268.8068,0.00,VEHICLE,0,0,
-1949.4150,574.2142,35.1622,266.6398,0.00,VEHICLE,0,0,
-1946.8903,574.0322,35.1617,265.2656,0.00,VEHICLE,0,0,
-1944.6600,573.8242,35.1617,264.7266,0.00,VEHICLE,0,0,
-1942.2198,573.5742,35.1621,264.5242,0.00,VEHICLE,0,0,
-1938.4514,573.1783,35.1625,264.4701,0.00,VEHICLE,0,0,
-1936.1820,572.9448,35.1623,264.4676,0.00,VEHICLE,0,0,
-1933.8463,572.6891,35.1621,264.1476,0.00,VEHICLE,0,0,
-1930.4650,572.1650,35.1959,261.0735,0.00,VEHICLE,0,0,
-1928.2681,571.6552,35.2244,257.1375,0.00,VEHICLE,0,0,
-1926.2457,571.0267,35.2328,252.7833,0.00,VEHICLE,0,0,
-1922.9355,569.7640,35.2586,246.7932,0.00,VEHICLE,0,0,
-1920.1082,568.4621,35.2797,244.9732,0.00,VEHICLE,0,0,
-1917.5009,567.1802,35.2263,244.7008,0.00,VEHICLE,0,0,
-1914.8412,565.8351,35.1364,244.7495,0.00,VEHICLE,0,0,
-1911.8966,564.3539,35.0922,244.7852,0.00,VEHICLE,0,0,
-1909.2560,563.0671,35.0798,244.7805,0.00,VEHICLE,0,0,
-1906.5162,561.7762,35.0908,244.7443,0.00,VEHICLE,0,0,
-1903.7751,560.5154,35.1028,244.7082,0.00,VEHICLE,0,0,
-1900.9941,559.2515,35.0537,244.7049,0.00,VEHICLE,0,0,
-1898.2177,557.9781,34.9383,244.6556,0.00,VEHICLE,0,0,
-1895.4386,556.6660,34.7865,244.5513,0.00,VEHICLE,0,0,
-1892.5428,555.2728,34.6117,244.6033,0.00,VEHICLE,0,0,
-1889.6056,553.8611,34.4630,244.6623,0.00,VEHICLE,0,0,
-1886.8009,552.5139,34.4002,244.6501,0.00,VEHICLE,0,0,
-1883.4641,550.9191,34.3841,244.6450,0.00,VEHICLE,0,0,
-1879.9388,549.2402,34.3604,244.5687,0.00,VEHICLE,0,0,
-1876.5764,547.5188,34.3282,242.7935,0.00,VEHICLE,0,0,
-1873.7239,545.8283,34.2922,239.1934,0.00,VEHICLE,0,0,
-1870.8904,544.0457,34.2522,237.4204,0.00,VEHICLE,0,0,
-1868.2035,542.2969,34.2147,236.9720,0.00,VEHICLE,0,0,
-1865.4786,540.5013,34.1831,236.8845,0.00,VEHICLE,0,0,
-1862.7957,538.7295,34.1637,236.8782,0.00,VEHICLE,0,0,
-1859.9832,536.8784,34.1517,236.8801,0.00,VEHICLE,0,0,
-1857.2593,535.0960,34.1392,236.8754,0.00,VEHICLE,0,0,
-1854.4982,533.2978,34.0824,236.8684,0.00,VEHICLE,0,0,
-1851.9119,531.6146,33.9683,236.8659,0.00,VEHICLE,0,0,
-1849.2738,529.8978,33.8185,236.8610,0.00,VEHICLE,0,0,
-1846.5177,528.0956,33.6695,236.7782,0.00,VEHICLE,0,0,
-1843.6044,526.1229,33.4662,235.9059,0.00,VEHICLE,0,0,
-1840.8622,524.1215,33.1856,233.9021,0.00,VEHICLE,0,0,
-1837.7328,521.5663,32.8147,230.4012,0.00,VEHICLE,0,0,
-1835.2198,519.2633,32.5084,227.3788,0.00,VEHICLE,0,0,
-1833.4568,517.5917,32.2095,226.2878,0.00,VEHICLE,0,0,
-1832.0308,516.2024,31.9124,225.8356,0.00,VEHICLE,0,0,
-1829.4553,513.6810,31.2371,225.2211,0.00,VEHICLE,0,0,
-1827.5928,511.8108,30.6854,224.7086,0.00,VEHICLE,0,0,
-1825.4980,509.5895,30.1011,223.7346,0.00,VEHICLE,0,0,
-1824.0372,507.9078,29.6659,221.9780,0.00,VEHICLE,0,0,
-1822.3536,505.7472,29.1179,218.5118,0.00,VEHICLE,0,0,
-1820.7775,503.4225,28.5550,214.1943,0.00,VEHICLE,0,0,
-1819.5737,501.3330,28.1167,209.9151,0.00,VEHICLE,0,0,
-1818.5134,499.1247,27.7037,205.0079,0.00,VEHICLE,0,0,
-1817.6047,496.7205,27.3086,199.9838,0.00,VEHICLE,0,0,
-1816.9637,494.5674,26.9522,195.9880,0.00,VEHICLE,0,0,
-1816.4994,492.5323,26.6038,192.7010,0.00,VEHICLE,0,0,
-1816.1118,490.2645,26.2086,189.0723,0.00,VEHICLE,0,0,
-1815.8701,488.1965,25.8458,185.6754,0.00,VEHICLE,0,0,
-1815.7220,485.7554,25.3822,181.7073,0.00,VEHICLE,0,0,
-1815.6985,483.6096,24.9457,178.4967,0.00,VEHICLE,0,0,
-1815.7760,481.2660,24.4247,175.0515,0.00,VEHICLE,0,0,
-1815.9430,479.1104,23.9343,171.4422,0.00,VEHICLE,0,0,
-1816.2236,476.9230,23.4470,167.5389,0.00,VEHICLE,0,0,
-1816.6687,474.6611,22.9578,163.6660,0.00,VEHICLE,0,0,
-1817.1924,472.6578,22.5100,160.3336,0.00,VEHICLE,0,0,
-1817.8972,470.4810,22.0102,156.7412,0.00,VEHICLE,0,0,
-1819.2924,467.0781,21.2098,151.0958,0.00,VEHICLE,0,0,
-1820.3510,464.9778,20.7431,147.5937,0.00,VEHICLE,0,0,
-1821.7000,462.7181,20.2713,143.9487,0.00,VEHICLE,0,0,
-1823.1782,460.6170,19.8560,141.0920,0.00,VEHICLE,0,0,
-1824.8749,458.5084,19.4252,139.1039,0.00,VEHICLE,0,0,
-1827.4817,455.5410,18.8518,137.6670,0.00,VEHICLE,0,0,
-1829.1057,453.6513,18.5662,138.5778,0.00,VEHICLE,0,0,
-1830.7395,451.5670,18.3546,141.9066,0.00,VEHICLE,0,0,
-1832.9673,448.1691,18.0325,148.8259,0.00,VEHICLE,0,0,
-1834.1364,446.0937,17.8234,152.5662,0.00,VEHICLE,0,0,
-1835.2761,443.8743,17.6263,155.5080,0.00,VEHICLE,0,0,
-1836.3674,441.4883,17.4455,157.7976,0.00,VEHICLE,0,0,
-1837.1394,439.5758,17.3213,158.9413,0.00,VEHICLE,0,0,
-1837.9459,437.3924,17.1915,159.6576,0.00,VEHICLE,0,0,
-1838.7443,435.1180,17.0629,160.0520,0.00,VEHICLE,0,0,
-1840.0549,431.2502,16.9440,160.2063,0.00,VEHICLE,0,0,
-1840.8812,428.8264,16.9538,160.2218,0.00,VEHICLE,0,0,
-1841.5966,426.7686,16.9891,160.2151,0.00,VEHICLE,0,0,
-1842.3804,424.5832,17.0289,160.3734,0.00,VEHICLE,0,0,
-1843.3643,421.9017,17.0765,160.8020,0.00,VEHICLE,0,0,
-1844.0078,419.9616,17.1208,161.8651,0.00,VEHICLE,0,0,
-1844.9258,416.0378,17.1362,168.3299,0.00,VEHICLE,0,0,
-1845.3248,413.1991,17.0622,172.5022,0.00,VEHICLE,0,0,
-1845.4330,409.8318,16.9856,179.1862,0.00,VEHICLE,0,0,
-1845.0332,406.7463,16.9875,186.8329,0.00,VEHICLE,0,0,
-1844.1816,403.8776,17.0032,195.7161,0.00,VEHICLE,0,0,
-1842.8900,401.2173,17.0050,205.4058,0.00,VEHICLE,0,0,
-1841.2341,398.6075,17.0050,213.3757,0.00,VEHICLE,0,0,
-1839.4375,396.0671,17.0070,215.9556,0.00,VEHICLE,0,0,
-1837.4783,393.4226,17.0078,216.3276,0.00,VEHICLE,0,0,
-1835.5980,390.8865,17.0079,216.3679,0.00,VEHICLE,0,0,
-1833.7008,388.3145,17.0079,216.3789,0.00,VEHICLE,0,0,
-1831.7817,385.7352,17.0080,216.6575,0.00,VEHICLE,0,0,
-1829.5684,383.1563,17.0077,220.5316,0.00,VEHICLE,0,0,
-1827.3771,381.0112,17.0064,225.5728,0.00,VEHICLE,0,0,
-1824.7747,378.6235,17.0062,227.8836,0.00,VEHICLE,0,0,
-1822.4063,376.5360,17.0072,228.2492,0.00,VEHICLE,0,0,
-1819.9014,374.3397,17.0079,228.2891,0.00,VEHICLE,0,0,
-1817.3201,372.0628,17.0079,228.2982,0.00,VEHICLE,0,0,
-1814.5508,369.5948,17.0078,228.2866,0.00,VEHICLE,0,0,
-1811.8835,367.0753,17.0080,226.8294,0.00,VEHICLE,0,0,
-1809.3931,364.6425,17.0079,225.7213,0.00,VEHICLE,0,0,
-1807.0155,362.2957,17.0078,225.4989,0.00,VEHICLE,0,0,
-1804.3422,359.6552,17.0079,225.4574,0.00,VEHICLE,0,0,
-1801.8351,357.1839,17.0078,225.4496,0.00,VEHICLE,0,0,
-1799.2291,354.6577,17.0067,225.8610,0.00,VEHICLE,0,0,
-1796.7087,352.2531,16.9018,226.2368,0.00,VEHICLE,0,0,
-1794.0519,349.7247,16.6102,226.3054,0.00,VEHICLE,0,0,
-1792.5695,348.3128,16.3348,226.3337,0.00,VEHICLE,0,0,
-1790.1086,345.9612,15.7891,226.3620,0.00,VEHICLE,0,0,
-1787.4821,343.4469,14.9676,226.3624,0.00,VEHICLE,0,0,
-1784.9186,340.9903,13.8599,226.3974,0.00,VEHICLE,0,0,
-1782.2771,338.4633,12.5529,226.4421,0.00,VEHICLE,0,0,
-1779.5679,335.8835,11.2513,226.4265,0.00,VEHICLE,0,0,
-1776.6272,333.0894,10.1062,226.3860,0.00,VEHICLE,0,0,
-1775.1720,331.7073,9.6318,226.3827,0.00,VEHICLE,0,0,
-1772.1536,328.8400,8.7810,226.3726,0.00,VEHICLE,0,0,
-1770.5179,327.2845,8.3842,226.3627,0.00,VEHICLE,0,0,
-1767.6516,324.5549,7.8083,226.3653,0.00,VEHICLE,0,0,
-1766.1104,323.0856,7.5503,226.3639,0.00,VEHICLE,0,0,
-1764.6188,321.6628,7.3388,226.3633,0.00,VEHICLE,0,0,
-1763.0026,320.1206,7.1274,226.3638,0.00,VEHICLE,0,0,
-1761.4163,318.6068,7.0015,226.3663,0.00,VEHICLE,0,0,
-1759.8789,317.1398,6.9207,226.3666,0.00,VEHICLE,0,0,
-1758.3580,315.6890,6.9253,226.3656,0.00,VEHICLE,0,0,
-1756.6075,314.0184,6.9771,226.3531,0.00,VEHICLE,0,0,
-1754.9294,312.3907,7.0135,226.0621,0.00,VEHICLE,0,0,
-1753.3459,310.7713,7.0275,224.9219,0.00,VEHICLE,0,0,
-1751.7766,309.0141,7.0283,222.4974,0.00,VEHICLE,0,0,
-1749.2411,305.9793,7.0225,219.1109,0.00,VEHICLE,0,0,
-1747.9492,304.3598,7.0210,218.3214,0.00,VEHICLE,0,0,
-1746.7078,302.7668,7.0207,217.9708,0.00,VEHICLE,0,0,
-1745.1395,300.7102,7.0211,217.6285,0.00,VEHICLE,0,0,
-1743.8109,298.8433,7.0345,216.4229,0.00,VEHICLE,0,0,
-1742.5759,296.8528,7.0693,213.2826,0.00,VEHICLE,0,0,
-1741.5917,294.9349,7.1143,208.9082,0.00,VEHICLE,0,0,
-1740.6786,293.0074,7.1585,205.3793,0.00,VEHICLE,0,0,
-1739.8184,291.0588,7.1774,203.3919,0.00,VEHICLE,0,0,
-1738.9714,289.0277,7.1827,202.3334,0.00,VEHICLE,0,0,
-1738.2095,287.1216,7.1817,201.8799,0.00,VEHICLE,0,0,
-1737.4200,284.9578,7.1791,200.8659,0.00,VEHICLE,0,0,
-1736.7445,282.7780,7.1775,198.4328,0.00,VEHICLE,0,0,
-1736.1420,280.3442,7.1769,194.6964,0.00,VEHICLE,0,0,
-1735.5682,276.4569,7.1759,187.4682,0.00,VEHICLE,0,0,
-1735.4597,274.2529,7.1752,182.9284,0.00,VEHICLE,0,0,
-1735.5143,272.1411,7.1746,178.3137,0.00,VEHICLE,0,0,
-1735.9569,268.7708,7.1740,170.4940,0.00,VEHICLE,0,0,
-1736.8414,265.2408,7.1681,163.5215,0.00,VEHICLE,0,0,
-1737.8295,262.2101,7.1297,160.6307,0.00,VEHICLE,0,0,
-1738.6615,259.9642,7.0767,159.7080,0.00,VEHICLE,0,0,
-1740.1809,256.0240,6.9627,159.3746,0.00,VEHICLE,0,0,
-1741.3566,252.9440,6.8834,159.3093,0.00,VEHICLE,0,0,
-1742.1100,251.0694,6.8364,158.6174,0.00,VEHICLE,0,0,
-1742.9711,249.2467,6.7893,156.3395,0.00,VEHICLE,0,0,
-1744.7671,246.1232,6.7041,149.5460,0.00,VEHICLE,0,0,
-1746.9442,242.8545,6.6110,144.6665,0.00,VEHICLE,0,0,
-1749.1317,239.8864,6.5276,143.3287,0.00,VEHICLE,0,0,
-1750.3484,238.2718,6.4820,143.3595,0.00,VEHICLE,0,0,
-1752.0083,235.7788,6.4124,146.3044,0.00,VEHICLE,0,0,
-1753.3348,233.3181,6.3441,151.5244,0.00,VEHICLE,0,0,
-1754.1532,231.3640,6.2914,156.6403,0.00,VEHICLE,0,0,
-1755.0830,227.8870,6.2071,166.4346,0.00,VEHICLE,0,0,
-1755.6382,224.3963,6.1080,172.2606,0.00,VEHICLE,0,0,
-1756.7645,221.9362,5.8418,173.3587,0.00,VEHICLE,0,0,
-1757.8798,218.5160,5.0875,173.3454,0.00,VEHICLE,0,0,
-1758.3318,215.3037,4.3997,176.8453,0.00,VEHICLE,0,0,
-1758.3994,212.1483,3.8287,178.3440,0.00,VEHICLE,0,0,
-1758.3248,209.0808,3.5416,180.1247,0.00,VEHICLE,0,0,
-1758.2546,206.4655,3.5377,181.2974,0.00,VEHICLE,0,0,
-1758.2024,203.6470,3.5862,181.5442,0.00,VEHICLE,0,0,
-1758.1589,200.8990,3.5864,181.6202,0.00,VEHICLE,0,0,
-1758.0767,198.4078,3.5809,182.0928,0.00,VEHICLE,0,0,
-1757.6993,195.2860,3.5731,186.4781,0.00,VEHICLE,0,0,
-1757.0369,192.6115,3.5637,192.8995,0.00,VEHICLE,0,0,
-1756.3444,190.3210,3.5701,196.8136,0.00,VEHICLE,0,0,
-1755.5759,188.0669,3.5724,198.0324,0.00,VEHICLE,0,0,
-1754.7322,185.4028,3.5626,197.1094,0.00,VEHICLE,0,0,
-1754.1403,182.5148,3.5411,191.8645,0.00,VEHICLE,0,0,
-1753.8446,180.1039,3.5398,187.3547,0.00,VEHICLE,0,0,
-1753.6323,177.7582,3.5439,185.5904,0.00,VEHICLE,0,0,
-1753.4512,175.3218,3.5456,185.2432,0.00,VEHICLE,0,0,
-1753.3473,172.4448,3.5466,183.1802,0.00,VEHICLE,0,0,
-1753.4828,169.8256,3.5472,178.0455,0.00,VEHICLE,0,0,
-1753.7070,167.1089,3.5472,174.9208,0.00,VEHICLE,0,0,
-1753.9664,164.4455,3.5470,174.2547,0.00,VEHICLE,0,0,
-1754.2393,161.7172,3.5472,174.3147,0.00,VEHICLE,0,0,
-1754.3457,158.7925,3.5475,177.5878,0.00,VEHICLE,0,0,
-1754.2250,156.0091,3.5465,182.2715,0.00,VEHICLE,0,0,
-1754.0248,153.2683,3.5457,184.3394,0.00,VEHICLE,0,0,
-1753.7811,150.5369,3.5460,184.7970,0.00,VEHICLE,0,0,
-1753.5037,147.5903,3.5468,184.8675,0.00,VEHICLE,0,0,
-1753.2408,144.7589,3.5470,184.8755,0.00,VEHICLE,0,0,
-1752.9790,141.8090,3.5469,184.8839,0.00,VEHICLE,0,0,
-1752.7194,138.7433,3.5469,184.8973,0.00,VEHICLE,0,0,
-1752.4508,135.4825,3.5471,184.9103,0.00,VEHICLE,0,0,
-1752.2693,132.1797,3.5471,183.4843,0.00,VEHICLE,0,0,
-1752.1475,129.0779,3.5469,182.2492,0.00,VEHICLE,0,0,
-1752.0372,125.8656,3.5468,181.9492,0.00,VEHICLE,0,0,
-1751.9274,122.5189,3.5469,181.8947,0.00,VEHICLE,0,0,
-1751.8153,119.0649,3.5471,181.8865,0.00,VEHICLE,0,0,
-1751.7114,115.8731,3.5471,181.8853,0.00,VEHICLE,0,0,
-1751.5983,112.4247,3.5471,181.8845,0.00,VEHICLE,0,0,
-1751.4880,109.0817,3.5471,181.8837,0.00,VEHICLE,0,0,
-1751.3744,105.6394,3.5471,181.8830,0.00,VEHICLE,0,0,
-1751.2585,102.1330,3.5471,181.8828,0.00,VEHICLE,0,0,
-1751.1460,98.7165,3.5471,181.8829,0.00,VEHICLE,0,0,
-1751.0341,95.3121,3.5471,181.8832,0.00,VEHICLE,0,0,
-1750.9181,91.7781,3.5471,181.8836,0.00,VEHICLE,0,0,
-1750.8066,88.3807,3.5473,181.8838,0.00,VEHICLE,0,0,
-1750.7383,86.3009,3.5479,181.8838,0.00,VEHICLE,0,0,
-1750.6216,82.7457,3.5481,181.8837,0.00,VEHICLE,0,0,
-1750.5057,79.2239,3.5476,181.8836,0.00,VEHICLE,0,0,
-1750.3883,75.6515,3.5471,181.8834,0.00,VEHICLE,0,0,
-1750.3182,73.5219,3.5470,181.8833,0.00,VEHICLE,0,0,
-1750.2367,71.0457,3.5469,181.8833,0.00,VEHICLE,0,0,
-1750.1704,69.0313,3.5469,181.8833,0.00,VEHICLE,0,0,
-1750.0355,64.9306,3.5469,181.8834,0.00,VEHICLE,0,0,
-1749.8793,60.1755,3.5469,181.8835,0.00,VEHICLE,0,0,
-1749.8038,57.8786,3.5469,181.8835,0.00,VEHICLE,0,0,
-1749.7313,55.6739,3.5469,181.8836,0.00,VEHICLE,0,0,
-1749.6508,53.2239,3.5469,181.8836,0.00,VEHICLE,0,0,
-1749.5648,50.6126,3.5469,181.8836,0.00,VEHICLE,0,0,
-1749.4452,46.9754,3.5469,181.8835,0.00,VEHICLE,0,0,
-1749.3477,44.0106,3.5469,181.8835,0.00,VEHICLE,0,0,
-1749.2579,41.2835,3.5468,181.8834,0.00,VEHICLE,0,0,
-1749.1678,38.5464,3.5461,181.8834,0.00,VEHICLE,0,0,
-1749.0791,35.7398,3.5452,181.8355,0.00,VEHICLE,0,0,
-1749.0524,32.9743,3.5448,180.9122,0.00,VEHICLE,0,0,
-1749.1389,30.2069,3.5448,178.6059,0.00,VEHICLE,0,0,
-1749.2411,27.7467,3.5448,177.2517,0.00,VEHICLE,0,0,
-1749.3853,25.1299,3.5450,176.5934,0.00,VEHICLE,0,0,
-1749.5300,22.8679,3.5451,176.3762,0.00,VEHICLE,0,0,
-1749.7086,20.2380,3.5453,176.2995,0.00,VEHICLE,0,0,
-1749.9030,17.4463,3.5453,176.2828,0.00,VEHICLE,0,0,
-1750.0953,14.6621,3.5453,176.2823,0.00,VEHICLE,0,0,
-1750.3430,10.3481,3.5451,176.8131,0.00,VEHICLE,0,0,
-1750.3363,7.7427,3.5448,179.3257,0.00,VEHICLE,0,0,
-1750.3049,5.5559,3.5444,180.8995,0.00,VEHICLE,0,0,
-1750.2324,3.0025,3.5444,181.7797,0.00,VEHICLE,0,0,
-1750.0670,-1.0294,3.5454,182.1997,0.00,VEHICLE,0,0,
-1749.8817,-5.1742,3.5455,182.2573,0.00,VEHICLE,0,0,
-1749.7734,-7.7118,3.5451,182.2603,0.00,VEHICLE,0,0,
-1749.6849,-9.9205,3.5425,182.2500,0.00,VEHICLE,0,0,
-1749.6090,-11.9384,3.5373,182.3660,0.00,VEHICLE,0,0,
-1749.4856,-15.1876,3.5343,182.7312,0.00,VEHICLE,0,0,
-1749.3400,-18.4989,3.5360,183.0087,0.00,VEHICLE,0,0,
-1749.2157,-20.5159,3.5410,183.2319,0.00,VEHICLE,0,0,
-1748.8452,-22.6003,3.5475,187.1776,0.00,VEHICLE,0,0,
-1747.9993,-24.8037,3.5432,197.4882,0.00,VEHICLE,0,0,
-1747.0190,-26.8989,3.5430,204.5278,0.00,VEHICLE,0,0,
-1745.7987,-29.0120,3.5462,208.0906,0.00,VEHICLE,0,0,
-1744.2411,-30.6120,3.5427,219.2808,0.00,VEHICLE,0,0,
-1742.4824,-31.6203,3.5413,233.8564,0.00,VEHICLE,0,0,
-1739.9121,-32.4948,3.5443,249.1604,0.00,VEHICLE,0,0,
-1737.7100,-33.2052,3.5813,250.8147,0.00,VEHICLE,0,0,
-1734.8959,-33.9726,3.5479,254.2282,0.00,VEHICLE,0,0,
-1732.7928,-34.2017,3.5635,261.6723,0.00,VEHICLE,0,0,
-1730.6381,-34.0139,3.5399,272.4965,0.00,VEHICLE,0,0,
-1728.4888,-33.6280,3.5529,280.3716,0.00,VEHICLE,0,0,
-1726.2448,-33.1145,3.5521,282.8906,0.00,VEHICLE,0,0,
-1723.8767,-32.5116,3.5699,283.2211,0.00,VEHICLE,0,0,
-1721.4270,-31.8805,3.5459,283.7119,0.00,VEHICLE,0,0,
-1719.4327,-31.1650,3.5447,287.7653,0.00,VEHICLE,0,0,
-1716.8500,-29.9639,3.5597,294.7161,0.00,VEHICLE,0,0,
-1714.4390,-28.7654,3.5611,296.5262,0.00,VEHICLE,0,0,
-1711.8607,-27.4332,3.5498,296.7617,0.00,VEHICLE,0,0,
-1709.3401,-26.1378,3.5452,296.7886,0.00,VEHICLE,0,0,
-1706.5381,-24.7193,3.5474,296.8099,0.00,VEHICLE,0,0,
-1703.2649,-23.0039,3.5480,297.7911,0.00,VEHICLE,0,0,
-1700.1035,-20.8493,3.5592,304.6572,0.00,VEHICLE,0,0,
-1697.4478,-18.6744,3.5668,311.5088,0.00,VEHICLE,0,0,
-1694.9041,-16.2860,3.5576,316.1782,0.00,VEHICLE,0,0,
-1692.6643,-13.8814,3.5646,316.8689,0.00,VEHICLE,0,0,
-1690.1082,-11.1436,3.5461,316.9456,0.00,VEHICLE,0,0,
-1688.5502,-9.5600,3.5442,316.3048,0.00,VEHICLE,0,0,
-1687.0316,-8.2040,3.5458,313.6873,0.00,VEHICLE,0,0,
-1684.2592,-5.9008,3.5579,309.5039,0.00,VEHICLE,0,0,
-1682.1302,-4.1904,3.5632,308.6673,0.00,VEHICLE,0,0,
-1680.3669,-2.7916,3.5572,308.5153,0.00,VEHICLE,0,0,
-1678.6331,-1.4260,3.5467,308.4854,0.00,VEHICLE,0,0,
-1676.8474,-0.0228,3.5450,308.4820,0.00,VEHICLE,0,0,
-1675.0737,1.3732,3.5467,308.4824,0.00,VEHICLE,0,0,
-1673.4941,2.6211,3.5474,308.4798,0.00,VEHICLE,0,0,
-1670.6555,4.8766,3.5469,308.4656,0.00,VEHICLE,0,0,
-1668.7820,6.4054,3.5468,308.7897,0.00,VEHICLE,0,0,
-1665.9858,8.8492,3.5518,310.2644,0.00,VEHICLE,0,0,
-1663.2183,11.2368,3.5464,310.7010,0.00,VEHICLE,0,0,
-1661.4335,12.7824,3.5461,310.7766,0.00,VEHICLE,0,0,
-1658.8807,14.9915,3.5470,310.8054,0.00,VEHICLE,0,0,
-1657.1157,16.5160,3.5472,310.8131,0.00,VEHICLE,0,0,
-1655.3020,18.0802,3.5471,310.8188,0.00,VEHICLE,0,0,
-1653.2820,19.8272,3.5470,310.8852,0.00,VEHICLE,0,0,
-1651.4259,21.5576,3.5470,312.2810,0.00,VEHICLE,0,0,
-1649.9814,22.9503,3.5468,313.8049,0.00,VEHICLE,0,0,
-1648.1946,24.7017,3.5465,314.7770,0.00,VEHICLE,0,0,
-1646.7366,26.1612,3.5464,315.0764,0.00,VEHICLE,0,0,
-1645.0991,27.8148,3.5465,315.1815,0.00,VEHICLE,0,0,
-1643.5679,29.3676,3.5467,315.2048,0.00,VEHICLE,0,0,
-1642.1532,30.8038,3.5470,315.2079,0.00,VEHICLE,0,0,
-1640.7426,32.2351,3.5471,315.2076,0.00,VEHICLE,0,0,
-1639.2970,33.6995,3.5471,315.2081,0.00,VEHICLE,0,0,
-1637.6582,35.3553,3.5469,315.2114,0.00,VEHICLE,0,0,
-1636.1378,36.8876,3.5469,315.2160,0.00,VEHICLE,0,0,
-1634.5656,38.4690,3.5470,315.2216,0.00,VEHICLE,0,0,
-1632.8850,40.1572,3.5471,315.2275,0.00,VEHICLE,0,0,
-1631.4126,41.6358,3.5472,315.2310,0.00,VEHICLE,0,0,
-1629.9235,43.1318,3.5473,315.2329,0.00,VEHICLE,0,0,
-1628.3962,44.6674,3.5473,315.2332,0.00,VEHICLE,0,0,
-1626.9111,46.1623,3.5472,315.2321,0.00,VEHICLE,0,0,
-1625.3635,47.7221,3.5471,315.2300,0.00,VEHICLE,0,0,
-1623.8015,49.2978,3.5470,315.2275,0.00,VEHICLE,0,0,
-1622.0691,51.0467,3.5469,315.2247,0.00,VEHICLE,0,0,
-1620.4512,52.6803,3.5468,315.2226,0.00,VEHICLE,0,0,
-1618.8470,54.2998,3.5467,315.2214,0.00,VEHICLE,0,0,
-1617.2672,55.8941,3.5467,315.2212,0.00,VEHICLE,0,0,
-1615.6663,57.5086,3.5468,315.2218,0.00,VEHICLE,0,0,
-1612.9983,60.1973,3.5469,315.2239,0.00,VEHICLE,0,0,
-1611.3455,61.8621,3.5469,315.2253,0.00,VEHICLE,0,0,
-1609.7247,63.4940,3.5469,315.2264,0.00,VEHICLE,0,0,
-1608.1157,65.1142,3.5469,315.2272,0.00,VEHICLE,0,0,
-1606.5005,66.7410,3.5469,315.2275,0.00,VEHICLE,0,0,
-1604.5177,68.7386,3.5469,315.2273,0.00,VEHICLE,0,0,
-1602.8098,70.4597,3.5472,315.2263,0.00,VEHICLE,0,0,
-1601.0708,72.2128,3.5481,315.2255,0.00,VEHICLE,0,0,
-1599.2905,74.0079,3.5483,315.2248,0.00,VEHICLE,0,0,
-1597.5568,75.7561,3.5477,315.2242,0.00,VEHICLE,0,0,
-1595.7960,77.5314,3.5471,315.2238,0.00,VEHICLE,0,0,
-1594.0851,79.2564,3.5467,315.2237,0.00,VEHICLE,0,0,
-1592.3169,81.0388,3.5467,315.2238,0.00,VEHICLE,0,0,
-1590.4625,82.9078,3.5468,315.2242,0.00,VEHICLE,0,0,
-1587.3644,86.0299,3.5470,315.2249,0.00,VEHICLE,0,0,
-1585.6410,87.7665,3.5470,315.2253,0.00,VEHICLE,0,0,
-1582.8320,90.5969,3.5469,315.2256,0.00,VEHICLE,0,0,
-1580.5861,92.8603,3.5469,315.2255,0.00,VEHICLE,0,0,
-1578.1528,95.3127,3.5470,315.2252,0.00,VEHICLE,0,0,
-1575.7382,97.7466,3.5470,315.2249,0.00,VEHICLE,0,0,
-1573.3197,100.1844,3.5462,315.2246,0.00,VEHICLE,0,0,
-1570.9271,102.5961,3.5451,315.2244,0.00,VEHICLE,0,0,
-1568.5518,104.9903,3.5447,315.2243,0.00,VEHICLE,0,0,
-1566.2377,107.3226,3.5452,315.2244,0.00,VEHICLE,0,0,
-1563.8911,109.6875,3.5455,315.2246,0.00,VEHICLE,0,0,
-1561.5623,112.0346,3.5455,315.2248,0.00,VEHICLE,0,0,
-1559.2527,114.3622,3.5453,315.2249,0.00,VEHICLE,0,0,
-1556.9634,116.6694,3.5453,315.2250,0.00,VEHICLE,0,0,
-1554.8596,119.4328,4.5285,315.2249,0.00,VEHICLE,0,0,
-1554.8596,119.4328,4.5285,315.2249,0.00,VEHICLE,0,0,
