route,duong5.csv,-1585.7715,71.5561,3.5443,112.2550,0.00,VEHICLE,0,0,
-1585.7715,71.5561,3.5443,112.2550,0.00,VEHICLE,0,0,
-1587.7469,70.7446,3.5497,112.3013,0.00,VEHICLE,0,0,
-1589.4978,69.7648,3.5490,116.9496,0.00,VEHICLE,0,0,
-1591.2721,68.8054,3.5485,117.7680,0.00,VEHICLE,0,0,
-1593.3743,67.6874,3.5486,117.8384,0.00,VEHICLE,0,0,
-1595.1938,66.7212,3.5487,117.9046,0.00,VEHICLE,0,0,
-1596.9951,65.5962,3.5560,120.6988,0.00,VEHICLE,0,0,
-1598.9629,64.3494,3.5512,121.9711,0.00,VEHICLE,0,0,
-1601.0597,63.0173,3.5558,122.1734,0.00,VEHICLE,0,0,
-1603.4403,61.5195,3.5569,122.2136,0.00,VEHICLE,0,0,
-1605.7043,60.0952,3.5536,122.2849,0.00,VEHICLE,0,0,
-1607.9736,58.4510,3.5530,125.5919,0.00,VEHICLE,0,0,
-1610.2869,56.6592,3.5477,127.4175,0.00,VEHICLE,0,0,
-1611.9381,55.3701,3.5473,127.6353,0.00,VEHICLE,0,0,
-1614.3153,53.5128,3.5476,127.6926,0.00,VEHICLE,0,0,
-1616.0444,52.1671,3.5476,127.7001,0.00,VEHICLE,0,0,
-1617.7311,50.8597,3.5476,127.7036,0.00,VEHICLE,0,0,
-1619.5361,49.4651,3.5476,127.7069,0.00,VEHICLE,0,0,
-1621.5195,47.9354,3.5477,127.7100,0.00,VEHICLE,0,0,
-1623.3038,46.5599,3.5476,127.7117,0.00,VEHICLE,0,0,
-1625.2106,45.0880,3.5473,127.7220,0.00,VEHICLE,0,0,
-1626.9404,43.6800,3.5471,128.7309,0.00,VEHICLE,0,0,
-1628.7703,42.1213,3.5469,130.1573,0.00,VEHICLE,0,0,
-1630.7604,40.4097,3.5467,130.6149,0.00,VEHICLE,0,0,
-1632.6421,38.7838,3.5467,130.7196,0.00,VEHICLE,0,0,
-1634.5691,37.1164,3.5468,130.7449,0.00,VEHICLE,0,0,
-1636.4238,35.5123,3.5469,130.7503,0.00,VEHICLE,0,0,
-1638.4229,33.7856,3.5469,130.7520,0.00,VEHICLE,0,0,
-1640.3877,32.0914,3.5469,130.7532,0.00,VEHICLE,0,0,
-1642.4957,30.2755,3.5470,130.7547,0.00,VEHICLE,0,0,
-1644.5349,28.5198,3.5470,130.7559,0.00,VEHICLE,0,0,
-1646.5261,26.8055,3.5470,130.7566,0.00,VEHICLE,0,0,
-1648.0918,25.4571,3.5470,130.7569,0.00,VEHICLE,0,0,
-1650.0044,23.8094,3.5470,130.7570,0.00,VEHICLE,0,0,
-1652.2511,21.8734,3.5470,130.7567,0.00,VEHICLE,0,0,
-1654.2401,20.1588,3.5470,130.7563,0.00,VEHICLE,0,0,
-1656.2687,18.3897,3.5470,131.0133,0.00,VEHICLE,0,0,
-1658.3553,16.4703,3.5469,132.3964,0.00,VEHICLE,0,0,
-1660.4316,14.5339,3.5468,132.9833,0.00,VEHICLE,0,0,
-1662.4320,12.6560,3.5462,133.1408,0.00,VEHICLE,0,0,
-1664.6688,10.5508,3.5453,133.1855,0.00,VEHICLE,0,0,
-1666.7002,8.6378,3.5448,133.1934,0.00,VEHICLE,0,0,
-1668.5386,6.9076,3.5446,133.1944,0.00,VEHICLE,0,0,
-1670.3651,5.1906,3.5445,133.1947,0.00,VEHICLE,0,0,
-1672.7361,2.9644,3.5446,133.1956,0.00,VEHICLE,0,0,
-1675.1401,0.7482,3.5470,132.7377,0.00,VEHICLE,0,0,
-1677.0610,-1.0005,3.5497,132.4144,0.00,VEHICLE,0,0,
-1679.4635,-3.1774,3.5548,132.3140,0.00,VEHICLE,0,0,
-1681.7863,-5.2870,3.5494,132.2922,0.00,VEHICLE,0,0,
-1683.5452,-6.8881,3.5478,132.2861,0.00,VEHICLE,0,0,
-1686.0428,-9.1593,3.5470,132.2291,0.00,VEHICLE,0,0,
-1688.5402,-11.2581,3.5470,130.1026,0.00,VEHICLE,0,0,
-1690.9150,-13.0681,3.5466,127.4360,0.00,VEHICLE,0,0,
-1693.2909,-14.8216,3.5551,126.5810,0.00,VEHICLE,0,0,
-1695.7118,-16.5867,3.5557,126.3762,0.00,VEHICLE,0,0,
-1698.0647,-18.2992,3.5500,126.3133,0.00,VEHICLE,0,0,
-1700.2303,-19.8387,3.5467,125.7094,0.00,VEHICLE,0,0,
-1702.8162,-21.4990,3.5453,122.9401,0.00,VEHICLE,0,0,
-1705.2272,-22.9896,3.5448,121.6990,0.00,VEHICLE,0,0,
-1707.6372,-24.4595,3.5448,121.4050,0.00,VEHICLE,0,0,
-1710.0206,-25.8697,3.5448,120.8397,0.00,VEHICLE,0,0,
-1712.2949,-27.1678,3.5448,119.9364,0.00,VEHICLE,0,0,
-1714.8428,-28.6109,3.5448,119.6498,0.00,VEHICLE,0,0,
-1717.1942,-29.9414,3.5447,119.5982,0.00,VEHICLE,0,0,
-1719.3864,-31.1832,3.5447,119.5872,0.00,VEHICLE,0,0,
-1721.3755,-32.3523,3.5581,120.1709,0.00,VEHICLE,0,0,
-1723.3138,-33.6491,3.5539,122.8614,0.00,VEHICLE,0,0,
-1725.8622,-35.4488,3.5551,125.0404,0.00,VEHICLE,0,0,
-1728.3492,-37.2310,3.5489,125.4513,0.00,VEHICLE,0,0,
-1730.3004,-38.6409,3.5474,125.6103,0.00,VEHICLE,0,0,
-1732.3997,-40.3002,3.5470,127.7149,0.00,VEHICLE,0,0,
-1734.1794,-41.7728,3.5468,129.4063,0.00,VEHICLE,0,0,
-1736.1124,-43.3988,3.5463,130.0378,0.00,VEHICLE,0,0,
-1738.3839,-45.4647,3.5453,131.8838,0.00,VEHICLE,0,0,
-1740.2007,-47.3517,3.5446,135.4855,0.00,VEHICLE,0,0,
-1741.8993,-49.1718,3.5445,136.8886,0.00,VEHICLE,0,0,
-1743.2399,-50.6859,3.5449,137.7664,0.00,VEHICLE,0,0,
-1744.5664,-52.3889,3.5449,140.5641,0.00,VEHICLE,0,0,
-1745.8549,-54.3717,3.5444,145.4510,0.00,VEHICLE,0,0,
-1746.7751,-56.1690,3.5435,150.6690,0.00,VEHICLE,0,0,
-1747.6232,-58.4955,3.5422,158.3997,0.00,VEHICLE,0,0,
-1748.1431,-61.1948,3.5411,168.5200,0.00,VEHICLE,0,0,
-1748.1838,-63.9640,3.5407,179.0083,0.00,VEHICLE,0,0,
-1748.0148,-66.8736,3.5433,183.7884,0.00,VEHICLE,0,0,
-1747.8268,-68.9520,3.5455,184.4543,0.00,VEHICLE,0,0,
-1747.5328,-72.2040,3.5474,184.5951,0.00,VEHICLE,0,0,
-1747.3165,-74.8032,3.5474,184.6151,0.00,VEHICLE,0,0,
-1747.1545,-76.8686,3.5476,184.6273,0.00,VEHICLE,0,0,
-1746.9858,-79.0779,3.5477,184.6376,0.00,VEHICLE,0,0,
-1746.7977,-81.5564,3.5479,184.6333,0.00,VEHICLE,0,0,
-1746.6671,-83.7368,3.5478,184.0015,0.00,VEHICLE,0,0,
-1746.6702,-86.1039,3.5472,181.0275,0.00,VEHICLE,0,0,
-1746.7893,-89.8637,3.5455,177.7589,0.00,VEHICLE,0,0,
-1746.9196,-92.6173,3.5451,177.3366,0.00,VEHICLE,0,0,
-1747.0217,-94.6492,3.5450,177.2879,0.00,VEHICLE,0,0,
-1747.1265,-96.7117,3.5449,177.2788,0.00,VEHICLE,0,0,
-1747.2817,-99.8143,3.5460,177.2771,0.00,VEHICLE,0,0,
-1747.4072,-102.0841,3.5468,177.0443,0.00,VEHICLE,0,0,
-1747.6385,-104.2961,3.5466,174.9856,0.00,VEHICLE,0,0,
-1748.5079,-108.0128,3.5441,166.2470,0.00,VEHICLE,0,0,
-1749.7112,-110.8178,3.5417,156.9789,0.00,VEHICLE,0,0,
-1750.8799,-112.6640,3.5406,149.2484,0.00,VEHICLE,0,0,
-1752.6010,-114.5774,3.5382,138.7523,0.00,VEHICLE,0,0,
-1754.9534,-116.2802,3.5445,125.9834,0.00,VEHICLE,0,0,
-1758.1576,-117.4380,3.5565,109.3306,0.00,VEHICLE,0,0,
-1760.9153,-117.6744,3.5650,95.4794,0.00,VEHICLE,0,0,
-1763.4193,-117.6128,3.5771,88.6334,0.00,VEHICLE,0,0,
-1765.4949,-117.4916,3.5884,87.3422,0.00,VEHICLE,0,0,
-1767.8572,-117.3469,3.6013,87.1386,0.00,VEHICLE,0,0,
-1770.1523,-117.2196,3.6141,87.1002,0.00,VEHICLE,0,0,
-1772.2471,-117.1129,3.6585,87.0801,0.00,VEHICLE,0,0,
-1774.6129,-116.9973,3.7396,87.0660,0.00,VEHICLE,0,0,
-1776.9249,-116.8821,3.9443,87.0384,0.00,VEHICLE,0,0,
-1779.0111,-116.7898,4.1870,87.2055,0.00,VEHICLE,0,0,
-1781.7303,-116.9112,4.5956,91.5115,0.00,VEHICLE,0,0,
-1784.3425,-117.3240,4.9803,97.8999,0.00,VEHICLE,0,0,
-1786.8057,-117.8217,5.2737,101.2782,0.00,VEHICLE,0,0,
-1788.9431,-118.2902,5.4548,101.9911,0.00,VEHICLE,0,0,
-1791.3395,-118.8241,5.5332,102.1246,0.00,VEHICLE,0,0,
-1793.7040,-119.3447,5.5327,102.1217,0.00,VEHICLE,0,0,
-1795.7418,-119.7673,5.5097,101.8128,0.00,VEHICLE,0,0,
-1797.9152,-120.0986,5.4984,99.6334,0.00,VEHICLE,0,0,
-1800.5367,-120.3038,5.4929,95.3849,0.00,VEHICLE,0,0,
-1802.9459,-120.2849,5.4911,90.7599,0.00,VEHICLE,0,0,
-1805.3540,-120.2029,5.4908,88.2087,0.00,VEHICLE,0,0,
-1808.6053,-120.0330,5.4910,87.3799,0.00,VEHICLE,0,0,
-1811.3976,-119.8801,5.4895,87.2859,0.00,VEHICLE,0,0,
-1814.1725,-119.7350,5.4865,87.2676,0.00,VEHICLE,0,0,
-1817.0227,-119.5948,5.4850,87.2596,0.00,VEHICLE,0,0,
-1819.7085,-119.4688,5.4846,87.2532,0.00,VEHICLE,0,0,
-1822.7188,-119.3304,5.4846,87.2479,0.00,VEHICLE,0,0,
-1825.3624,-119.2084,5.4846,87.2454,0.00,VEHICLE,0,0,
-1828.3804,-119.0668,5.4845,87.2450,0.00,VEHICLE,0,0,
-1831.5138,-118.9169,5.4845,87.2463,0.00,VEHICLE,0,0,
-1834.8264,-118.7563,5.4846,87.2482,0.00,VEHICLE,0,0,
-1837.7543,-118.6138,5.4846,87.2495,0.00,VEHICLE,0,0,
-1840.7399,-118.4688,5.4845,87.2501,0.00,VEHICLE,0,0,
-1843.9004,-118.3157,5.4845,87.2441,0.00,VEHICLE,0,0,
-1847.2644,-118.1049,5.5140,86.4505,0.00,VEHICLE,0,0,
-1850.2804,-117.7672,5.6263,83.8382,0.00,VEHICLE,0,0,
-1853.3801,-117.3304,5.9610,81.9791,0.00,VEHICLE,0,0,
-1856.6226,-116.8420,6.5321,81.5279,0.00,VEHICLE,0,0,
-1859.7438,-116.3662,7.1928,81.4499,0.00,VEHICLE,0,0,
-1862.7289,-115.9157,7.9391,81.4678,0.00,VEHICLE,0,0,
-1865.5715,-115.4667,8.7618,80.9189,0.00,VEHICLE,0,0,
-1868.5859,-114.8367,9.7329,78.0685,0.00,VEHICLE,0,0,
-1871.3871,-113.9687,10.7048,72.8937,0.00,VEHICLE,0,0,
-1874.0021,-112.9347,11.6268,68.3817,0.00,VEHICLE,0,0,
-1876.1022,-112.0460,12.3639,67.0833,0.00,VEHICLE,0,0,
-1878.4592,-111.0195,13.1838,66.7565,0.00,VEHICLE,0,0,
-1880.9263,-109.9453,14.0115,66.7089,0.00,VEHICLE,0,0,
-1883.1006,-108.9608,14.7242,65.8234,0.00,VEHICLE,0,0,
-1885.1074,-107.9172,15.4165,62.9692,0.00,VEHICLE,0,0,
-1886.9142,-106.7989,16.0811,58.8074,0.00,VEHICLE,0,0,
-1889.1332,-105.3253,16.9221,55.8551,0.00,VEHICLE,0,0,
-1890.8484,-104.1562,17.5816,55.3910,0.00,VEHICLE,0,0,
-1892.5361,-102.9837,18.1739,55.2268,0.00,VEHICLE,0,0,
-1894.5649,-101.5579,18.8635,55.0286,0.00,VEHICLE,0,0,
-1896.5854,-100.0118,19.5251,53.2608,0.00,VEHICLE,0,0,
-1898.3595,-98.4103,20.1546,49.1875,0.00,VEHICLE,0,0,
-1899.9196,-96.7076,20.7660,44.0051,0.00,VEHICLE,0,0,
-1901.3693,-95.0125,21.3557,41.3037,0.00,VEHICLE,0,0,
-1902.8992,-93.1984,21.9533,40.6579,0.00,VEHICLE,0,0,
-1904.2679,-91.5712,22.4698,40.5396,0.00,VEHICLE,0,0,
-1905.6383,-89.9488,22.9564,40.5142,0.00,VEHICLE,0,0,
-1907.2167,-88.1879,23.4814,41.5839,0.00,VEHICLE,0,0,
-1908.7490,-86.6915,23.9202,44.5024,0.00,VEHICLE,0,0,
-1910.8671,-84.8137,24.4503,47.8110,0.00,VEHICLE,0,0,
-1912.5946,-83.2975,24.7741,48.3358,0.00,VEHICLE,0,0,
-1914.2042,-81.8840,25.0445,48.4185,0.00,VEHICLE,0,0,
-1915.9459,-80.4555,25.2296,49.8813,0.00,VEHICLE,0,0,
-1917.7378,-79.1098,25.4147,52.3875,0.00,VEHICLE,0,0,
-1919.4846,-77.8121,25.5140,53.3675,0.00,VEHICLE,0,0,
-1921.5593,-76.2819,25.5800,53.6313,0.00,VEHICLE,0,0,
-1923.4010,-74.9982,25.5831,54.6032,0.00,VEHICLE,0,0,
-1925.8416,-73.5823,25.5906,59.4103,0.00,VEHICLE,0,0,
-1928.1252,-72.4510,25.6110,63.6291,0.00,VEHICLE,0,0,
-1930.6472,-71.2412,25.6162,64.9226,0.00,VEHICLE,0,0,
-1933.2150,-70.0442,25.6153,65.1620,0.00,VEHICLE,0,0,
-1935.4562,-69.0176,25.6115,65.1761,0.00,VEHICLE,0,0,
-1937.6018,-68.0535,25.5862,65.1197,0.00,VEHICLE,0,0,
-1940.2107,-66.8899,25.5925,65.0922,0.00,VEHICLE,0,0,
-1942.5763,-65.9466,25.7675,66.6696,0.00,VEHICLE,0,0,
-1945.2668,-65.0379,25.9652,70.6417,0.00,VEHICLE,0,0,
-1948.0254,-64.2262,26.0094,73.5790,0.00,VEHICLE,0,0,
-1950.6228,-63.5889,25.9439,77.5528,0.00,VEHICLE,0,0,
-1953.1375,-63.2018,25.9036,82.5145,0.00,VEHICLE,0,0,
-1955.5566,-63.0948,25.9021,86.8714,0.00,VEHICLE,0,0,
-1958.5721,-63.0436,25.8395,89.0240,0.00,VEHICLE,0,0,
-1961.1178,-63.0379,25.7660,89.3592,0.00,VEHICLE,0,0,
-1963.6118,-63.0333,25.7012,89.4574,0.00,VEHICLE,0,0,
-1966.1064,-63.0240,25.8506,89.4679,0.00,VEHICLE,0,0,
-1968.4327,-63.0072,26.1375,89.4737,0.00,VEHICLE,0,0,
-1970.9266,-62.9822,26.6165,89.4746,0.00,VEHICLE,0,0,
-1973.5677,-63.0458,27.2965,91.1407,0.00,VEHICLE,0,0,
-1975.9957,-63.4606,28.0950,98.1990,0.00,VEHICLE,0,0,
-1978.1901,-64.1563,28.8912,105.8153,0.00,VEHICLE,0,0,
-1980.0703,-64.8127,29.6069,108.6576,0.00,VEHICLE,0,0,
-1982.0715,-65.5638,30.4274,109.6294,0.00,VEHICLE,0,0,
-1983.9365,-66.2724,31.2024,109.8460,0.00,VEHICLE,0,0,
-1985.9500,-67.0290,32.0362,109.8083,0.00,VEHICLE,0,0,
-1987.9454,-67.6980,32.8122,108.7330,0.00,VEHICLE,0,0,
-1989.9252,-68.2122,33.5475,105.8153,0.00,VEHICLE,0,0,
-1991.9990,-68.5891,34.2505,101.9906,0.00,VEHICLE,0,0,
-1993.9272,-68.8116,34.7962,98.4055,0.00,VEHICLE,0,0,
-1996.8042,-69.0300,35.2520,95.2878,0.00,VEHICLE,0,0,
-1999.6169,-69.1907,35.2067,93.1414,0.00,VEHICLE,0,0,
-2001.6599,-69.2751,35.1544,91.6106,0.00,VEHICLE,0,0,
-2003.7438,-69.3071,35.1548,91.2442,0.00,VEHICLE,0,0,
-2006.7653,-69.3672,35.1616,91.2119,0.00,VEHICLE,0,0,
-2008.8162,-69.4155,35.1635,91.2034,0.00,VEHICLE,0,0,
-2011.2516,-69.4746,35.1644,91.1975,0.00,VEHICLE,0,0,
-2013.4542,-69.5262,35.1647,91.1960,0.00,VEHICLE,0,0,
-2015.7073,-69.5760,35.1648,91.1967,0.00,VEHICLE,0,0,
-2018.1069,-69.6261,35.1648,91.1986,0.00,VEHICLE,0,0,
-2020.6263,-69.6770,35.1649,91.2006,0.00,VEHICLE,0,0,
-2023.2477,-69.7296,35.1649,91.2020,0.00,VEHICLE,0,0,
-2025.8412,-69.7824,35.1649,91.2023,0.00,VEHICLE,0,0,
-2028.3745,-69.8348,35.1646,91.2021,0.00,VEHICLE,0,0,
-2031.0789,-69.8917,35.1644,91.2015,0.00,VEHICLE,0,0,
-2033.6843,-69.9469,35.1643,91.2010,0.00,VEHICLE,0,0,
-2036.5177,-70.0070,35.1642,91.2005,0.00,VEHICLE,0,0,
-2039.3192,-70.0662,35.1642,91.2004,0.00,VEHICLE,0,0,
-2042.2554,-70.1201,35.1642,91.0801,0.00,VEHICLE,0,0,
-2045.2773,-70.0697,35.1641,89.2708,0.00,VEHICLE,0,0,
-2047.5543,-69.9618,35.1640,87.6116,0.00,VEHICLE,0,0,
-2050.5867,-69.7966,35.1639,86.9105,0.00,VEHICLE,0,0,
-2053.4795,-69.6277,35.1639,86.7769,0.00,VEHICLE,0,0,
-2056.2869,-69.4612,35.1641,86.7498,0.00,VEHICLE,0,0,
-2059.0842,-69.2962,35.1641,86.7444,0.00,VEHICLE,0,0,
-2062.0010,-69.1267,35.1642,86.7427,0.00,VEHICLE,0,0,
-2064.9414,-68.9586,35.1642,86.7406,0.00,VEHICLE,0,0,
-2068.3679,-68.8129,35.1642,87.5316,0.00,VEHICLE,0,0,
-2071.2202,-68.7645,35.1642,88.8712,0.00,VEHICLE,0,0,
-2074.1396,-68.7311,35.1640,89.2909,0.00,VEHICLE,0,0,
-2077.1973,-68.7030,35.1640,89.3983,0.00,VEHICLE,0,0,
-2080.6538,-68.6738,35.1641,89.4237,0.00,VEHICLE,0,0,
-2083.8701,-68.6458,35.1642,89.4279,0.00,VEHICLE,0,0,
-2087.0408,-68.6163,35.1642,89.4293,0.00,VEHICLE,0,0,
-2090.2966,-68.5841,35.1642,89.4306,0.00,VEHICLE,0,0,
-2093.3169,-68.5531,35.1642,89.4319,0.00,VEHICLE,0,0,
-2095.3208,-68.5323,35.1642,89.4327,0.00,VEHICLE,0,0,
-2098.6086,-68.4984,35.1642,89.4334,0.00,VEHICLE,0,0,
-2101.6338,-68.4676,35.1641,89.4336,0.00,VEHICLE,0,0,
-2105.0237,-68.4338,35.1641,89.4334,0.00,VEHICLE,0,0,
-2108.1489,-68.4150,35.1641,89.6174,0.00,VEHICLE,0,0,
-2112.1707,-68.5056,35.1641,91.4304,0.00,VEHICLE,0,0,
-2115.6201,-68.6268,35.1640,92.0498,0.00,VEHICLE,0,0,
-2119.0752,-68.7611,35.1639,92.1838,0.00,VEHICLE,0,0,
-2122.6963,-68.9065,35.1640,92.2115,0.00,VEHICLE,0,0,
-2125.7947,-69.0311,35.1641,92.2155,0.00,VEHICLE,0,0,
-2128.0344,-69.1205,35.1642,92.2162,0.00,VEHICLE,0,0,
-2130.0503,-69.1994,35.1642,92.2091,0.00,VEHICLE,0,0,
-2133.3794,-69.2759,35.1640,91.3720,0.00,VEHICLE,0,0,
-2136.9758,-69.2829,35.1640,90.0677,0.00,VEHICLE,0,0,
-2140.5896,-69.2651,35.1639,89.7331,0.00,VEHICLE,0,0,
-2144.5437,-69.2361,35.1640,89.6648,0.00,VEHICLE,0,0,
-2148.2212,-69.2077,35.1641,89.6552,0.00,VEHICLE,0,0,
-2151.6912,-69.1827,35.1642,89.6535,0.00,VEHICLE,0,0,
-2154.9075,-69.1619,35.1642,89.6523,0.00,VEHICLE,0,0,
-2158.3801,-69.1412,35.1642,89.6506,0.00,VEHICLE,0,0,
-2161.3831,-69.1243,35.1642,89.6492,0.00,VEHICLE,0,0,
-2164.7720,-69.1053,35.1641,89.6482,0.00,VEHICLE,0,0,
-2168.2944,-69.0849,35.1641,89.6479,0.00,VEHICLE,0,0,
-2171.8943,-69.0633,35.1641,89.6480,0.00,VEHICLE,0,0,
-2175.2908,-69.0423,35.1641,89.6485,0.00,VEHICLE,0,0,
-2178.5149,-69.0221,35.1642,89.6489,0.00,VEHICLE,0,0,
-2181.6782,-69.0022,35.1642,89.6492,0.00,VEHICLE,0,0,
-2185.3533,-68.9793,35.1642,89.6493,0.00,VEHICLE,0,0,
-2188.9253,-68.9573,35.1642,89.6493,0.00,VEHICLE,0,0,
-2192.6023,-68.9348,35.1642,89.6491,0.00,VEHICLE,0,0,
-2195.9285,-68.9146,35.1642,89.6490,0.00,VEHICLE,0,0,
-2199.5840,-68.8924,35.1639,89.6489,0.00,VEHICLE,0,0,
-2203.1565,-68.8706,35.1631,89.6488,0.00,VEHICLE,0,0,
-2206.6191,-68.8494,35.1624,89.6488,0.00,VEHICLE,0,0,
-2209.4688,-68.8319,35.1621,89.6489,0.00,VEHICLE,0,0,
-2211.7275,-68.8180,35.1620,89.6489,0.00,VEHICLE,0,0,
-2215.0898,-68.7974,35.1619,89.6489,0.00,VEHICLE,0,0,
-2218.2227,-68.7782,35.1619,89.6490,0.00,VEHICLE,0,0,
-2221.2881,-68.7594,35.1618,89.6490,0.00,VEHICLE,0,0,
-2224.0391,-68.7425,35.1618,89.6490,0.00,VEHICLE,0,0,
-2227.5508,-68.7210,35.1624,89.6489,0.00,VEHICLE,0,0,
-2230.7014,-68.7017,35.1628,89.6489,0.00,VEHICLE,0,0,
-2233.2258,-68.6862,35.1625,89.6489,0.00,VEHICLE,0,0,
-2235.6721,-68.6707,35.1622,89.6412,0.00,VEHICLE,0,0,
-2238.6809,-68.5888,35.1621,88.6264,0.00,VEHICLE,0,0,
-2240.7683,-68.3889,35.1619,85.8080,0.00,VEHICLE,0,0,
-2244.2004,-67.6637,35.1608,78.0522,0.00,VEHICLE,0,0,
-2246.4609,-66.8405,35.1597,71.4339,0.00,VEHICLE,0,0,
-2248.5039,-65.7873,35.1587,64.2681,0.00,VEHICLE,0,0,
-2250.2114,-64.5975,35.1582,57.0211,0.00,VEHICLE,0,0,
-2252.0994,-62.7777,35.1580,47.2178,0.00,VEHICLE,0,0,
-2253.7690,-60.3736,35.1582,35.6683,0.00,VEHICLE,0,0,
-2254.6313,-58.4773,35.1586,27.1623,0.00,VEHICLE,0,0,
-2255.2915,-55.9278,35.1589,16.1157,0.00,VEHICLE,0,0,
-2255.6467,-53.1029,35.1603,7.5496,0.00,VEHICLE,0,0,
-2255.8489,-50.9510,35.1623,5.7980,0.00,VEHICLE,0,0,
-2256.0706,-48.3455,35.1636,5.4900,0.00,VEHICLE,0,0,
-2256.2698,-46.1145,35.1641,5.4448,0.00,VEHICLE,0,0,
-2256.5107,-43.5415,35.1646,5.4256,0.00,VEHICLE,0,0,
-2256.7354,-41.2247,35.1647,5.4163,0.00,VEHICLE,0,0,
-2256.9353,-39.1804,35.1649,5.4106,0.00,VEHICLE,0,0,
-2257.1458,-36.5725,35.1650,4.6760,0.00,VEHICLE,0,0,
-2257.2397,-33.9794,35.1647,2.4195,0.00,VEHICLE,0,0,
-2257.3025,-31.6210,35.1642,1.5409,0.00,VEHICLE,0,0,
-2257.3591,-28.8896,35.1641,1.3010,0.00,VEHICLE,0,0,
-2257.3997,-26.7219,35.1641,1.2623,0.00,VEHICLE,0,0,
-2257.4399,-24.5696,35.1642,1.2535,0.00,VEHICLE,0,0,
-2257.4822,-22.3852,35.1642,1.2513,0.00,VEHICLE,0,0,
-2257.5273,-20.1483,35.1643,1.2498,0.00,VEHICLE,0,0,
-2257.5640,-17.3480,35.1643,0.8761,0.00,VEHICLE,0,0,
-2257.5239,-15.0374,35.1642,359.4275,0.00,VEHICLE,0,0,
-2257.4653,-12.6085,35.1641,358.5859,0.00,VEHICLE,0,0,
-2257.3997,-10.3129,35.1640,358.3454,0.00,VEHICLE,0,0,
-2257.3252,-7.8895,35.1641,358.2744,0.00,VEHICLE,0,0,
-2257.2446,-5.3741,35.1642,358.2567,0.00,VEHICLE,0,0,
-2257.1580,-2.6788,35.1644,358.2538,0.00,VEHICLE,0,0,
-2257.0806,-0.2588,35.1643,358.2536,0.00,VEHICLE,0,0,
-2257.0012,2.2768,35.1637,358.2538,0.00,VEHICLE,0,0,
-2256.9260,4.7237,35.1630,358.2533,0.00,VEHICLE,0,0,
-2256.8381,7.6209,35.1624,358.2518,0.00,VEHICLE,0,0,
-2256.7576,10.2958,35.1629,358.2500,0.00,VEHICLE,0,0,
-2256.6843,12.7215,35.1639,358.2493,0.00,VEHICLE,0,0,
-2256.6025,15.4258,35.1648,358.2492,0.00,VEHICLE,0,0,
-2256.5225,18.0556,35.1653,358.2496,0.00,VEHICLE,0,0,
-2256.4419,20.7012,35.1655,358.2502,0.00,VEHICLE,0,0,
-2256.3560,23.5032,35.1656,358.2507,0.00,VEHICLE,0,0,
-2256.2595,26.6428,35.1657,358.2512,0.00,VEHICLE,0,0,
-2256.1663,29.6875,35.1657,358.2513,0.00,VEHICLE,0,0,
-2256.0769,32.6126,35.1655,358.2512,0.00,VEHICLE,0,0,
-2255.9890,35.4925,35.1653,358.2510,0.00,VEHICLE,0,0,
-2255.8967,38.5224,35.1652,358.2508,0.00,VEHICLE,0,0,
-2255.7937,41.9013,35.1652,358.2506,0.00,VEHICLE,0,0,
-2255.6943,45.1606,35.1652,358.2505,0.00,VEHICLE,0,0,
-2255.6011,48.2109,35.1652,358.2505,0.00,VEHICLE,0,0,
-2255.5039,51.3923,35.1652,358.2506,0.00,VEHICLE,0,0,
-2255.4014,54.7454,35.1652,358.2507,0.00,VEHICLE,0,0,
-2255.3047,57.9057,35.1652,358.2507,0.00,VEHICLE,0,0,
-2255.2412,59.9817,35.1652,358.2508,0.00,VEHICLE,0,0,
-2255.1282,63.6795,35.1652,358.2508,0.00,VEHICLE,0,0,
-2255.0198,67.2280,35.1652,358.2508,0.00,VEHICLE,0,0,
-2254.9146,70.6771,35.1652,358.2508,0.00,VEHICLE,0,0,
-2254.7935,74.6478,35.1652,358.2507,0.00,VEHICLE,0,0,
-2254.6838,78.2436,35.1652,358.2507,0.00,VEHICLE,0,0,
-2254.6189,80.3733,35.1652,358.2507,0.00,VEHICLE,0,0,
-2254.5508,82.6009,35.1652,358.2506,0.00,VEHICLE,0,0,
-2254.4165,86.9946,35.1652,358.2506,0.00,VEHICLE,0,0,
-2254.2585,92.0954,35.1653,358.2245,0.00,VEHICLE,0,0,
-2254.1855,94.0967,35.1653,358.0533,0.00,VEHICLE,0,0,
-2253.9905,98.0562,35.1651,357.1044,0.00,VEHICLE,0,0,
-2253.8369,100.7622,35.1651,356.6256,0.00,VEHICLE,0,0,
-2253.7126,102.7936,35.1650,356.4536,0.00,VEHICLE,0,0,
-2253.5684,105.0768,35.1650,356.3639,0.00,VEHICLE,0,0,
-2253.4119,107.5070,35.1650,356.3232,0.00,VEHICLE,0,0,
-2253.2585,109.8523,35.1651,356.3088,0.00,VEHICLE,0,0,
-2253.1233,111.9076,35.1651,356.3040,0.00,VEHICLE,0,0,
-2252.9719,114.1998,35.1651,356.3026,0.00,VEHICLE,0,0,
-2252.8284,116.3763,35.1650,356.3025,0.00,VEHICLE,0,0,
-2252.6697,118.7862,35.1646,356.3032,0.00,VEHICLE,0,0,
-2252.3979,122.9331,35.1640,356.3037,0.00,VEHICLE,0,0,
-2252.2476,125.2510,35.1639,356.3038,0.00,VEHICLE,0,0,
-2252.0547,128.3527,35.1638,356.4001,0.00,VEHICLE,0,0,
-2251.9231,131.1145,35.1638,357.0385,0.00,VEHICLE,0,0,
-2251.8313,133.4153,35.1637,357.6815,0.00,VEHICLE,0,0,
-2251.7556,135.6168,35.1636,358.0706,0.00,VEHICLE,0,0,
-2251.6885,137.8273,35.1635,358.2813,0.00,VEHICLE,0,0,
-2251.6204,140.2637,35.1635,358.3893,0.00,VEHICLE,0,0,
-2251.5574,142.6524,35.1635,358.4377,0.00,VEHICLE,0,0,
-2251.4758,145.8508,35.1637,358.4616,0.00,VEHICLE,0,0,
-2251.4211,148.0091,35.1638,358.4664,0.00,VEHICLE,0,0,
-2251.3611,150.3685,35.1637,358.4678,0.00,VEHICLE,0,0,
-2251.3018,152.6902,35.1637,358.4678,0.00,VEHICLE,0,0,
-2251.2390,155.1113,35.1637,358.4680,0.00,VEHICLE,0,0,
-2251.1528,158.3710,35.1637,358.4689,0.00,VEHICLE,0,0,
-2251.0637,161.6835,35.1638,358.4704,0.00,VEHICLE,0,0,
-2250.9937,164.2633,35.1638,358.4719,0.00,VEHICLE,0,0,
-2250.9321,166.5070,35.1637,358.4731,0.00,VEHICLE,0,0,
-2250.8745,168.6093,35.1637,358.4741,0.00,VEHICLE,0,0,
-2250.8188,170.8356,35.1637,358.5428,0.00,VEHICLE,0,0,
-2250.7805,173.1933,35.1637,358.9214,0.00,VEHICLE,0,0,
-2250.7551,175.4205,35.1638,359.3475,0.00,VEHICLE,0,0,
-2250.7393,177.4967,35.1638,359.6061,0.00,VEHICLE,0,0,
-2250.7285,179.6022,35.1638,359.7536,0.00,VEHICLE,0,0,
-2250.7209,181.9473,35.1637,359.8332,0.00,VEHICLE,0,0,
-2250.7141,186.3551,35.1636,359.8847,0.00,VEHICLE,0,0,
-2250.7114,190.1573,35.1637,359.8930,0.00,VEHICLE,0,0,
-2250.7100,192.1769,35.1637,359.8935,0.00,VEHICLE,0,0,
-2250.7068,196.0595,35.1636,359.8929,0.00,VEHICLE,0,0,
-2250.7031,199.1167,35.1637,359.8929,0.00,VEHICLE,0,0,
-2250.6982,202.3410,35.1640,359.8932,0.00,VEHICLE,0,0,
-2250.6936,204.7947,35.1640,359.8936,0.00,VEHICLE,0,0,
-2250.7068,208.8323,35.1638,0.2191,0.00,VEHICLE,0,0,
-2250.7305,212.0673,35.1637,0.4975,0.00,VEHICLE,0,0,
-2250.7605,215.2650,35.1633,0.6194,0.00,VEHICLE,0,0,
-2250.8000,218.8649,35.1619,0.6652,0.00,VEHICLE,0,0,
-2250.8484,222.9563,35.1588,0.6739,0.00,VEHICLE,0,0,
-2250.8979,227.0019,35.1560,0.6740,0.00,VEHICLE,0,0,
-2250.9294,229.5152,35.1548,0.6729,0.00,VEHICLE,0,0,
-2250.9780,233.4248,35.1542,0.6715,0.00,VEHICLE,0,0,
-2251.0215,237.0535,35.1542,0.6710,0.00,VEHICLE,0,0,
-2251.0457,239.0944,35.1542,0.6710,0.00,VEHICLE,0,0,
-2251.0891,242.1737,35.1542,0.7755,0.00,VEHICLE,0,0,
-2251.1445,244.6968,35.1544,1.1532,0.00,VEHICLE,0,0,
-2251.1975,246.9068,35.1545,1.4115,0.00,VEHICLE,0,0,
-2251.3181,251.3779,35.1546,1.6241,0.00,VEHICLE,0,0,
-2251.3789,253.4973,35.1546,1.6465,0.00,VEHICLE,0,0,
-2251.4373,255.5008,35.1545,1.6547,0.00,VEHICLE,0,0,
-2251.4961,257.5088,35.1543,1.6578,0.00,VEHICLE,0,0,
-2251.5894,260.6598,35.1541,1.6586,0.00,VEHICLE,0,0,
-2251.6536,262.8376,35.1540,1.6581,0.00,VEHICLE,0,0,
-2251.7490,266.0921,35.1540,1.6573,0.00,VEHICLE,0,0,
-2251.8604,269.9027,35.1540,1.6571,0.00,VEHICLE,0,0,
-2251.9194,271.9461,35.1541,1.6573,0.00,VEHICLE,0,0,
-2251.9802,274.0979,35.1542,1.6413,0.00,VEHICLE,0,0,
-2252.0293,276.3362,35.1543,1.4102,0.00,VEHICLE,0,0,
-2252.0505,278.3398,35.1543,0.8552,0.00,VEHICLE,0,0,
-2252.0737,282.1307,35.1543,0.3160,0.00,VEHICLE,0,0,
-2252.0850,285.4185,35.1550,0.2046,0.00,VEHICLE,0,0,
-2252.0938,289.3133,35.1563,0.1747,0.00,VEHICLE,0,0,
-2252.0977,291.3658,35.1569,0.1711,0.00,VEHICLE,0,0,
-2252.1025,293.8092,35.1572,0.1696,0.00,VEHICLE,0,0,
-2252.1106,297.1039,35.1573,0.1688,0.00,VEHICLE,0,0,
-2252.1162,299.1679,35.1573,0.1683,0.00,VEHICLE,0,0,
-2252.1221,301.2292,35.1572,0.1679,0.00,VEHICLE,0,0,
-2252.1323,304.4855,35.1564,0.1674,0.00,VEHICLE,0,0,
-2252.1392,306.6757,35.1557,0.1668,0.00,VEHICLE,0,0,
-2252.1458,308.7639,35.1551,0.1663,0.00,VEHICLE,0,0,
-2252.1560,311.9807,35.1562,0.1655,0.00,VEHICLE,0,0,
-2252.1631,314.3033,35.1583,0.1651,0.00,VEHICLE,0,0,
-2252.1711,316.9970,35.1616,0.1650,0.00,VEHICLE,0,0,
-2252.1804,320.1739,35.1626,0.1651,0.00,VEHICLE,0,0,
-2252.1902,323.7431,35.1623,0.1656,0.00,VEHICLE,0,0,
-2252.1987,326.8264,35.1621,0.1660,0.00,VEHICLE,0,0,
-2252.2070,329.8455,35.1544,0.1660,0.00,VEHICLE,0,0,
-2252.2148,332.8524,35.0345,0.1585,0.00,VEHICLE,0,0,
-2252.2227,335.7929,34.7141,0.1541,0.00,VEHICLE,0,0,
-2252.2312,338.7894,34.2973,0.1818,0.00,VEHICLE,0,0,
-2252.2449,342.4554,33.7921,0.2347,0.00,VEHICLE,0,0,
-2252.2886,345.8478,33.4216,0.6671,0.00,VEHICLE,0,0,
-2252.4055,348.0630,33.1814,2.2364,0.00,VEHICLE,0,0,
-2252.6919,350.6908,32.9569,5.5234,0.00,VEHICLE,0,0,
-2253.3704,353.8363,32.8770,11.9339,0.00,VEHICLE,0,0,
-2254.1799,356.1764,32.9446,17.9350,0.00,VEHICLE,0,0,
-2255.6663,359.2154,33.0480,26.5008,0.00,VEHICLE,0,0,
-2257.4229,361.8821,33.1243,34.2590,0.00,VEHICLE,0,0,
-2259.4680,364.2910,33.1889,41.2937,0.00,VEHICLE,0,0,
-2262.0181,366.9025,33.2535,46.8969,0.00,VEHICLE,0,0,
-2264.0024,368.6982,33.3454,49.3463,0.00,VEHICLE,0,0,
-2266.3533,370.7048,33.5008,49.8152,0.00,VEHICLE,0,0,
-2268.3630,372.5446,33.6780,47.4949,0.00,VEHICLE,0,0,
-2270.7876,375.1034,33.9036,42.9973,0.00,VEHICLE,0,0,
-2272.9385,377.6824,34.1097,39.2963,0.00,VEHICLE,0,0,
-2274.9595,380.2621,34.3067,37.7341,0.00,VEHICLE,0,0,
-2277.4229,383.5374,34.5051,37.3285,0.00,VEHICLE,0,0,
-2279.7844,386.6922,34.6222,37.3010,0.00,VEHICLE,0,0,
-2281.6589,389.1543,34.6987,37.5299,0.00,VEHICLE,0,0,
-2283.1958,391.0258,34.7603,38.9169,0.00,VEHICLE,0,0,
-2284.6047,392.6757,34.8180,40.3946,0.00,VEHICLE,0,0,
-2286.0825,394.3602,34.8794,41.2637,0.00,VEHICLE,0,0,
-2288.5913,397.1639,34.9791,41.7170,0.00,VEHICLE,0,0,
-2290.0120,398.7383,35.0096,41.7818,0.00,VEHICLE,0,0,
-2291.4409,400.3192,35.0285,41.8059,0.00,VEHICLE,0,0,
-2292.8633,401.8929,35.0252,41.8121,0.00,VEHICLE,0,0,
-2295.3486,404.6497,35.0143,41.8151,0.00,VEHICLE,0,0,
-2297.5269,407.0751,35.0096,41.8189,0.00,VEHICLE,0,0,
-2299.7646,409.5745,35.0088,41.8242,0.00,VEHICLE,0,0,
-2301.3096,411.3034,35.0088,41.8287,0.00,VEHICLE,0,0,
-2302.8347,413.0117,35.0089,41.8319,0.00,VEHICLE,0,0,
-2305.5894,416.0981,35.0092,41.8355,0.00,VEHICLE,0,0,
-2307.5159,418.2552,35.0092,41.8367,0.00,VEHICLE,0,0,
-2309.8809,420.9008,35.0091,41.8363,0.00,VEHICLE,0,0,
-2312.3577,423.6683,35.0090,41.8346,0.00,VEHICLE,0,0,
-2313.8972,425.3877,35.0090,41.8332,0.00,VEHICLE,0,0,
-2316.3293,428.1030,34.9868,41.8313,0.00,VEHICLE,0,0,
-2318.9250,431.0063,34.8908,41.7678,0.00,VEHICLE,0,0,
-2320.7407,433.0753,34.7926,41.3350,0.00,VEHICLE,0,0,
-2322.4348,435.0229,34.7010,40.9656,0.00,VEHICLE,0,0,
-2325.2190,438.2468,34.5558,40.7380,0.00,VEHICLE,0,0,
-2327.7358,441.1742,34.4277,40.6827,0.00,VEHICLE,0,0,
-2330.5383,444.4405,34.2195,40.6576,0.00,VEHICLE,0,0,
-2333.4253,447.8080,33.8570,40.6500,0.00,VEHICLE,0,0,
-2335.1052,449.7669,33.6300,40.6509,0.00,VEHICLE,0,0,
-2337.3379,452.3694,33.3368,40.6525,0.00,VEHICLE,0,0,
-2339.6802,455.0982,33.0363,40.6552,0.00,VEHICLE,0,0,
-2342.4104,458.2900,32.6748,40.5456,0.00,VEHICLE,0,0,
-2344.9600,461.3692,32.2747,39.5515,0.00,VEHICLE,0,0,
-2347.8738,465.1607,31.7535,37.0185,0.00,VEHICLE,0,0,
-2349.9666,468.0154,31.3725,35.9961,0.00,VEHICLE,0,0,
-2352.1182,471.0088,30.9804,35.6339,0.00,VEHICLE,0,0,
-2354.1997,473.9282,30.6672,35.5601,0.00,VEHICLE,0,0,
-2355.4688,475.7099,30.5614,35.6044,0.00,VEHICLE,0,0,
-2357.6104,478.7292,30.5423,35.4831,0.00,VEHICLE,0,0,
-2359.6084,481.6170,30.5664,34.7752,0.00,VEHICLE,0,0,
-2361.8613,485.0539,30.5813,33.0835,0.00,VEHICLE,0,0,
-2363.8806,488.4290,30.5834,30.6166,0.00,VEHICLE,0,0,
-2365.7078,491.8430,30.5333,27.7005,0.00,VEHICLE,0,0,
-2367.1670,494.7273,30.3666,26.0199,0.00,VEHICLE,0,0,
-2368.2498,496.8740,30.1532,24.7298,0.00,VEHICLE,0,0,
-2369.8416,500.1518,29.8248,22.2370,0.00,VEHICLE,0,0,
-2370.7183,502.0924,29.6134,20.2099,0.00,VEHICLE,0,0,
-2371.5667,504.1698,29.4209,17.8917,0.00,VEHICLE,0,0,
-2372.8701,508.2274,29.1528,14.6155,0.00,VEHICLE,0,0,
-2373.6960,511.5921,28.9495,12.8414,0.00,VEHICLE,0,0,
-2374.1694,513.9875,28.8023,11.2610,0.00,VEHICLE,0,0,
-2374.5327,516.2364,28.6623,9.4953,0.00,VEHICLE,0,0,
-2374.9841,519.4406,28.4040,7.5236,0.00,VEHICLE,0,0,
-2375.3064,522.1245,28.1170,6.4695,0.00,VEHICLE,0,0,
-2375.5847,524.4659,27.8308,5.9284,0.00,VEHICLE,0,0,
-2375.9011,526.7051,27.5544,6.3367,0.00,VEHICLE,0,0,
-2376.2351,528.8295,27.3329,7.7940,0.00,VEHICLE,0,0,
-2376.5933,530.8569,27.1486,9.4887,0.00,VEHICLE,0,0,
-2377.4600,535.1722,26.8079,11.3861,0.00,VEHICLE,0,0,
-2377.8843,537.1319,26.6480,11.7000,0.00,VEHICLE,0,0,
-2378.7427,541.0173,26.3172,11.9232,0.00,VEHICLE,0,0,
-2379.5618,544.7630,25.9767,12.0151,0.00,VEHICLE,0,0,
-2380.3965,548.6962,25.5386,12.0648,0.00,VEHICLE,0,0,
-2381.2283,552.8813,24.9794,11.7838,0.00,VEHICLE,0,0,
-2381.6199,555.2429,24.7853,10.8561,0.00,VEHICLE,0,0,
-2381.9297,557.4700,24.6494,9.2436,0.00,VEHICLE,0,0,
-2382.3335,561.1840,24.6643,6.4738,0.00,VEHICLE,0,0,
-2382.6755,564.8378,24.7062,5.3505,0.00,VEHICLE,0,0,
-2383.0024,568.4921,24.7256,5.0093,0.00,VEHICLE,0,0,
-2383.3115,571.9690,24.7318,4.9079,0.00,VEHICLE,0,0,
-2383.6338,575.6159,24.7339,4.8725,0.00,VEHICLE,0,0,
-2383.8381,577.9396,24.7557,4.8681,0.00,VEHICLE,0,0,
-2384.1418,581.3994,24.9902,4.9182,0.00,VEHICLE,0,0,
-2384.4485,584.8705,25.5138,4.9967,0.00,VEHICLE,0,0,
-2384.7642,588.4285,26.2171,5.0057,0.00,VEHICLE,0,0,
-2385.0696,591.8906,26.8892,5.0014,0.00,VEHICLE,0,0,
-2385.4082,595.7539,27.6088,5.0045,0.00,VEHICLE,0,0,
-2385.7173,599.3007,28.2551,4.9981,0.00,VEHICLE,0,0,
-2385.9888,602.9586,28.9170,4.2873,0.00,VEHICLE,0,0,
-2386.0854,604.9285,29.2731,3.2407,0.00,VEHICLE,0,0,
-2386.2234,608.4113,29.9023,2.0928,0.00,VEHICLE,0,0,
-2386.3376,612.0739,30.5639,1.7343,0.00,VEHICLE,0,0,
-2386.4402,615.7726,31.2321,1.6589,0.00,VEHICLE,0,0,
-2386.5259,618.9750,31.8110,1.6475,0.00,VEHICLE,0,0,
-2386.6099,622.0981,32.3759,1.6467,0.00,VEHICLE,0,0,
-2386.6943,625.1699,32.9317,1.6470,0.00,VEHICLE,0,0,
-2386.7839,628.3361,33.5046,1.6465,0.00,VEHICLE,0,0,
-2386.8733,631.4364,34.0654,1.6455,0.00,VEHICLE,0,0,
-2386.9783,635.0060,34.7017,1.6435,0.00,VEHICLE,0,0,
-2387.0796,638.4518,35.1851,1.6325,0.00,VEHICLE,0,0,
-2387.1597,641.1738,35.3759,1.6152,0.00,VEHICLE,0,0,
-2387.2317,643.6332,35.3865,1.5931,0.00,VEHICLE,0,0,
-2387.2915,645.6640,35.2907,1.5701,0.00,VEHICLE,0,0,
-2387.3748,648.5963,35.1050,1.4996,0.00,VEHICLE,0,0,
-2387.4597,651.8279,34.9494,1.3822,0.00,VEHICLE,0,0,
-2387.5330,654.9801,34.9640,1.3664,0.00,VEHICLE,0,0,
-2387.6025,658.0984,34.9925,1.3672,0.00,VEHICLE,0,0,
-2387.6721,661.1994,35.0036,1.3696,0.00,VEHICLE,0,0,
-2387.7449,664.3962,35.0068,1.3705,0.00,VEHICLE,0,0,
-2387.8232,667.9026,35.0072,1.3157,0.00,VEHICLE,0,0,
-2387.8062,671.0853,35.0067,359.8858,0.00,VEHICLE,0,0,
-2387.7068,674.0186,35.0062,357.9904,0.00,VEHICLE,0,0,
-2387.5662,677.0932,35.0058,357.2302,0.00,VEHICLE,0,0,
-2387.4189,679.9093,35.0062,357.0504,0.00,VEHICLE,0,0,
-2387.2634,682.7694,35.0070,357.0089,0.00,VEHICLE,0,0,
-2387.0859,685.9883,35.0079,357.0007,0.00,VEHICLE,0,0,
-2386.9333,688.7893,35.0081,356.9997,0.00,VEHICLE,0,0,
-2386.7788,691.6635,35.0082,356.9984,0.00,VEHICLE,0,0,
-2386.6260,694.5654,35.0082,356.9960,0.00,VEHICLE,0,0,
-2386.4719,697.7260,35.0080,357.1354,0.00,VEHICLE,0,0,
-2386.4023,700.8292,35.0079,358.5222,0.00,VEHICLE,0,0,
-2386.3706,702.9402,35.0077,359.1640,0.00,VEHICLE,0,0,
-2386.3457,705.8286,35.0075,359.5077,0.00,VEHICLE,0,0,
-2386.3330,707.8843,35.0075,359.5824,0.00,VEHICLE,0,0,
-2386.3220,709.9799,35.0071,359.6120,0.00,VEHICLE,0,0,
-2386.3022,713.9357,35.0065,359.6259,0.00,VEHICLE,0,0,
-2386.2878,716.6899,35.0061,359.6269,0.00,VEHICLE,0,0,
-2386.2666,720.3048,35.0062,359.6273,0.00,VEHICLE,0,0,
-2386.2488,723.0659,35.0067,359.6284,0.00,VEHICLE,0,0,
-2386.2300,725.8942,35.0068,359.6294,0.00,VEHICLE,0,0,
-2386.1926,728.7434,35.0065,359.3606,0.00,VEHICLE,0,0,
-2386.0657,731.7378,35.0061,357.7888,0.00,VEHICLE,0,0,
-2385.9238,734.3687,35.0059,356.9088,0.00,VEHICLE,0,0,
-2385.7451,737.3565,35.0058,356.5786,0.00,VEHICLE,0,0,
-2385.5791,740.0068,35.0059,356.5066,0.00,VEHICLE,0,0,
-2385.4175,742.5677,35.0063,356.4896,0.00,VEHICLE,0,0,
-2385.2046,745.9468,35.0070,356.4850,0.00,VEHICLE,0,0,
-2385.0417,748.5559,35.0074,356.4838,0.00,VEHICLE,0,0,
-2384.8796,751.1828,35.0075,356.4830,0.00,VEHICLE,0,0,
-2384.6970,754.1580,35.0070,356.4818,0.00,VEHICLE,0,0,
-2384.5315,756.8666,35.0064,356.4805,0.00,VEHICLE,0,0,
-2384.3682,759.5385,35.0060,356.4793,0.00,VEHICLE,0,0,
-2384.2219,762.3311,35.0058,356.8556,0.00,VEHICLE,0,0,
-2384.1384,764.8912,35.0063,357.9150,0.00,VEHICLE,0,0,
-2384.0569,767.8297,35.0069,358.4492,0.00,VEHICLE,0,0,
-2383.9944,770.3870,35.0067,358.5855,0.00,VEHICLE,0,0,
-2383.9358,772.9006,35.0064,358.6204,0.00,VEHICLE,0,0,
-2383.8779,775.4531,35.0061,358.6290,0.00,VEHICLE,0,0,
-2383.8198,777.9928,35.0064,358.6307,0.00,VEHICLE,0,0,
-2383.7568,780.6752,35.0069,358.6312,0.00,VEHICLE,0,0,
-2383.6787,783.9687,35.0069,358.6315,0.00,VEHICLE,0,0,
-2383.6187,786.4733,35.0067,358.6317,0.00,VEHICLE,0,0,
-2383.5469,789.4321,35.0070,358.6325,0.00,VEHICLE,0,0,
-2383.4878,791.8683,35.0076,358.6328,0.00,VEHICLE,0,0,
-2383.4302,794.2593,35.0087,358.6329,0.00,VEHICLE,0,0,
-2383.3718,796.6756,35.0102,358.6327,0.00,VEHICLE,0,0,
-2383.3069,799.3898,35.0112,358.6324,0.00,VEHICLE,0,0,
-2383.2488,801.8199,35.0113,358.6320,0.00,VEHICLE,0,0,
-2383.1926,804.1718,35.0114,358.6310,0.00,VEHICLE,0,0,
-2383.1243,806.6536,35.0124,358.4897,0.00,VEHICLE,0,0,
-2383.0239,808.9846,35.0119,357.7704,0.00,VEHICLE,0,0,
-2382.8831,812.0523,35.0088,357.3665,0.00,VEHICLE,0,0,
-2382.7805,814.2023,35.0057,357.2958,0.00,VEHICLE,0,0,
-2382.6743,816.3998,35.0030,357.2755,0.00,VEHICLE,0,0,
-2382.5586,818.7761,35.0687,357.2581,0.00,VEHICLE,0,0,
-2382.4290,821.4086,35.2754,357.2273,0.00,VEHICLE,0,0,
-2382.3027,823.9368,35.6800,357.1926,0.00,VEHICLE,0,0,
-2382.1626,826.7100,36.2319,357.1884,0.00,VEHICLE,0,0,
-2382.0408,829.1380,36.6937,357.1909,0.00,VEHICLE,0,0,
-2381.9197,831.5851,37.1409,357.1885,0.00,VEHICLE,0,0,
-2381.7756,834.5158,37.6721,357.1803,0.00,VEHICLE,0,0,
-2381.6179,837.7458,38.2573,357.1743,0.00,VEHICLE,0,0,
-2381.5056,840.0329,38.6709,357.1715,0.00,VEHICLE,0,0,
-2381.3892,842.3930,39.0973,357.1692,0.00,VEHICLE,0,0,
-2381.2783,844.6296,39.5012,357.1672,0.00,VEHICLE,0,0,
-2381.1682,846.8432,39.9010,357.1653,0.00,VEHICLE,0,0,
-2381.0305,849.6091,40.4007,357.1614,0.00,VEHICLE,0,0,
-2380.8562,852.0944,40.8501,356.3543,0.00,VEHICLE,0,0,
-2380.5869,854.4314,41.2723,354.0490,0.00,VEHICLE,0,0,
-2380.3137,856.7086,41.6836,353.2185,0.00,VEHICLE,0,0,
-2380.0383,858.9686,42.1050,352.9993,0.00,VEHICLE,0,0,
-2379.7261,861.6102,42.6081,352.9236,0.00,VEHICLE,0,0,
-2379.4448,864.1337,43.0913,352.9380,0.00,VEHICLE,0,0,
-2379.1641,866.6892,43.5584,352.9523,0.00,VEHICLE,0,0,
-2378.8899,869.0852,43.9878,352.9750,0.00,VEHICLE,0,0,
-2378.5640,871.8071,44.4650,353.0146,0.00,VEHICLE,0,0,
-2378.2507,874.2739,44.9265,353.0624,0.00,VEHICLE,0,0,
-2377.8682,877.1284,45.3624,353.1934,0.00,VEHICLE,0,0,
-2377.4419,880.1454,45.5203,353.4773,0.00,VEHICLE,0,0,
-2377.1560,882.2303,45.4844,353.9263,0.00,VEHICLE,0,0,
-2376.7754,885.6923,45.4166,354.4095,0.00,VEHICLE,0,0,
-2376.5159,888.6296,45.4360,354.4014,0.00,VEHICLE,0,0,
-2376.2944,891.6694,45.4386,354.9102,0.00,VEHICLE,0,0,
-2376.1406,893.7476,45.4363,355.1441,0.00,VEHICLE,0,0,
-2375.8867,896.9037,45.4349,355.2405,0.00,VEHICLE,0,0,
-2375.6377,899.7598,45.4354,355.2677,0.00,VEHICLE,0,0,
-2375.6926,902.7579,45.4365,2.3069,0.00,VEHICLE,0,0,
-2376.1318,905.5549,45.4358,9.1538,0.00,VEHICLE,0,0,
-2376.5476,907.8524,45.4359,10.3598,0.00,VEHICLE,0,0,
-2377.0261,910.3747,45.4359,10.5545,0.00,VEHICLE,0,0,
-2377.3823,912.4465,45.4357,10.0352,0.00,VEHICLE,0,0,
-2377.4897,914.6495,45.4346,5.1132,0.00,VEHICLE,0,0,
-2377.5244,917.1481,45.4337,0.8818,0.00,VEHICLE,0,0,
-2377.3967,919.6113,45.4365,359.5302,0.00,VEHICLE,0,0,
-2377.4587,922.3582,45.4370,1.4487,0.00,VEHICLE,0,0,
-2377.9807,925.1724,45.4337,9.0776,0.00,VEHICLE,0,0,
-2378.9441,927.5235,45.4016,19.4290,0.00,VEHICLE,0,0,
-2380.2742,929.4296,45.3460,30.4790,0.00,VEHICLE,0,0,
-2382.4426,931.3358,45.2871,46.4122,0.00,VEHICLE,0,0,
-2385.0686,932.6398,45.2848,62.5165,0.00,VEHICLE,0,0,
-2387.9900,933.1965,45.2849,78.1012,0.00,VEHICLE,0,0,
-2390.8418,932.9131,45.2848,93.8173,0.00,VEHICLE,0,0,
-2393.3169,931.9241,45.3055,107.9212,0.00,VEHICLE,0,0,
-2395.2778,930.5696,45.3747,120.3605,0.00,VEHICLE,0,0,
-2396.9355,928.8091,45.4191,132.7972,0.00,VEHICLE,0,0,
-2398.2651,926.5938,45.4371,146.1138,0.00,VEHICLE,0,0,
-2398.9648,924.4389,45.4341,157.8511,0.00,VEHICLE,0,0,
-2399.3772,922.3243,45.4361,165.6662,0.00,VEHICLE,0,0,
-2398.6484,924.2297,45.4329,178.2543,0.00,VEHICLE,0,0,
-2398.5522,926.2524,45.4381,183.8028,0.00,VEHICLE,0,0,
-2397.7124,924.2264,45.4396,196.8474,0.00,VEHICLE,0,0,
-2396.4329,922.4779,45.4392,209.6663,0.00,VEHICLE,0,0,
-2395.2117,920.5794,45.4125,211.3329,0.00,VEHICLE,0,0,
-2393.9277,918.5375,45.3813,211.4661,0.00,VEHICLE,0,0,
-2392.8582,916.7783,45.3376,211.6773,0.00,VEHICLE,0,0,
-2391.7712,915.0093,45.3069,211.6626,0.00,VEHICLE,0,0,
-2390.4387,912.6726,45.2923,210.5076,0.00,VEHICLE,0,0,
-2389.5393,910.5227,45.2909,204.9991,0.00,VEHICLE,0,0,
-2388.6533,907.8078,45.2897,199.2431,0.00,VEHICLE,0,0,
-2387.9443,905.6324,45.2897,198.4630,0.00,VEHICLE,0,0,
-2387.2119,903.2058,45.2898,197.4116,0.00,VEHICLE,0,0,
-2386.7102,900.4891,45.2892,191.6860,0.00,VEHICLE,0,0,
-2386.6082,897.5557,45.2878,183.1347,0.00,VEHICLE,0,0,
-2386.7786,895.0627,45.2872,177.1136,0.00,VEHICLE,0,0,
-2386.9592,892.9601,45.2881,175.4907,0.00,VEHICLE,0,0,
-2387.2695,889.7180,45.2893,175.1371,0.00,VEHICLE,0,0,
-2387.4763,887.4852,45.2896,175.1070,0.00,VEHICLE,0,0,
-2387.6907,885.0560,45.2898,175.0940,0.00,VEHICLE,0,0,
-2387.9277,882.2592,45.2898,175.0840,0.00,VEHICLE,0,0,
-2388.1460,879.6363,45.2899,175.0774,0.00,VEHICLE,0,0,
-2388.3948,876.6511,45.1733,175.0686,0.00,VEHICLE,0,0,
-2388.6067,874.1213,44.8912,175.0243,0.00,VEHICLE,0,0,
-2388.7854,871.9887,44.5219,174.9858,0.00,VEHICLE,0,0,
-2389.0061,869.3731,44.0038,174.9348,0.00,VEHICLE,0,0,
-2389.1890,867.2797,43.6029,174.9340,0.00,VEHICLE,0,0,
-2389.4607,864.2291,43.0421,174.9452,0.00,VEHICLE,0,0,
-2389.7297,861.2375,42.5006,174.9535,0.00,VEHICLE,0,0,
-2390.0310,857.8812,41.8945,174.9599,0.00,VEHICLE,0,0,
-2390.2822,855.0543,41.3839,174.9633,0.00,VEHICLE,0,0,
-2390.4783,852.5546,40.9323,175.3601,0.00,VEHICLE,0,0,
-2390.5823,850.3244,40.5294,176.7669,0.00,VEHICLE,0,0,
-2390.7029,846.5971,39.8558,178.2544,0.00,VEHICLE,0,0,
-2390.7952,842.8482,39.1785,178.5507,0.00,VEHICLE,0,0,
-2390.8687,839.5812,38.5883,178.5968,0.00,VEHICLE,0,0,
-2390.9463,836.1056,37.9601,178.6063,0.00,VEHICLE,0,0,
-2391.0320,832.3531,37.2814,178.6092,0.00,VEHICLE,0,0,
-2391.1174,828.7750,36.6339,178.6120,0.00,VEHICLE,0,0,
-2391.1716,826.5452,36.2306,178.6140,0.00,VEHICLE,0,0,
-2391.2600,822.9445,35.5792,178.6170,0.00,VEHICLE,0,0,
-2391.3132,820.7897,35.2409,178.6208,0.00,VEHICLE,0,0,
-2391.3672,818.6055,34.9853,178.6293,0.00,VEHICLE,0,0,
-2391.4207,816.4257,34.8923,178.6319,0.00,VEHICLE,0,0,
-2391.5034,813.0399,34.9057,178.6329,0.00,VEHICLE,0,0,
-2391.5840,809.7385,34.9677,178.6319,0.00,VEHICLE,0,0,
-2391.6433,806.3716,34.9987,178.9665,0.00,VEHICLE,0,0,
-2391.5671,803.0192,35.0102,181.2351,0.00,VEHICLE,0,0,
-2391.4077,799.7631,35.0130,183.0197,0.00,VEHICLE,0,0,
-2391.2007,796.4422,35.0134,183.6523,0.00,VEHICLE,0,0,
-2391.0654,794.4453,35.0132,183.7783,0.00,VEHICLE,0,0,
-2390.8411,791.2333,35.0124,183.8480,0.00,VEHICLE,0,0,
-2390.6003,787.8218,35.0113,183.8632,0.00,VEHICLE,0,0,
-2390.3665,784.4972,35.0101,183.8655,0.00,VEHICLE,0,0,
-2390.1414,781.2485,35.0089,183.8668,0.00,VEHICLE,0,0,
-2389.8848,777.4886,35.0077,183.8700,0.00,VEHICLE,0,0,
-2389.5972,773.2095,35.0075,183.8752,0.00,VEHICLE,0,0,
-2389.3530,769.5492,35.0079,183.8786,0.00,VEHICLE,0,0,
-2389.1042,765.8223,35.0080,183.8806,0.00,VEHICLE,0,0,
-2388.8616,762.2112,35.0080,183.8810,0.00,VEHICLE,0,0,
-2388.6216,758.6604,35.0079,183.8804,0.00,VEHICLE,0,0,
-2388.3804,755.1081,35.0079,183.8792,0.00,VEHICLE,0,0,
-2388.2244,752.8148,35.0079,183.8782,0.00,VEHICLE,0,0,
-2387.9780,749.1954,35.0079,183.8772,0.00,VEHICLE,0,0,
-2387.8147,746.7935,35.0079,183.8766,0.00,VEHICLE,0,0,
-2387.5676,743.1598,35.0079,183.8764,0.00,VEHICLE,0,0,
-2387.3237,739.5645,35.0079,183.8766,0.00,VEHICLE,0,0,
-2387.0835,736.0193,35.0079,183.8770,0.00,VEHICLE,0,0,
-2386.9250,733.6785,35.0079,183.8774,0.00,VEHICLE,0,0,
-2386.6711,729.8692,35.0079,183.8238,0.00,VEHICLE,0,0,
-2386.4719,726.1397,35.0079,183.0526,0.00,VEHICLE,0,0,
-2386.3181,722.5719,35.0078,182.3646,0.00,VEHICLE,0,0,
-2386.1750,718.8112,35.0077,182.1324,0.00,VEHICLE,0,0,
-2386.0354,714.9194,35.0078,182.0729,0.00,VEHICLE,0,0,
-2385.9536,712.5855,35.0079,182.0634,0.00,VEHICLE,0,0,
-2385.8228,708.8300,35.0079,182.0597,0.00,VEHICLE,0,0,
-2385.6902,705.0418,35.0079,182.0596,0.00,VEHICLE,0,0,
-2385.5623,701.4203,35.0080,182.0593,0.00,VEHICLE,0,0,
-2385.4268,697.6318,35.0079,182.0582,0.00,VEHICLE,0,0,
-2385.2949,693.9803,35.0079,182.0569,0.00,VEHICLE,0,0,
-2385.2102,691.6373,35.0079,182.0559,0.00,VEHICLE,0,0,
-2385.0776,687.9716,35.0079,182.0549,0.00,VEHICLE,0,0,
-2384.9490,684.4147,35.0076,182.0543,0.00,VEHICLE,0,0,
-2384.8247,680.9677,35.0071,182.0540,0.00,VEHICLE,0,0,
-2384.7385,678.5701,35.0066,182.0540,0.00,VEHICLE,0,0,
-2384.6650,676.5228,35.0063,182.0541,0.00,VEHICLE,0,0,
-2384.5925,674.4952,35.0060,182.0543,0.00,VEHICLE,0,0,
-2384.5154,672.3406,35.0059,182.0546,0.00,VEHICLE,0,0,
-2384.4146,669.5225,35.0058,182.0551,0.00,VEHICLE,0,0,
-2384.3291,667.1295,35.0059,182.0554,0.00,VEHICLE,0,0,
-2384.2449,664.7768,35.0059,182.0556,0.00,VEHICLE,0,0,
-2384.1689,662.6317,35.0059,182.0453,0.00,VEHICLE,0,0,
-2384.0959,660.3485,35.0059,181.9167,0.00,VEHICLE,0,0,
-2384.0439,658.2072,35.0059,181.5500,0.00,VEHICLE,0,0,
-2383.9641,654.4292,35.0059,181.1297,0.00,VEHICLE,0,0,
-2383.8901,650.3245,35.0059,181.0049,0.00,VEHICLE,0,0,
-2383.8267,646.5774,35.0060,180.9818,0.00,VEHICLE,0,0,
-2383.7637,642.7277,35.0059,180.9784,0.00,VEHICLE,0,0,
-2383.6995,638.8173,34.9933,180.9789,0.00,VEHICLE,0,0,
-2383.6663,636.8164,34.9296,180.9795,0.00,VEHICLE,0,0,
-2383.6174,633.8854,34.7138,180.9805,0.00,VEHICLE,0,0,
-2383.5774,631.4735,34.3764,180.9821,0.00,VEHICLE,0,0,
-2383.5444,629.4890,34.0016,180.9861,0.00,VEHICLE,0,0,
-2383.5105,627.4457,33.5169,180.9926,0.00,VEHICLE,0,0,
-2383.4771,625.4713,33.0617,181.0019,0.00,VEHICLE,0,0,
-2383.4436,623.5005,32.6153,181.0107,0.00,VEHICLE,0,0,
-2383.4089,621.5282,32.2267,181.0107,0.00,VEHICLE,0,0,
-2383.3701,619.3368,31.8389,181.0097,0.00,VEHICLE,0,0,
-2383.3342,617.3226,31.4904,181.0092,0.00,VEHICLE,0,0,
-2383.2969,615.2494,31.1277,181.0086,0.00,VEHICLE,0,0,
-2383.2473,612.5187,30.6438,181.0070,0.00,VEHICLE,0,0,
-2383.2112,610.5024,30.2809,181.0059,0.00,VEHICLE,0,0,
-2383.1760,608.5322,29.9244,181.0050,0.00,VEHICLE,0,0,
-2383.1101,604.7966,29.2482,181.0040,0.00,VEHICLE,0,0,
-2383.0425,600.9346,28.5500,181.0037,0.00,VEHICLE,0,0,
-2383.0059,598.8170,28.1674,181.0037,0.00,VEHICLE,0,0,
-2382.9404,595.0248,27.4823,181.0137,0.00,VEHICLE,0,0,
-2382.7622,591.4661,26.8384,182.5601,0.00,VEHICLE,0,0,
-2382.3718,588.0607,26.2220,186.7191,0.00,VEHICLE,0,0,
-2381.8188,584.9151,25.6526,192.5713,0.00,VEHICLE,0,0,
-2381.1545,582.1153,25.1547,199.2455,0.00,VEHICLE,0,0,
-2380.3853,579.5779,24.8432,206.5772,0.00,VEHICLE,0,0,
-2379.5593,576.9944,24.7257,209.1877,0.00,VEHICLE,0,0,
-2378.6196,574.9985,24.7185,208.8637,0.00,VEHICLE,0,0,
-2377.3862,572.9752,24.7674,210.3913,0.00,VEHICLE,0,0,
-2376.0518,571.0886,24.7690,213.4113,0.00,VEHICLE,0,0,
-2374.5916,569.3378,24.7572,217.4266,0.00,VEHICLE,0,0,
-2372.8008,567.5947,24.7304,223.4505,0.00,VEHICLE,0,0,
-2370.8027,566.0940,24.7258,230.8811,0.00,VEHICLE,0,0,
-2368.8518,564.9948,24.7298,238.1093,0.00,VEHICLE,0,0,
-2366.8010,564.1569,24.7314,245.5766,0.00,VEHICLE,0,0,
-2364.7324,563.5549,24.7317,252.4147,0.00,VEHICLE,0,0,
-2362.3140,562.9325,24.7327,256.3366,0.00,VEHICLE,0,0,
-2360.1318,562.4492,24.7338,257.3850,0.00,VEHICLE,0,0,
-2357.9456,561.9828,24.7403,257.5682,0.00,VEHICLE,0,0,
-2355.8232,561.5234,24.8301,257.5612,0.00,VEHICLE,0,0,
-2353.7495,561.0613,25.0055,257.4995,0.00,VEHICLE,0,0,
-2351.4734,560.5819,25.3523,258.0226,0.00,VEHICLE,0,0,
-2349.0791,560.2971,25.8084,262.2043,0.00,VEHICLE,0,0,
-2347.0703,560.2283,26.1904,266.7993,0.00,VEHICLE,0,0,
-2345.0674,560.2111,26.5594,269.1820,0.00,VEHICLE,0,0,
-2343.0044,560.2245,26.9350,269.9627,0.00,VEHICLE,0,0,
-2341.0354,560.2502,27.2917,270.1492,0.00,VEHICLE,0,0,
-2338.8201,560.2815,27.6924,270.1949,0.00,VEHICLE,0,0,
-2336.8184,560.3048,28.0540,270.2067,0.00,VEHICLE,0,0,
-2334.7698,560.3206,28.4241,270.2162,0.00,VEHICLE,0,0,
-2332.4802,560.3289,28.8379,270.2283,0.00,VEHICLE,0,0,
-2330.0212,560.3311,29.2828,270.2401,0.00,VEHICLE,0,0,
-2326.9797,560.3329,29.8323,270.2458,0.00,VEHICLE,0,0,
-2324.7134,560.3373,30.2417,270.2455,0.00,VEHICLE,0,0,
-2322.4270,560.3454,30.6546,270.2430,0.00,VEHICLE,0,0,
-2319.7732,560.3582,31.1340,270.2398,0.00,VEHICLE,0,0,
-2317.0127,560.3731,31.6328,270.2377,0.00,VEHICLE,0,0,
-2314.4773,560.3865,32.0912,270.2372,0.00,VEHICLE,0,0,
-2311.5996,560.3997,32.6118,270.2382,0.00,VEHICLE,0,0,
-2308.2749,560.4131,33.2132,270.2400,0.00,VEHICLE,0,0,
-2305.5354,560.4233,33.7088,270.2410,0.00,VEHICLE,0,0,
-2302.9192,560.4333,34.1822,270.2415,0.00,VEHICLE,0,0,
-2300.5039,560.4431,34.6128,270.2414,0.00,VEHICLE,0,0,
-2298.1086,560.4529,34.9239,270.2393,0.00,VEHICLE,0,0,
-2295.6462,560.4631,35.0646,270.2367,0.00,VEHICLE,0,0,
-2293.2461,560.4730,35.0764,270.2379,0.00,VEHICLE,0,0,
-2290.5537,560.4843,35.0294,270.2386,0.00,VEHICLE,0,0,
-2287.0325,560.4990,35.0121,270.2386,0.00,VEHICLE,0,0,
-2284.6479,560.5089,35.0095,270.2387,0.00,VEHICLE,0,0,
-2281.7468,560.5209,35.0076,270.2387,0.00,VEHICLE,0,0,
-2279.4753,560.5303,35.0065,270.2387,0.00,VEHICLE,0,0,
-2277.0105,560.5406,35.0070,270.2387,0.00,VEHICLE,0,0,
-2274.8455,560.5497,35.0082,270.2387,0.00,VEHICLE,0,0,
-2272.7551,560.5584,35.0090,270.2387,0.00,VEHICLE,0,0,
-2270.0671,560.5696,35.0094,270.2387,0.00,VEHICLE,0,0,
-2267.0374,560.5822,35.0096,270.2387,0.00,VEHICLE,0,0,
-2264.2581,560.5938,35.0096,270.2387,0.00,VEHICLE,0,0,
-2261.4993,560.6053,35.0096,270.2387,0.00,VEHICLE,0,0,
-2259.1899,560.6150,35.0096,270.2387,0.00,VEHICLE,0,0,
-2256.2102,560.6274,35.0096,270.2387,0.00,VEHICLE,0,0,
-2253.4553,560.6389,35.0096,270.2387,0.00,VEHICLE,0,0,
-2251.0237,560.6490,35.0096,270.2387,0.00,VEHICLE,0,0,
-2247.8394,560.6622,35.0096,270.2387,0.00,VEHICLE,0,0,
-2244.5549,560.6759,35.0096,270.2387,0.00,VEHICLE,0,0,
-2241.9041,560.6870,35.0097,270.2387,0.00,VEHICLE,0,0,
-2239.8037,560.6957,35.0097,270.2387,0.00,VEHICLE,0,0,
-2236.6533,560.7098,35.0095,270.2516,0.00,VEHICLE,0,0,
-2233.8816,560.7722,35.0091,271.0538,0.00,VEHICLE,0,0,
-2231.1011,560.9766,35.0086,273.7473,0.00,VEHICLE,0,0,
-2228.3147,561.3654,35.0078,277.5818,0.00,VEHICLE,0,0,
-2225.5896,561.9496,35.0067,281.7375,0.00,VEHICLE,0,0,
-2222.9480,562.6155,35.0060,284.5096,0.00,VEHICLE,0,0,
-2220.5259,563.2833,35.0063,285.7185,0.00,VEHICLE,0,0,
-2217.8250,564.0791,35.0070,286.1224,0.00,VEHICLE,0,0,
-2215.1335,564.8820,35.0076,286.1920,0.00,VEHICLE,0,0,
-2212.0200,565.8079,35.0079,286.2065,0.00,VEHICLE,0,0,
-2208.5283,566.8232,35.0079,286.0365,0.00,VEHICLE,0,0,
-2205.2751,567.6050,35.0077,283.7667,0.00,VEHICLE,0,0,
-2201.2427,568.2357,35.0065,278.3791,0.00,VEHICLE,0,0,
-2197.6006,568.4453,35.0051,272.5883,0.00,VEHICLE,0,0,
-2193.9590,568.4578,35.0053,268.9337,0.00,VEHICLE,0,0,
-2190.9651,568.3519,35.0064,267.8148,0.00,VEHICLE,0,0,
-2187.7561,568.1946,35.0074,267.6165,0.00,VEHICLE,0,0,
-2184.5156,568.0369,35.0077,267.5931,0.00,VEHICLE,0,0,
-2181.7866,567.9115,35.0077,267.5871,0.00,VEHICLE,0,0,
-2178.0154,567.7498,35.0077,267.5786,0.00,VEHICLE,0,0,
-2174.6563,567.6132,35.0078,267.5704,0.00,VEHICLE,0,0,
-2171.2437,567.4257,35.0080,266.7905,0.00,VEHICLE,0,0,
-2168.3669,567.1101,35.0079,264.0171,0.00,VEHICLE,0,0,
-2164.5127,566.5047,35.0071,260.7354,0.00,VEHICLE,0,0,
-2161.2839,565.9344,35.0070,260.0300,0.00,VEHICLE,0,0,
-2158.0786,565.3478,35.0074,259.8851,0.00,VEHICLE,0,0,
-2155.0337,564.7861,35.0078,259.8600,0.00,VEHICLE,0,0,
-2152.2419,564.2765,35.0079,259.8894,0.00,VEHICLE,0,0,
-2149.4702,563.8459,35.0079,261.0207,0.00,VEHICLE,0,0,
-2146.6899,563.5610,35.0075,263.8240,0.00,VEHICLE,0,0,
-2144.6782,563.3992,35.0072,265.2477,0.00,VEHICLE,0,0,
-2141.7847,563.2032,35.0070,266.0750,0.00,VEHICLE,0,0,
-2138.4897,563.0062,35.0074,266.3339,0.00,VEHICLE,0,0,
-2135.5955,562.9154,35.0077,267.6081,0.00,VEHICLE,0,0,
-2132.1704,562.9488,35.0076,270.3526,0.00,VEHICLE,0,0,
-2130.1038,562.9930,35.0076,271.0823,0.00,VEHICLE,0,0,
-2126.6675,563.0848,35.0076,271.4691,0.00,VEHICLE,0,0,
-2123.9358,563.1625,35.0077,271.5400,0.00,VEHICLE,0,0,
-2120.7668,563.2533,35.0079,271.5620,0.00,VEHICLE,0,0,
-2118.0481,563.3303,35.0079,271.5670,0.00,VEHICLE,0,0,
-2116.0264,563.3865,35.0079,271.5688,0.00,VEHICLE,0,0,
-2113.2249,563.4335,35.0080,271.0992,0.00,VEHICLE,0,0,
-2110.4998,563.4449,35.0079,270.2992,0.00,VEHICLE,0,0,
-2107.2629,563.4428,35.0078,269.9620,0.00,VEHICLE,0,0,
-2105.0056,563.4369,35.0079,269.8935,0.00,VEHICLE,0,0,
-2102.3027,563.4276,35.0079,269.8679,0.00,VEHICLE,0,0,
-2099.5320,563.4175,35.0079,269.8612,0.00,VEHICLE,0,0,
-2096.6587,563.4073,35.0081,269.8595,0.00,VEHICLE,0,0,
-2094.5225,563.4006,35.0081,269.8589,0.00,VEHICLE,0,0,
-2092.5178,563.3950,35.0081,269.8584,0.00,VEHICLE,0,0,
-2089.8440,563.3883,35.0080,269.8574,0.00,VEHICLE,0,0,
-2087.5110,563.3831,35.0080,269.8564,0.00,VEHICLE,0,0,
-2083.8142,563.3753,35.0080,269.8553,0.00,VEHICLE,0,0,
-2080.0503,563.3672,35.0080,269.8547,0.00,VEHICLE,0,0,
-2076.4231,563.3586,35.0080,269.8547,0.00,VEHICLE,0,0,
-2072.8865,563.3497,35.0079,269.8550,0.00,VEHICLE,0,0,
-2070.7595,563.3442,35.0080,269.8552,0.00,VEHICLE,0,0,
-2067.6145,563.3359,35.0080,269.8555,0.00,VEHICLE,0,0,
-2064.4561,563.3276,35.0080,269.8557,0.00,VEHICLE,0,0,
-2061.1077,563.3190,35.0079,269.8558,0.00,VEHICLE,0,0,
-2057.8438,563.3107,35.0079,269.8557,0.00,VEHICLE,0,0,
-2054.8418,563.3031,35.0079,269.8557,0.00,VEHICLE,0,0,
-2051.5271,563.2949,35.0079,269.8556,0.00,VEHICLE,0,0,
-2048.3650,563.2870,35.0079,269.8555,0.00,VEHICLE,0,0,
-2045.0605,563.2787,35.0079,269.8555,0.00,VEHICLE,0,0,
-2041.8545,563.2706,35.0079,269.8555,0.00,VEHICLE,0,0,
-2038.5664,563.2623,35.0079,269.8555,0.00,VEHICLE,0,0,
-2034.8234,563.2679,35.0079,270.0948,0.00,VEHICLE,0,0,
-2031.2256,563.4180,35.0078,272.4149,0.00,VEHICLE,0,0,
-2027.8049,563.7316,35.0075,275.2906,0.00,VEHICLE,0,0,
-2025.0599,564.0243,35.0073,276.0926,0.00,VEHICLE,0,0,
-2021.8138,564.3926,35.0074,276.3643,0.00,VEHICLE,0,0,
-2019.7052,564.6375,35.0077,276.4105,0.00,VEHICLE,0,0,
-2016.3361,565.0302,35.0079,276.4285,0.00,VEHICLE,0,0,
-2013.1526,565.3983,35.0080,276.4319,0.00,VEHICLE,0,0,
-2009.6631,565.8110,35.0080,276.6546,0.00,VEHICLE,0,0,
-2006.4889,566.2686,35.0080,278.1279,0.00,VEHICLE,0,0,
-2002.9800,566.8088,35.0079,278.9897,0.00,VEHICLE,0,0,
-1999.7952,567.3195,35.0076,279.2047,0.00,VEHICLE,0,0,
-1996.7728,567.8123,35.0192,279.2466,0.00,VEHICLE,0,0,
-1993.5861,568.3375,35.0647,279.2473,0.00,VEHICLE,0,0,
-1990.8590,568.7896,35.1173,279.2502,0.00,VEHICLE,0,0,
-1987.9548,569.2686,35.1952,279.2345,0.00,VEHICLE,0,0,
-1984.9926,569.7544,35.2695,279.2412,0.00,VEHICLE,0,0,
-1982.3665,570.1812,35.2789,279.2658,0.00,VEHICLE,0,0,
-1979.7004,570.6098,35.2547,279.2578,0.00,VEHICLE,0,0,
-1976.8887,571.0604,35.1768,279.2345,0.00,VEHICLE,0,0,
-1974.0397,571.5186,35.1589,279.2290,0.00,VEHICLE,0,0,
-1970.8132,572.0423,35.1650,279.2216,0.00,VEHICLE,0,0,
-1967.8568,572.5347,35.1852,279.1898,0.00,VEHICLE,0,0,
-1964.9730,573.0239,35.1969,279.2167,0.00,VEHICLE,0,0,
-1962.0573,573.5128,35.1829,279.1953,0.00,VEHICLE,0,0,
-1959.0315,573.9965,35.1678,279.1658,0.00,VEHICLE,0,0,
-1955.8259,574.4387,35.1638,278.2791,0.00,VEHICLE,0,0,
-1952.6324,574.7041,35.1630,275.3182,0.00,VEHICLE,0,0,
-1949.9287,574.7884,35.1625,272.2796,0.00,VEHICLE,0,0,
-1947.3418,574.8270,35.1622,271.0056,0.00,VEHICLE,0,0,
-1944.6746,574.8459,35.1621,270.5923,0.00,VEHICLE,0,0,
-1942.0320,574.8588,35.1621,270.4865,0.00,VEHICLE,0,0,
-1938.9482,574.8542,35.1621,270.1466,0.00,VEHICLE,0,0,
-1936.1155,574.7863,35.1621,268.9026,0.00,VEHICLE,0,0,
-1933.4266,574.6959,35.1620,268.0612,0.00,VEHICLE,0,0,
-1930.8622,574.5987,35.1620,267.8036,0.00,VEHICLE,0,0,
-1928.3848,574.5007,35.1620,267.7379,0.00,VEHICLE,0,0,
-1925.7976,574.3964,35.1650,267.7208,0.00,VEHICLE,0,0,
-1922.8218,574.2720,35.1861,267.6614,0.00,VEHICLE,0,0,
-1920.0829,574.1196,35.2017,267.0085,0.00,VEHICLE,0,0,
-1917.3348,573.8846,35.1960,265.4146,0.00,VEHICLE,0,0,
-1914.5657,573.5253,35.1660,262.9003,0.00,VEHICLE,0,0,
-1911.8879,573.1229,35.1300,261.4269,0.00,VEHICLE,0,0,
-1909.0044,572.6588,35.0911,260.9313,0.00,VEHICLE,0,0,
-1906.2839,572.1938,35.0634,260.6000,0.00,VEHICLE,0,0,
-1903.5565,571.6094,35.0423,258.5027,0.00,VEHICLE,0,0,
-1900.9711,570.9329,35.0010,255.6054,0.00,VEHICLE,0,0,
-1898.5145,570.1577,34.9630,252.5596,0.00,VEHICLE,0,0,
-1895.8156,569.0765,34.9196,247.9752,0.00,VEHICLE,0,0,
-1893.7532,568.0021,34.9328,243.8273,0.00,VEHICLE,0,0,
-1891.7815,566.7346,34.9407,238.9391,0.00,VEHICLE,0,0,
-1889.9504,565.3210,34.8925,233.9976,0.00,VEHICLE,0,0,
-1888.3313,563.8845,34.8124,229.8601,0.00,VEHICLE,0,0,
-1886.7550,562.4341,34.6960,227.5721,0.00,VEHICLE,0,0,
-1885.2051,560.9416,34.5787,226.7964,0.00,VEHICLE,0,0,
-1883.6066,559.4022,34.4841,226.6572,0.00,VEHICLE,0,0,
-1881.9020,557.7794,34.4181,226.6099,0.00,VEHICLE,0,0,
-1880.3085,556.2770,34.3969,226.5892,0.00,VEHICLE,0,0,
-1878.4761,554.5583,34.3834,226.5774,0.00,VEHICLE,0,0,
-1876.5742,552.7788,34.3623,226.5935,0.00,VEHICLE,0,0,
-1874.7062,551.1333,34.3375,227.9575,0.00,VEHICLE,0,0,
-1872.7705,549.6226,34.3107,231.1629,0.00,VEHICLE,0,0,
-1870.8630,548.2002,34.2835,232.9793,0.00,VEHICLE,0,0,
-1868.8676,546.7336,34.2547,233.5566,0.00,VEHICLE,0,0,
-1866.8506,545.2607,34.2257,233.7137,0.00,VEHICLE,0,0,
-1864.5283,543.6177,34.1944,234.4225,0.00,VEHICLE,0,0,
-1862.2805,542.2249,34.1747,237.4542,0.00,VEHICLE,0,0,
-1859.9032,540.9054,34.1622,240.5209,0.00,VEHICLE,0,0,
-1857.6356,539.6840,34.1530,241.4948,0.00,VEHICLE,0,0,
-1855.3004,538.4392,34.1427,241.7448,0.00,VEHICLE,0,0,
-1852.8516,537.0792,34.1068,240.9430,0.00,VEHICLE,0,0,
-1850.1392,535.3866,34.0062,238.0808,0.00,VEHICLE,0,0,
-1847.8258,533.7260,33.8727,234.6625,0.00,VEHICLE,0,0,
-1845.6409,531.8998,33.7412,230.6078,0.00,VEHICLE,0,0,
-1843.6786,530.0021,33.6183,226.3878,0.00,VEHICLE,0,0,
-1841.7402,527.9944,33.4396,223.9213,0.00,VEHICLE,0,0,
-1839.5745,525.6610,33.1782,223.0485,0.00,VEHICLE,0,0,
-1837.4941,523.3897,32.9025,222.8893,0.00,VEHICLE,0,0,
-1835.5251,521.2437,32.6494,222.8624,0.00,VEHICLE,0,0,
-1833.1510,518.6688,32.2850,222.8210,0.00,VEHICLE,0,0,
-1830.8789,516.2161,31.7706,222.7188,0.00,VEHICLE,0,0,
-1828.2128,513.3466,31.0093,222.6618,0.00,VEHICLE,0,0,
-1825.6090,510.4426,30.2505,221.6909,0.00,VEHICLE,0,0,
-1823.6709,508.0609,29.6422,219.2827,0.00,VEHICLE,0,0,
-1822.3339,506.2415,29.1887,216.9284,0.00,VEHICLE,0,0,
-1820.5125,503.4129,28.5229,212.7633,0.00,VEHICLE,0,0,
-1819.2424,501.0387,28.0444,208.5886,0.00,VEHICLE,0,0,
-1817.8190,497.6281,27.4555,201.9675,0.00,VEHICLE,0,0,
-1816.8533,494.4248,26.9161,196.3550,0.00,VEHICLE,0,0,
-1816.1815,491.1610,26.3541,191.2260,0.00,VEHICLE,0,0,
-1815.7524,487.2961,25.6739,185.4124,0.00,VEHICLE,0,0,
-1815.6759,483.6191,24.9472,180.6291,0.00,VEHICLE,0,0,
-1815.7463,481.5922,24.5101,178.1113,0.00,VEHICLE,0,0,
-1815.8920,479.5524,24.0536,175.2553,0.00,VEHICLE,0,0,
-1816.3545,476.1228,23.2955,169.7933,0.00,VEHICLE,0,0,
-1816.7698,474.1408,22.8572,166.6678,0.00,VEHICLE,0,0,
-1817.7208,470.7959,22.0897,161.2855,0.00,VEHICLE,0,0,
-1818.4182,468.8599,21.6383,158.0670,0.00,VEHICLE,0,0,
-1819.2135,466.9711,21.1982,154.8341,0.00,VEHICLE,0,0,
-1820.2384,464.8640,20.7380,151.2855,0.00,VEHICLE,0,0,
-1821.2612,462.9901,20.3497,148.4797,0.00,VEHICLE,0,0,
-1822.3702,461.1712,19.9929,146.3127,0.00,VEHICLE,0,0,
-1823.5179,459.4546,19.6536,145.0222,0.00,VEHICLE,0,0,
-1824.7126,457.7699,19.3092,144.5060,0.00,VEHICLE,0,0,
-1825.9791,456.0234,18.9873,144.3811,0.00,VEHICLE,0,0,
-1827.1781,454.3781,18.7351,144.3893,0.00,VEHICLE,0,0,
-1828.3719,452.7413,18.5407,144.4096,0.00,VEHICLE,0,0,
-1829.5975,451.0592,18.3682,144.4185,0.00,VEHICLE,0,0,
-1831.9662,447.7972,18.0291,144.4279,0.00,VEHICLE,0,0,
-1833.2516,446.0182,17.8351,144.4244,0.00,VEHICLE,0,0,
-1834.6012,444.1422,17.6552,144.4149,0.00,VEHICLE,0,0,
-1835.8154,442.4508,17.5045,144.4096,0.00,VEHICLE,0,0,
-1838.1344,439.2092,17.2666,144.4013,0.00,VEHICLE,0,0,
-1839.4545,437.3599,17.1338,144.3970,0.00,VEHICLE,0,0,
-1840.7806,435.4962,17.0208,144.3955,0.00,VEHICLE,0,0,
-1842.8265,432.5419,16.9414,145.1112,0.00,VEHICLE,0,0,
-1844.0026,430.7265,16.9508,146.4052,0.00,VEHICLE,0,0,
-1846.0524,427.1046,16.9793,150.9445,0.00,VEHICLE,0,0,
-1847.4998,423.9198,16.9914,155.9564,0.00,VEHICLE,0,0,
-1848.6638,420.6726,16.9942,161.1832,0.00,VEHICLE,0,0,
-1849.5364,417.3669,16.9941,166.4037,0.00,VEHICLE,0,0,
-1849.9396,415.1920,16.9935,169.8377,0.00,VEHICLE,0,0,
-1850.3245,411.7873,16.9926,175.0801,0.00,VEHICLE,0,0,
-1850.4109,409.4710,16.9941,178.6503,0.00,VEHICLE,0,0,
-1850.3517,407.1756,16.9963,182.2599,0.00,VEHICLE,0,0,
-1849.9745,403.6651,17.0002,187.8052,0.00,VEHICLE,0,0,
-1849.2584,400.2542,17.0042,193.2898,0.00,VEHICLE,0,0,
-1848.0857,396.7046,17.0370,199.6228,0.00,VEHICLE,0,0,
-1847.2407,394.8419,17.0714,203.5680,0.00,VEHICLE,0,0,
-1845.3627,391.7139,17.1198,211.1339,0.00,VEHICLE,0,0,
-1843.4656,389.2565,17.1277,217.4563,0.00,VEHICLE,0,0,
-1841.4937,387.0515,17.0885,222.0577,0.00,VEHICLE,0,0,
-1839.4695,385.0071,17.0325,226.8045,0.00,VEHICLE,0,0,
-1836.9376,382.8030,17.0061,233.0378,0.00,VEHICLE,0,0,
-1834.3506,380.9879,17.0066,238.8738,0.00,VEHICLE,0,0,
-1831.4586,379.3932,17.0287,244.6028,0.00,VEHICLE,0,0,
-1828.7236,378.1686,17.0584,247.8483,0.00,VEHICLE,0,0,
-1825.5825,376.9697,17.0617,249.2442,0.00,VEHICLE,0,0,
-1823.2651,376.1273,17.0467,249.4782,0.00,VEHICLE,0,0,
-1821.0154,375.2856,17.0110,249.3601,0.00,VEHICLE,0,0,
-1817.3452,373.7151,16.9989,246.9600,0.00,VEHICLE,0,0,
-1815.3115,372.6784,17.0034,244.1545,0.00,VEHICLE,0,0,
-1813.5249,371.6439,17.0060,241.2147,0.00,VEHICLE,0,0,
-1811.6324,370.3967,17.0065,237.5595,0.00,VEHICLE,0,0,
-1810.0168,369.1934,17.0059,234.0288,0.00,VEHICLE,0,0,
-1806.7611,366.3471,17.0050,226.8920,0.00,VEHICLE,0,0,
-1804.1194,363.7099,17.0074,223.8387,0.00,VEHICLE,0,0,
-1801.7374,361.1568,17.0089,223.1063,0.00,VEHICLE,0,0,
-1799.4005,358.6205,17.0078,223.0150,0.00,VEHICLE,0,0,
-1797.4650,356.5479,17.0065,223.2376,0.00,VEHICLE,0,0,
-1795.7457,354.8146,16.9403,224.4482,0.00,VEHICLE,0,0,
-1793.2952,352.4431,16.7337,226.1702,0.00,VEHICLE,0,0,
-1790.8236,350.1132,16.3711,227.2924,0.00,VEHICLE,0,0,
-1788.3267,347.8437,15.8378,227.6258,0.00,VEHICLE,0,0,
-1785.7554,345.5204,15.0481,227.7403,0.00,VEHICLE,0,0,
-1784.1011,344.0248,14.3881,227.8059,0.00,VEHICLE,0,0,
-1781.5211,341.6938,13.2028,227.8816,0.00,VEHICLE,0,0,
-1779.9719,340.2934,12.4266,227.9033,0.00,VEHICLE,0,0,
-1778.4814,338.9454,11.6989,227.9065,0.00,VEHICLE,0,0,
-1776.9216,337.5320,10.9971,227.9009,0.00,VEHICLE,0,0,
-1774.4784,335.3155,10.0837,227.8527,0.00,VEHICLE,0,0,
-1772.9392,333.9183,9.6050,227.8441,0.00,VEHICLE,0,0,
-1771.3481,332.4745,9.1440,227.8409,0.00,VEHICLE,0,0,
-1768.7578,330.1172,8.4999,227.7035,0.00,VEHICLE,0,0,
-1766.2527,327.8076,7.9817,227.2998,0.00,VEHICLE,0,0,
-1763.8503,325.5840,7.5691,227.1319,0.00,VEHICLE,0,0,
-1761.4150,323.3244,7.2341,227.0808,0.00,VEHICLE,0,0,
-1758.8016,320.8965,7.0104,227.0710,0.00,VEHICLE,0,0,
-1756.7216,318.9624,6.9463,227.0674,0.00,VEHICLE,0,0,
-1754.6624,317.0468,6.9797,227.0669,0.00,VEHICLE,0,0,
-1752.7206,315.2398,7.0037,227.0672,0.00,VEHICLE,0,0,
-1750.5563,313.2001,7.0164,226.7794,0.00,VEHICLE,0,0,
-1748.5815,311.2207,7.0199,225.2599,0.00,VEHICLE,0,0,
-1746.4606,308.7951,7.0216,221.3595,0.00,VEHICLE,0,0,
-1744.7854,306.6030,7.0217,217.6396,0.00,VEHICLE,0,0,
-1743.1765,304.3982,7.0219,215.9146,0.00,VEHICLE,0,0,
-1741.6644,302.2519,7.0246,215.4099,0.00,VEHICLE,0,0,
-1740.0667,299.9598,7.0578,215.3012,0.00,VEHICLE,0,0,
-1738.1377,297.0549,7.1394,214.0787,0.00,VEHICLE,0,0,
-1736.8033,294.6687,7.1684,210.1437,0.00,VEHICLE,0,0,
-1735.5260,291.7487,7.1766,203.7444,0.00,VEHICLE,0,0,
-1734.7289,289.1783,7.1761,197.5856,0.00,VEHICLE,0,0,
-1734.2228,286.5591,7.1744,190.9391,0.00,VEHICLE,0,0,
-1734.0352,283.4575,7.1720,182.5790,0.00,VEHICLE,0,0,
-1734.2061,281.0700,7.1719,176.0920,0.00,VEHICLE,0,0,
-1735.0485,277.4486,7.1741,165.3358,0.00,VEHICLE,0,0,
-1736.2769,274.5088,7.1751,156.0743,0.00,VEHICLE,0,0,
-1737.9882,271.1519,7.1782,151.0662,0.00,VEHICLE,0,0,
-1739.4290,268.6533,7.1795,150.2125,0.00,VEHICLE,0,0,
-1740.9458,266.0443,7.1642,150.1226,0.00,VEHICLE,0,0,
-1742.1882,263.8927,7.1261,150.1089,0.00,VEHICLE,0,0,
-1743.8295,261.0287,7.0431,150.0947,0.00,VEHICLE,0,0,
-1745.3093,258.2641,6.9653,151.3929,0.00,VEHICLE,0,0,
-1746.4480,255.7592,6.9008,154.8748,0.00,VEHICLE,0,0,
-1747.4778,253.3054,6.8389,157.1571,0.00,VEHICLE,0,0,
-1748.4050,251.0129,6.7810,157.8573,0.00,VEHICLE,0,0,
-1749.4634,248.3565,6.7135,158.0556,0.00,VEHICLE,0,0,
-1750.3773,246.0568,6.6549,158.0896,0.00,VEHICLE,0,0,
-1751.2671,243.8244,6.5981,158.0972,0.00,VEHICLE,0,0,
-1752.4917,240.7674,6.5194,158.1003,0.00,VEHICLE,0,0,
-1753.3479,238.6395,6.4644,158.1027,0.00,VEHICLE,0,0,
-1754.1816,236.5720,6.4110,158.1055,0.00,VEHICLE,0,0,
-1755.2637,233.8911,6.3419,158.1095,0.00,VEHICLE,0,0,
-1756.2329,231.3468,6.2770,158.9182,0.00,VEHICLE,0,0,
-1756.9623,228.9180,6.2166,162.4192,0.00,VEHICLE,0,0,
-1757.4624,226.4726,6.1573,167.4391,0.00,VEHICLE,0,0,
-1757.7546,224.0147,6.0100,172.7777,0.00,VEHICLE,0,0,
-1757.9456,221.1768,5.6454,176.9868,0.00,VEHICLE,0,0,
-1758.0590,218.6443,5.1758,180.1665,0.00,VEHICLE,0,0,
-1758.0336,216.1740,4.6160,184.0837,0.00,VEHICLE,0,0,
-1757.6656,213.1777,3.9647,188.4021,0.00,VEHICLE,0,0,
-1757.0192,209.9078,3.6161,190.3793,0.00,VEHICLE,0,0,
-1756.6072,207.8685,3.5016,190.5293,0.00,VEHICLE,0,0,
-1756.2424,205.3435,3.5256,188.3789,0.00,VEHICLE,0,0,
-1756.0789,202.6858,3.5435,184.1746,0.00,VEHICLE,0,0,
-1756.0016,199.9440,3.5491,181.9456,0.00,VEHICLE,0,0,
-1755.9684,197.2956,3.5515,181.4904,0.00,VEHICLE,0,0,
-1755.9080,194.5257,3.5515,181.8304,0.00,VEHICLE,0,0,
-1755.7300,191.8627,3.5557,183.7216,0.00,VEHICLE,0,0,
-1755.5204,189.2136,3.5687,184.2737,0.00,VEHICLE,0,0,
-1755.2924,186.5907,3.5770,184.4077,0.00,VEHICLE,0,0,
-1755.0404,183.6668,3.5656,184.4522,0.00,VEHICLE,0,0,
-1754.8551,181.3038,3.5467,184.3978,0.00,VEHICLE,0,0,
-1754.6630,178.3668,3.5441,184.0442,0.00,VEHICLE,0,0,
-1754.4838,175.4156,3.5462,183.7962,0.00,VEHICLE,0,0,
-1754.3080,172.5561,3.5469,183.7461,0.00,VEHICLE,0,0,
-1754.1140,169.5013,3.5470,183.7331,0.00,VEHICLE,0,0,
-1753.9069,166.3403,3.5470,183.7268,0.00,VEHICLE,0,0,
-1753.7263,163.6086,3.5470,183.7105,0.00,VEHICLE,0,0,
-1753.6060,160.7175,3.5471,182.5406,0.00,VEHICLE,0,0,
-1753.5619,157.7179,3.5469,180.7950,0.00,VEHICLE,0,0,
-1753.5449,155.0948,3.5468,180.3775,0.00,VEHICLE,0,0,
-1753.5345,151.6847,3.5468,180.2659,0.00,VEHICLE,0,0,
-1753.5289,148.8920,3.5469,180.2517,0.00,VEHICLE,0,0,
-1753.5212,145.5487,3.5470,180.2492,0.00,VEHICLE,0,0,
-1753.4982,142.8304,3.5471,180.4598,0.00,VEHICLE,0,0,
-1753.3308,139.8797,3.5470,182.9179,0.00,VEHICLE,0,0,
-1753.0364,136.2472,3.5467,184.7452,0.00,VEHICLE,0,0,
-1752.7705,133.3061,3.5466,185.0546,0.00,VEHICLE,0,0,
-1752.4812,130.1879,3.5468,185.1241,0.00,VEHICLE,0,0,
-1752.2184,127.3629,3.5470,185.1361,0.00,VEHICLE,0,0,
-1751.9417,124.3406,3.5471,185.1183,0.00,VEHICLE,0,0,
-1751.7385,121.0853,3.5470,183.6619,0.00,VEHICLE,0,0,
-1751.7338,117.8822,3.5466,180.2173,0.00,VEHICLE,0,0,
-1751.8232,114.2050,3.5463,178.5214,0.00,VEHICLE,0,0,
-1751.9471,110.6110,3.5465,178.1975,0.00,VEHICLE,0,0,
-1752.0623,107.4776,3.5468,178.1472,0.00,VEHICLE,0,0,
-1752.1998,103.6669,3.5469,178.1362,0.00,VEHICLE,0,0,
-1752.2706,101.6222,3.5469,178.1340,0.00,VEHICLE,0,0,
-1752.4020,97.6621,3.5468,178.1294,0.00,VEHICLE,0,0,
-1752.5143,94.1377,3.5466,178.1257,0.00,VEHICLE,0,0,
-1752.6162,90.8977,3.5458,178.1226,0.00,VEHICLE,0,0,
-1752.7312,87.2681,3.5452,178.1201,0.00,VEHICLE,0,0,
-1752.8531,83.4889,3.5455,178.1200,0.00,VEHICLE,0,0,
-1752.9501,80.3817,3.5460,178.1947,0.00,VEHICLE,0,0,
-1752.9232,76.7683,3.5465,180.4224,0.00,VEHICLE,0,0,
-1752.7524,72.9764,3.5463,182.8055,0.00,VEHICLE,0,0,
-1752.5405,69.3665,3.5459,183.3624,0.00,VEHICLE,0,0,
-1752.3495,66.3369,3.5455,183.4570,0.00,VEHICLE,0,0,
-1752.1355,62.8382,3.5455,183.3357,0.00,VEHICLE,0,0,
-1751.9620,59.2187,3.5460,182.6230,0.00,VEHICLE,0,0,
-1751.8062,55.6218,3.5463,182.4149,0.00,VEHICLE,0,0,
-1751.6565,51.9492,3.5466,182.3753,0.00,VEHICLE,0,0,
-1751.5237,48.6084,3.5467,182.3712,0.00,VEHICLE,0,0,
-1751.4004,45.4835,3.5467,182.3611,0.00,VEHICLE,0,0,
-1751.3314,41.5033,3.5460,180.9410,0.00,VEHICLE,0,0,
-1751.3859,38.0341,3.5453,178.9464,0.00,VEHICLE,0,0,
-1751.4736,34.7703,3.5450,178.4151,0.00,VEHICLE,0,0,
-1751.5726,31.5323,3.5453,178.3075,0.00,VEHICLE,0,0,
-1751.6809,28.1270,3.5460,178.2874,0.00,VEHICLE,0,0,
-1751.7887,24.8463,3.5460,178.2259,0.00,VEHICLE,0,0,
-1751.9225,21.9924,3.5455,177.4834,0.00,VEHICLE,0,0,
-1752.0837,18.8718,3.5451,177.0398,0.00,VEHICLE,0,0,
-1752.2897,15.0284,3.5449,176.9215,0.00,VEHICLE,0,0,
-1752.4547,11.9658,3.5448,176.9170,0.00,VEHICLE,0,0,
-1752.5303,9.1821,3.5448,178.1299,0.00,VEHICLE,0,0,
-1752.5564,6.6147,3.5448,179.4177,0.00,VEHICLE,0,0,
-1752.5625,4.1095,3.5448,179.8668,0.00,VEHICLE,0,0,
-1752.5594,1.4949,3.5448,179.9921,0.00,VEHICLE,0,0,
-1752.5505,-2.0329,3.5448,180.0230,0.00,VEHICLE,0,0,
-1752.5448,-4.2152,3.5435,180.0243,0.00,VEHICLE,0,0,
-1752.5409,-6.4521,3.5407,180.0221,0.00,VEHICLE,0,0,
-1752.5392,-9.3334,3.5410,180.0230,0.00,VEHICLE,0,0,
-1752.5397,-11.3399,3.5423,180.0249,0.00,VEHICLE,0,0,
-1752.4473,-13.5956,3.5439,181.5299,0.00,VEHICLE,0,0,
-1752.0494,-16.3765,3.5439,187.3122,0.00,VEHICLE,0,0,
-1751.4413,-18.9307,3.5430,192.9592,0.00,VEHICLE,0,0,
-1750.7845,-21.3306,3.5414,195.1990,0.00,VEHICLE,0,0,
-1749.7375,-23.8020,3.5426,200.9944,0.00,VEHICLE,0,0,
-1748.5966,-25.5418,3.5428,209.3914,0.00,VEHICLE,0,0,
-1747.2239,-27.0054,3.5422,218.9361,0.00,VEHICLE,0,0,
-1745.7625,-28.5258,3.5438,223.0927,0.00,VEHICLE,0,0,
-1744.0295,-30.2230,3.5463,224.4855,0.00,VEHICLE,0,0,
-1742.1605,-31.6802,3.5469,229.9523,0.00,VEHICLE,0,0,
-1740.1423,-32.8121,3.5551,238.1588,0.00,VEHICLE,0,0,
-1738.0782,-33.5484,3.5572,247.0892,0.00,VEHICLE,0,0,
-1735.7955,-33.9540,3.5470,257.2072,0.00,VEHICLE,0,0,
-1733.7469,-33.9411,3.5623,266.4897,0.00,VEHICLE,0,0,
-1731.7614,-33.5695,3.5561,276.2039,0.00,VEHICLE,0,0,
-1729.7385,-33.0517,3.5534,282.6642,0.00,VEHICLE,0,0,
-1727.0044,-32.2999,3.5555,284.3509,0.00,VEHICLE,0,0,
-1723.9534,-31.4859,3.5485,284.5012,0.00,VEHICLE,0,0,
-1721.2325,-30.7811,3.5598,284.5209,0.00,VEHICLE,0,0,
-1718.3794,-29.9150,3.5655,286.6746,0.00,VEHICLE,0,0,
-1715.8427,-28.8796,3.5534,291.5480,0.00,VEHICLE,0,0,
-1713.3999,-27.5301,3.5470,298.1521,0.00,VEHICLE,0,0,
-1711.5023,-26.3817,3.5459,301.0577,0.00,VEHICLE,0,0,
-1709.1581,-24.8987,3.5466,301.8975,0.00,VEHICLE,0,0,
-1706.6260,-23.2825,3.5474,302.0042,0.00,VEHICLE,0,0,
-1704.8944,-22.1839,3.5476,302.0172,0.00,VEHICLE,0,0,
-1702.7534,-20.8360,3.5476,302.0262,0.00,VEHICLE,0,0,
-1700.6064,-19.4943,3.5476,302.0341,0.00,VEHICLE,0,0,
-1698.8475,-18.3992,3.5476,302.0394,0.00,VEHICLE,0,0,
-1696.5896,-16.9541,3.5475,302.5780,0.00,VEHICLE,0,0,
-1694.7585,-15.6317,3.5471,305.0442,0.00,VEHICLE,0,0,
-1692.7014,-14.0089,3.5465,307.9645,0.00,VEHICLE,0,0,
-1690.5951,-12.2958,3.5557,308.8931,0.00,VEHICLE,0,0,
-1688.5078,-10.5755,3.5617,309.0975,0.00,VEHICLE,0,0,
-1686.1768,-8.6491,3.5557,309.1422,0.00,VEHICLE,0,0,
-1684.4069,-7.1995,3.5503,309.1538,0.00,VEHICLE,0,0,
-1682.4948,-5.5752,3.5478,310.0082,0.00,VEHICLE,0,0,
-1680.5110,-3.8216,3.5472,311.5444,0.00,VEHICLE,0,0,
-1678.5121,-2.0323,3.5470,312.0683,0.00,VEHICLE,0,0,
-1676.2406,0.0192,3.5469,312.2010,0.00,VEHICLE,0,0,
-1674.1885,1.8833,3.5469,312.2202,0.00,VEHICLE,0,0,
-1672.0104,3.8678,3.5470,312.2191,0.00,VEHICLE,0,0,
-1669.7947,5.8879,3.5471,312.2156,0.00,VEHICLE,0,0,
-1667.6438,7.8461,3.5471,312.2147,0.00,VEHICLE,0,0,
-1665.0127,10.2361,3.5471,312.2173,0.00,VEHICLE,0,0,
-1662.9254,12.1286,3.5471,312.2199,0.00,VEHICLE,0,0,
-1660.6115,14.2250,3.5471,312.2227,0.00,VEHICLE,0,0,
-1658.5961,16.0504,3.5471,312.2241,0.00,VEHICLE,0,0,
-1656.5593,17.8965,3.5471,312.2245,0.00,VEHICLE,0,0,
-1654.1329,20.0975,3.5471,312.2238,0.00,VEHICLE,0,0,
-1652.1537,21.8939,3.5471,312.2230,0.00,VEHICLE,0,0,
-1650.1471,23.7156,3.5471,312.2221,0.00,VEHICLE,0,0,
-1648.0781,25.5941,3.5471,312.2215,0.00,VEHICLE,0,0,
-1646.1072,27.3835,3.5471,312.2212,0.00,VEHICLE,0,0,
-1643.6676,29.5980,3.5471,312.2212,0.00,VEHICLE,0,0,
-1641.2815,31.7633,3.5471,312.2214,0.00,VEHICLE,0,0,
-1638.9150,33.9106,3.5470,312.2217,0.00,VEHICLE,0,0,
-1636.4264,36.1685,3.5469,312.2220,0.00,VEHICLE,0,0,
-1633.5870,38.7448,3.5469,312.2221,0.00,VEHICLE,0,0,
-1630.8190,41.2565,3.5469,312.2221,0.00,VEHICLE,0,0,
-1628.2218,43.6130,3.5469,312.2220,0.00,VEHICLE,0,0,
-1625.2797,46.2829,3.5469,312.2220,0.00,VEHICLE,0,0,
-1622.3536,48.9382,3.5469,312.2219,0.00,VEHICLE,0,0,
-1619.4095,51.6100,3.5469,312.2218,0.00,VEHICLE,0,0,
-1617.7224,53.1409,3.5469,312.2219,0.00,VEHICLE,0,0,
-1615.0171,55.5958,3.5469,312.2219,0.00,VEHICLE,0,0,
-1612.0790,58.2620,3.5469,312.2219,0.00,VEHICLE,0,0,
-1609.9739,60.1733,3.5469,312.2331,0.00,VEHICLE,0,0,
-1607.7997,62.2025,3.5469,312.8865,0.00,VEHICLE,0,0,
-1606.2699,63.6909,3.5469,313.9086,0.00,VEHICLE,0,0,
-1604.8031,65.1355,3.5468,314.5229,0.00,VEHICLE,0,0,
-1602.0704,67.8565,3.5467,314.9298,0.00,VEHICLE,0,0,
-1599.5649,70.3670,3.5466,315.0049,0.00,VEHICLE,0,0,
-1597.0323,72.9091,3.5467,315.0195,0.00,VEHICLE,0,0,
-1594.9189,75.0301,3.5468,315.0213,0.00,VEHICLE,0,0,
-1592.9139,77.0412,3.5468,315.0217,0.00,VEHICLE,0,0,
-1591.3538,78.6048,3.5468,315.0222,0.00,VEHICLE,0,0,
-1589.0237,80.9374,3.5468,315.0237,0.00,VEHICLE,0,0,
-1586.1425,83.8195,3.5469,315.0260,0.00,VEHICLE,0,0,
-1584.5831,85.3785,3.5469,315.0272,0.00,VEHICLE,0,0,
-1582.9379,87.0234,3.5469,315.0282,0.00,VEHICLE,0,0,
-1581.3821,88.5792,3.5469,315.0287,0.00,VEHICLE,0,0,
-1579.8212,90.1406,3.5466,315.0290,0.00,VEHICLE,0,0,
-1578.3047,91.6579,3.5460,315.0290,0.00,VEHICLE,0,0,
-1576.5345,93.4295,3.5454,315.0287,0.00,VEHICLE,0,0,
-1575.0635,94.9022,3.5451,315.0282,0.00,VEHICLE,0,0,
-1573.5958,96.3718,3.5449,315.0277,0.00,VEHICLE,0,0,
-1571.9131,98.0570,3.5449,315.0270,0.00,VEHICLE,0,0,
-1570.2648,99.7077,3.5450,315.0265,0.00,VEHICLE,0,0,
-1568.6693,101.3054,3.5450,315.0261,0.00,VEHICLE,0,0,
-1566.0466,103.9313,3.5451,315.0260,0.00,VEHICLE,0,0,
-1563.1783,106.8021,3.5452,315.0264,0.00,VEHICLE,0,0,
-1561.6603,108.3214,3.5452,315.0267,0.00,VEHICLE,0,0,
-1560.0074,109.9754,3.5452,315.0271,0.00,VEHICLE,0,0,
-1558.3293,111.6546,3.5451,315.0274,0.00,VEHICLE,0,0,
-1556.7101,113.2750,3.5451,315.0276,0.00,VEHICLE,0,0,
-1555.1395,114.8468,3.5451,315.0277,0.00,VEHICLE,0,0,
-1553.8064,116.8220,4.5283,315.0276,0.00,VEHICLE,0,0,
-1553.8064,116.8220,4.5283,315.0276,0.00,VEHICLE,0,0,
