route,duon4.csv,-1580.1200,76.2215,3.5426,137.3658,0.00,VEHICLE,0,0,
-1580.1200,76.2215,3.5426,137.3658,0.00,VEHICLE,0,0,
-1581.7776,74.6872,3.5496,134.5056,0.00,VEHICLE,0,0,
-1583.5587,72.9442,3.5493,134.4462,0.00,VEHICLE,0,0,
-1585.3289,71.5222,3.5479,130.1945,0.00,VEHICLE,0,0,
-1587.4829,69.8723,3.5483,128.0200,0.00,VEHICLE,0,0,
-1589.2777,68.4884,3.5486,127.9205,0.00,VEHICLE,0,0,
-1591.3295,66.8960,3.5487,127.9060,0.00,VEHICLE,0,0,
-1593.5623,65.1534,3.5487,127.8988,0.00,VEHICLE,0,0,
-1595.1799,63.8898,3.5486,127.8969,0.00,VEHICLE,0,0,
-1596.9019,62.5466,3.5480,127.8972,0.00,VEHICLE,0,0,
-1598.5446,61.2674,3.5477,127.8987,0.00,VEHICLE,0,0,
-1600.2223,59.9625,3.5476,127.9005,0.00,VEHICLE,0,0,
-1602.0808,58.5174,3.5477,127.9018,0.00,VEHICLE,0,0,
-1603.8732,57.1235,3.5477,127.9021,0.00,VEHICLE,0,0,
-1605.7086,55.6950,3.5477,127.9016,0.00,VEHICLE,0,0,
-1607.7277,54.1229,3.5477,127.9006,0.00,VEHICLE,0,0,
-1609.6664,52.6128,3.5477,127.9000,0.00,VEHICLE,0,0,
-1611.8090,50.9359,3.5592,127.8894,0.00,VEHICLE,0,0,
-1613.8668,49.3277,3.5590,127.8930,0.00,VEHICLE,0,0,
-1615.9921,47.6691,3.5543,127.9004,0.00,VEHICLE,0,0,
-1618.0564,46.0670,3.5485,127.9099,0.00,VEHICLE,0,0,
-1620.1042,44.4812,3.5480,127.9182,0.00,VEHICLE,0,0,
-1622.2211,42.8445,3.5560,127.9276,0.00,VEHICLE,0,0,
-1624.3302,41.2099,3.5538,127.9264,0.00,VEHICLE,0,0,
-1626.4481,39.5680,3.5565,127.9214,0.00,VEHICLE,0,0,
-1628.6934,37.8150,3.5488,127.9118,0.00,VEHICLE,0,0,
-1631.0143,35.9958,3.5456,127.9033,0.00,VEHICLE,0,0,
-1633.1711,34.3054,3.5450,127.8972,0.00,VEHICLE,0,0,
-1635.4108,32.5553,3.5448,127.8954,0.00,VEHICLE,0,0,
-1637.6230,30.8327,3.5448,127.8978,0.00,VEHICLE,0,0,
-1639.7668,29.1678,3.5449,127.9017,0.00,VEHICLE,0,0,
-1641.9159,27.5001,3.5449,127.9053,0.00,VEHICLE,0,0,
-1644.0150,25.8433,3.5449,128.2441,0.00,VEHICLE,0,0,
-1645.9850,24.2844,3.5450,128.3754,0.00,VEHICLE,0,0,
-1647.9213,22.7479,3.5449,128.4035,0.00,VEHICLE,0,0,
-1649.9155,21.1631,3.5448,128.4073,0.00,VEHICLE,0,0,
-1651.9205,19.5700,3.5453,128.4068,0.00,VEHICLE,0,0,
-1653.9105,17.9904,3.5467,128.4074,0.00,VEHICLE,0,0,
-1656.1006,16.2540,3.5478,128.4089,0.00,VEHICLE,0,0,
-1658.5598,14.3056,3.5479,128.4106,0.00,VEHICLE,0,0,
-1660.8632,12.4811,3.5475,128.4115,0.00,VEHICLE,0,0,
-1663.1788,10.6459,3.5471,128.4115,0.00,VEHICLE,0,0,
-1665.4325,8.8591,3.5470,128.4109,0.00,VEHICLE,0,0,
-1668.2388,6.6333,3.5471,128.4100,0.00,VEHICLE,0,0,
-1670.3999,4.9192,3.5471,128.4095,0.00,VEHICLE,0,0,
-1672.4211,3.3162,3.5471,128.4095,0.00,VEHICLE,0,0,
-1674.5746,1.6086,3.5471,128.4097,0.00,VEHICLE,0,0,
-1676.2465,0.2831,3.5471,128.4100,0.00,VEHICLE,0,0,
-1678.5693,-1.5583,3.5471,128.4104,0.00,VEHICLE,0,0,
-1680.3114,-2.9392,3.5471,128.4106,0.00,VEHICLE,0,0,
-1683.0544,-5.1139,3.5471,128.4107,0.00,VEHICLE,0,0,
-1684.9620,-6.6263,3.5471,128.4106,0.00,VEHICLE,0,0,
-1687.9089,-8.9630,3.5471,128.4103,0.00,VEHICLE,0,0,
-1689.4791,-10.2082,3.5471,128.4102,0.00,VEHICLE,0,0,
-1692.4838,-12.5907,3.5471,128.4101,0.00,VEHICLE,0,0,
-1695.4263,-14.9238,3.5470,128.4101,0.00,VEHICLE,0,0,
-1698.4474,-17.3191,3.5458,128.4102,0.00,VEHICLE,0,0,
-1701.5321,-19.7648,3.5449,128.4103,0.00,VEHICLE,0,0,
-1703.1462,-21.0344,3.5449,128.3092,0.00,VEHICLE,0,0,
-1704.8375,-22.3586,3.5450,128.0820,0.00,VEHICLE,0,0,
-1706.4272,-23.5999,3.5452,127.9706,0.00,VEHICLE,0,0,
-1709.3416,-25.8702,3.5452,127.9132,0.00,VEHICLE,0,0,
-1712.4823,-28.2654,3.5451,127.3713,0.00,VEHICLE,0,0,
-1714.2134,-29.4058,3.5450,124.9286,0.00,VEHICLE,0,0,
-1715.9683,-30.4083,3.5578,121.2435,0.00,VEHICLE,0,0,
-1719.0830,-31.8141,3.5564,113.4684,0.00,VEHICLE,0,0,
-1722.5172,-33.1116,3.5474,108.7873,0.00,VEHICLE,0,0,
-1725.7220,-34.1402,3.5612,107.7058,0.00,VEHICLE,0,0,
-1728.3335,-35.1004,3.5429,109.8436,0.00,VEHICLE,0,0,
-1731.4772,-36.6748,3.5413,117.1156,0.00,VEHICLE,0,0,
-1733.9886,-38.4659,3.5406,125.9466,0.00,VEHICLE,0,0,
-1735.8002,-40.1268,3.5406,132.4509,0.00,VEHICLE,0,0,
-1738.2523,-42.6221,3.5446,136.4055,0.00,VEHICLE,0,0,
-1740.3087,-44.8884,3.5456,136.9720,0.00,VEHICLE,0,0,
-1741.8479,-46.5628,3.5445,137.0228,0.00,VEHICLE,0,0,
-1743.9969,-49.1072,3.5446,139.7942,0.00,VEHICLE,0,0,
-1745.6608,-51.7789,3.5433,148.2351,0.00,VEHICLE,0,0,
-1746.4965,-53.8428,3.5397,156.5783,0.00,VEHICLE,0,0,
-1746.9841,-56.5660,3.5423,169.0136,0.00,VEHICLE,0,0,
-1746.7958,-59.0205,3.5438,181.5724,0.00,VEHICLE,0,0,
-1746.2211,-61.2321,3.5362,192.1409,0.00,VEHICLE,0,0,
-1745.3518,-64.1422,3.5459,195.9865,0.00,VEHICLE,0,0,
-1744.6315,-66.6931,3.5469,195.6944,0.00,VEHICLE,0,0,
-1744.2151,-69.4069,3.5458,190.4625,0.00,VEHICLE,0,0,
-1743.9163,-72.1791,3.5462,186.8411,0.00,VEHICLE,0,0,
-1743.6268,-75.1484,3.5474,186.2168,0.00,VEHICLE,0,0,
-1743.3695,-78.4597,3.5473,184.9225,0.00,VEHICLE,0,0,
-1743.4413,-81.5939,3.5451,178.8205,0.00,VEHICLE,0,0,
-1743.5609,-84.1459,3.5440,176.6521,0.00,VEHICLE,0,0,
-1743.7787,-87.2798,3.5455,176.1287,0.00,VEHICLE,0,0,
-1743.9987,-90.1658,3.5453,176.1033,0.00,VEHICLE,0,0,
-1744.1617,-92.3887,3.5450,176.1038,0.00,VEHICLE,0,0,
-1744.3173,-94.5630,3.5449,176.0147,0.00,VEHICLE,0,0,
-1744.6315,-96.8207,3.5451,173.4204,0.00,VEHICLE,0,0,
-1745.2103,-98.9865,3.5436,166.8092,0.00,VEHICLE,0,0,
-1745.7963,-100.9847,3.5432,163.4731,0.00,VEHICLE,0,0,
-1746.4556,-103.0240,3.5454,162.5541,0.00,VEHICLE,0,0,
-1747.0901,-104.9307,3.5457,162.4029,0.00,VEHICLE,0,0,
-1747.7273,-106.8769,3.5452,162.3790,0.00,VEHICLE,0,0,
-1748.4421,-109.1275,3.5476,162.3467,0.00,VEHICLE,0,0,
-1749.3833,-111.4113,3.5481,158.8370,0.00,VEHICLE,0,0,
-1750.6359,-113.5051,3.5419,150.7750,0.00,VEHICLE,0,0,
-1752.1735,-115.1482,3.5356,139.6034,0.00,VEHICLE,0,0,
-1753.8971,-116.2308,3.5394,126.8388,0.00,VEHICLE,0,0,
-1755.9625,-116.7842,3.5425,111.1185,0.00,VEHICLE,0,0,
-1757.9893,-116.8403,3.5567,96.6704,0.00,VEHICLE,0,0,
-1760.0347,-116.8823,3.5673,91.7272,0.00,VEHICLE,0,0,
-1762.4480,-116.9208,3.5780,91.1620,0.00,VEHICLE,0,0,
-1764.9269,-117.1943,3.5887,94.6519,0.00,VEHICLE,0,0,
-1767.3928,-117.4930,3.5991,96.2796,0.00,VEHICLE,0,0,
-1769.5442,-117.6849,3.6118,95.4653,0.00,VEHICLE,0,0,
-1771.6729,-117.6526,3.6319,90.9670,0.00,VEHICLE,0,0,
-1774.1422,-117.2426,3.7158,82.4330,0.00,VEHICLE,0,0,
-1776.7819,-116.6933,3.9286,77.8661,0.00,VEHICLE,0,0,
-1778.7385,-116.2069,4.1613,77.1270,0.00,VEHICLE,0,0,
-1781.2003,-115.5964,4.5264,76.9444,0.00,VEHICLE,0,0,
-1783.7458,-114.9937,4.8991,76.9009,0.00,VEHICLE,0,0,
-1786.3002,-114.4188,5.2145,76.8888,0.00,VEHICLE,0,0,
-1789.4424,-113.8220,5.4795,78.3924,0.00,VEHICLE,0,0,
-1792.4224,-113.4089,5.5284,81.4004,0.00,VEHICLE,0,0,
-1795.3601,-113.0306,5.4924,82.5889,0.00,VEHICLE,0,0,
-1798.7375,-112.6506,5.4899,83.4373,0.00,VEHICLE,0,0,
-1801.9639,-112.6372,5.4930,89.2819,0.00,VEHICLE,0,0,
-1805.1820,-113.0679,5.4896,97.5112,0.00,VEHICLE,0,0,
-1808.3553,-113.6523,5.4900,101.6665,0.00,VEHICLE,0,0,
-1810.7153,-114.1883,5.4891,102.4773,0.00,VEHICLE,0,0,
-1814.3165,-114.8954,5.4849,100.5264,0.00,VEHICLE,0,0,
-1817.7235,-115.2426,5.4823,95.4572,0.00,VEHICLE,0,0,
-1821.2904,-115.4875,5.4831,93.4493,0.00,VEHICLE,0,0,
-1824.7384,-115.6426,5.4843,93.1816,0.00,VEHICLE,0,0,
-1828.5214,-115.8151,5.4858,93.1577,0.00,VEHICLE,0,0,
-1830.5432,-115.9066,5.4855,92.9919,0.00,VEHICLE,0,0,
-1833.7903,-115.9986,5.4840,91.5942,0.00,VEHICLE,0,0,
-1837.5642,-116.0992,5.4841,91.1053,0.00,VEHICLE,0,0,
-1841.2570,-116.1809,5.4844,91.0454,0.00,VEHICLE,0,0,
-1844.2152,-116.2346,5.4844,91.0499,0.00,VEHICLE,0,0,
-1846.2910,-116.2680,5.4846,91.0580,0.00,VEHICLE,0,0,
-1848.4069,-116.2297,5.5295,90.0527,0.00,VEHICLE,0,0,
-1850.4745,-116.0209,5.6070,86.4738,0.00,VEHICLE,0,0,
-1853.3320,-115.4859,5.9544,79.8791,0.00,VEHICLE,0,0,
-1856.3746,-114.8202,6.5286,77.0915,0.00,VEHICLE,0,0,
-1858.2974,-114.3554,6.9554,76.5935,0.00,VEHICLE,0,0,
-1861.2407,-113.6250,7.7068,76.4154,0.00,VEHICLE,0,0,
-1864.9003,-112.7305,8.7885,76.4093,0.00,VEHICLE,0,0,
-1868.2852,-111.9313,9.9324,76.4377,0.00,VEHICLE,0,0,
-1871.1252,-111.2754,10.9221,76.4390,0.00,VEHICLE,0,0,
-1874.7170,-110.3846,12.1397,75.6459,0.00,VEHICLE,0,0,
-1877.2515,-109.4809,13.0323,71.0027,0.00,VEHICLE,0,0,
-1880.1455,-108.2084,14.0544,65.9337,0.00,VEHICLE,0,0,
-1882.5035,-107.1282,14.8753,64.6975,0.00,VEHICLE,0,0,
-1885.4594,-105.4528,16.0113,60.4726,0.00,VEHICLE,0,0,
-1887.3866,-104.0186,16.8129,54.0938,0.00,VEHICLE,0,0,
-1888.9578,-102.6532,17.5201,48.7595,0.00,VEHICLE,0,0,
-1890.5785,-101.1741,18.1850,46.1421,0.00,VEHICLE,0,0,
-1892.3717,-99.3948,18.9177,45.6082,0.00,VEHICLE,0,0,
-1894.1853,-97.5729,19.5977,45.6363,0.00,VEHICLE,0,0,
-1896.0867,-95.6897,20.3160,45.6241,0.00,VEHICLE,0,0,
-1897.9282,-93.8973,20.9954,45.6060,0.00,VEHICLE,0,0,
-1899.4069,-92.4696,21.5350,45.6041,0.00,VEHICLE,0,0,
-1901.6017,-90.5058,22.2515,47.4556,0.00,VEHICLE,0,0,
-1903.7035,-88.9121,22.8496,52.2654,0.00,VEHICLE,0,0,
-1906.3135,-86.9635,23.5533,53.4314,0.00,VEHICLE,0,0,
-1907.9172,-85.7836,23.9531,53.4256,0.00,VEHICLE,0,0,
-1910.2052,-84.0965,24.4667,53.4242,0.00,VEHICLE,0,0,
-1911.8710,-82.8537,24.7464,53.3459,0.00,VEHICLE,0,0,
-1914.3633,-81.2159,25.0856,56.4567,0.00,VEHICLE,0,0,
-1916.6744,-79.9042,25.2914,60.5536,0.00,VEHICLE,0,0,
-1918.5397,-78.8782,25.4600,61.2788,0.00,VEHICLE,0,0,
-1920.3580,-77.8854,25.5400,61.3906,0.00,VEHICLE,0,0,
-1922.8340,-76.5128,25.6199,61.3642,0.00,VEHICLE,0,0,
-1924.8146,-75.3873,25.6275,61.3696,0.00,VEHICLE,0,0,
-1927.3411,-74.0822,25.6456,62.9757,0.00,VEHICLE,0,0,
-1929.8507,-73.1837,25.6758,68.8586,0.00,VEHICLE,0,0,
-1932.0459,-72.4993,25.7082,72.4302,0.00,VEHICLE,0,0,
-1934.3799,-71.8575,25.7060,73.9604,0.00,VEHICLE,0,0,
-1937.4513,-71.0584,25.6710,74.2931,0.00,VEHICLE,0,0,
-1940.5524,-70.1979,25.6764,74.3424,0.00,VEHICLE,0,0,
-1943.7710,-69.4078,25.8342,76.4992,0.00,VEHICLE,0,0,
-1946.7897,-68.7599,25.9388,78.4015,0.00,VEHICLE,0,0,
-1949.8140,-68.1462,25.9285,79.1183,0.00,VEHICLE,0,0,
-1952.7617,-67.6097,25.8932,79.3226,0.00,VEHICLE,0,0,
-1955.8324,-67.0727,25.9038,79.3255,0.00,VEHICLE,0,0,
-1959.4303,-66.4508,25.8064,79.5898,0.00,VEHICLE,0,0,
-1963.0488,-66.0494,25.6628,83.4706,0.00,VEHICLE,0,0,
-1965.9490,-66.0401,25.8124,89.5809,0.00,VEHICLE,0,0,
-1968.8125,-66.1147,26.1914,91.9588,0.00,VEHICLE,0,0,
-1971.7445,-66.2482,26.8078,92.4520,0.00,VEHICLE,0,0,
-1974.2959,-66.3842,27.5288,92.5715,0.00,VEHICLE,0,0,
-1976.9741,-66.5315,28.4579,92.6372,0.00,VEHICLE,0,0,
-1979.5703,-66.6674,29.4259,92.6881,0.00,VEHICLE,0,0,
-1982.0034,-66.7842,30.4093,92.7506,0.00,VEHICLE,0,0,
-1984.3599,-66.8892,31.3840,92.7750,0.00,VEHICLE,0,0,
-1986.7422,-66.9868,32.3560,92.6747,0.00,VEHICLE,0,0,
-1989.0403,-66.9999,33.2359,91.0387,0.00,VEHICLE,0,0,
-1991.4321,-67.0075,34.0602,90.2208,0.00,VEHICLE,0,0,
-1993.7598,-67.0101,34.7343,90.0599,0.00,VEHICLE,0,0,
-1995.9620,-67.0091,35.1244,89.9988,0.00,VEHICLE,0,0,
-1998.3500,-67.0075,35.2079,89.9600,0.00,VEHICLE,0,0,
-2000.6345,-67.0054,35.1734,89.9300,0.00,VEHICLE,0,0,
-2003.1191,-67.0013,35.1559,89.9269,0.00,VEHICLE,0,0,
-2005.5809,-66.9970,35.1614,89.9273,0.00,VEHICLE,0,0,
-2008.0079,-66.9933,35.1629,89.9273,0.00,VEHICLE,0,0,
-2010.5690,-66.9901,35.1642,89.9264,0.00,VEHICLE,0,0,
-2013.5371,-66.9868,35.1670,89.9256,0.00,VEHICLE,0,0,
-2016.4199,-66.9836,35.1673,89.9255,0.00,VEHICLE,0,0,
-2019.6058,-66.9797,35.1668,89.9258,0.00,VEHICLE,0,0,
-2022.8417,-66.9754,35.1660,89.9262,0.00,VEHICLE,0,0,
-2026.2936,-67.0652,35.1653,91.3479,0.00,VEHICLE,0,0,
-2029.3419,-67.2502,35.1651,93.5122,0.00,VEHICLE,0,0,
-2032.9855,-67.5078,35.1650,94.1185,0.00,VEHICLE,0,0,
-2036.7218,-67.7907,35.1650,94.1943,0.00,VEHICLE,0,0,
-2038.7401,-67.9454,35.1651,94.1988,0.00,VEHICLE,0,0,
-2042.6401,-68.1926,35.1652,93.4408,0.00,VEHICLE,0,0,
-2046.4207,-68.3876,35.1651,92.8110,0.00,VEHICLE,0,0,
-2050.3936,-68.5719,35.1655,92.7005,0.00,VEHICLE,0,0,
-2052.4033,-68.6617,35.1663,92.6922,0.00,VEHICLE,0,0,
-2056.3083,-68.8356,35.1666,92.6901,0.00,VEHICLE,0,0,
-2058.3301,-68.9267,35.1661,92.6896,0.00,VEHICLE,0,0,
-2062.3145,-69.1102,35.1656,92.6842,0.00,VEHICLE,0,0,
-2064.5833,-69.2169,35.1660,92.6806,0.00,VEHICLE,0,0,
-2066.9526,-69.3296,35.1660,92.6771,0.00,VEHICLE,0,0,
-2069.2554,-69.4397,35.1657,92.6742,0.00,VEHICLE,0,0,
-2071.5129,-69.5477,35.1653,92.6723,0.00,VEHICLE,0,0,
-2073.5525,-69.6449,35.1651,92.6716,0.00,VEHICLE,0,0,
-2075.7146,-69.7474,35.1650,92.6718,0.00,VEHICLE,0,0,
-2077.8738,-69.8491,35.1650,92.6726,0.00,VEHICLE,0,0,
-2080.1228,-69.9543,35.1651,92.6740,0.00,VEHICLE,0,0,
-2082.3032,-70.0558,35.1651,92.6754,0.00,VEHICLE,0,0,
-2084.5847,-70.1615,35.1652,92.6769,0.00,VEHICLE,0,0,
-2086.8596,-70.2667,35.1652,92.6780,0.00,VEHICLE,0,0,
-2089.2661,-70.3781,35.1652,92.6789,0.00,VEHICLE,0,0,
-2093.2585,-70.5500,35.1652,92.5040,0.00,VEHICLE,0,0,
-2095.5437,-70.6145,35.1652,91.8790,0.00,VEHICLE,0,0,
-2097.8123,-70.6722,35.1651,91.4231,0.00,VEHICLE,0,0,
-2100.3252,-70.7277,35.1651,91.1804,0.00,VEHICLE,0,0,
-2102.7124,-70.7747,35.1650,91.0872,0.00,VEHICLE,0,0,
-2105.1633,-70.8196,35.1650,91.0514,0.00,VEHICLE,0,0,
-2107.6060,-70.8625,35.1652,91.0400,0.00,VEHICLE,0,0,
-2110.0317,-70.9040,35.1653,91.0375,0.00,VEHICLE,0,0,
-2112.5669,-70.9469,35.1654,91.0379,0.00,VEHICLE,0,0,
-2115.1948,-70.9874,35.1655,90.9869,0.00,VEHICLE,0,0,
-2117.8201,-70.9944,35.1656,90.4417,0.00,VEHICLE,0,0,
-2120.4653,-70.9867,35.1656,89.8029,0.00,VEHICLE,0,0,
-2123.5620,-70.9647,35.1656,89.4491,0.00,VEHICLE,0,0,
-2126.0891,-70.9383,35.1655,89.3430,0.00,VEHICLE,0,0,
-2128.9534,-70.9043,35.1655,89.3005,0.00,VEHICLE,0,0,
-2131.6118,-70.8704,35.1655,89.2895,0.00,VEHICLE,0,0,
-2134.2769,-70.8351,35.1655,89.2877,0.00,VEHICLE,0,0,
-2137.0034,-70.7984,35.1656,89.2887,0.00,VEHICLE,0,0,
-2139.6138,-70.7633,35.1656,89.2896,0.00,VEHICLE,0,0,
-2142.1992,-70.7290,35.1656,89.2898,0.00,VEHICLE,0,0,
-2144.6204,-70.6976,35.1656,89.2892,0.00,VEHICLE,0,0,
-2147.2104,-70.6647,35.1656,89.2879,0.00,VEHICLE,0,0,
-2150.0381,-70.6297,35.1656,89.2860,0.00,VEHICLE,0,0,
-2152.5801,-70.5987,35.1656,89.2844,0.00,VEHICLE,0,0,
-2155.1292,-70.5679,35.1656,89.2830,0.00,VEHICLE,0,0,
-2159.3774,-70.5168,35.1656,89.2814,0.00,VEHICLE,0,0,
-2161.9380,-70.4858,35.1656,89.2812,0.00,VEHICLE,0,0,
-2164.5286,-70.4541,35.1656,89.2814,0.00,VEHICLE,0,0,
-2167.1233,-70.4220,35.1656,89.2820,0.00,VEHICLE,0,0,
-2171.3596,-70.3687,35.1656,89.2834,0.00,VEHICLE,0,0,
-2174.2334,-70.3323,35.1657,89.2843,0.00,VEHICLE,0,0,
-2176.8228,-70.2993,35.1657,89.2849,0.00,VEHICLE,0,0,
-2179.5168,-70.2650,35.1657,89.2853,0.00,VEHICLE,0,0,
-2182.1382,-70.2318,35.1656,89.2854,0.00,VEHICLE,0,0,
-2184.8562,-70.1975,35.1656,89.2853,0.00,VEHICLE,0,0,
-2187.3762,-70.1659,35.1656,89.2851,0.00,VEHICLE,0,0,
-2190.0056,-70.1330,35.1656,89.2847,0.00,VEHICLE,0,0,
-2193.0259,-70.0955,35.1657,89.2842,0.00,VEHICLE,0,0,
-2195.7476,-70.0618,35.1656,89.2839,0.00,VEHICLE,0,0,
-2198.5830,-70.0267,35.1654,89.2836,0.00,VEHICLE,0,0,
-2201.5447,-69.9900,35.1648,89.2834,0.00,VEHICLE,0,0,
-2204.2715,-69.9561,35.1635,89.2832,0.00,VEHICLE,0,0,
-2206.7427,-69.9253,35.1604,89.2829,0.00,VEHICLE,0,0,
-2209.4360,-69.8917,35.1555,89.2842,0.00,VEHICLE,0,0,
-2211.7751,-69.8623,35.1526,89.2890,0.00,VEHICLE,0,0,
-2213.9465,-69.8351,35.1519,89.2971,0.00,VEHICLE,0,0,
-2216.2014,-69.8070,35.1528,89.3101,0.00,VEHICLE,0,0,
-2218.2791,-69.7813,35.1537,89.3268,0.00,VEHICLE,0,0,
-2221.1431,-69.7467,35.1539,89.3579,0.00,VEHICLE,0,0,
-2224.2268,-69.7111,35.1536,89.4031,0.00,VEHICLE,0,0,
-2226.9778,-69.6829,35.1564,89.4118,0.00,VEHICLE,0,0,
-2229.5554,-69.6568,35.1621,89.4119,0.00,VEHICLE,0,0,
-2232.2612,-69.6295,35.1648,89.4117,0.00,VEHICLE,0,0,
-2235.2830,-69.5986,35.1677,89.4120,0.00,VEHICLE,0,0,
-2238.5964,-69.4403,35.1675,87.4678,0.00,VEHICLE,0,0,
-2241.9485,-68.8916,35.1624,80.7506,0.00,VEHICLE,0,0,
-2244.8953,-67.8673,35.1571,71.1409,0.00,VEHICLE,0,0,
-2247.0376,-66.6460,35.1551,61.3139,0.00,VEHICLE,0,0,
-2248.9473,-64.9423,35.1553,49.8288,0.00,VEHICLE,0,0,
-2250.4229,-62.9793,35.1597,38.3741,0.00,VEHICLE,0,0,
-2251.5085,-60.7351,35.1610,26.8922,0.00,VEHICLE,0,0,
-2252.4626,-58.1609,35.1628,19.0168,0.00,VEHICLE,0,0,
-2253.2981,-55.4414,35.1655,16.8355,0.00,VEHICLE,0,0,
-2254.1563,-52.4853,35.1665,16.5833,0.00,VEHICLE,0,0,
-2255.0720,-49.3777,35.1668,16.5415,0.00,VEHICLE,0,0,
-2255.9102,-46.1101,35.1660,14.4592,0.00,VEHICLE,0,0,
-2256.4526,-42.5307,35.1640,8.2336,0.00,VEHICLE,0,0,
-2256.7722,-38.9279,35.1627,4.2299,0.00,VEHICLE,0,0,
-2256.9858,-35.1893,35.1638,3.2525,0.00,VEHICLE,0,0,
-2257.0811,-33.1267,35.1647,3.1816,0.00,VEHICLE,0,0,
-2257.2607,-29.2619,35.1655,3.1621,0.00,VEHICLE,0,0,
-2257.4590,-25.4041,35.1653,3.1440,0.00,VEHICLE,0,0,
-2257.5730,-23.3532,35.1652,3.1303,0.00,VEHICLE,0,0,
-2257.7078,-21.0217,35.1650,3.1139,0.00,VEHICLE,0,0,
-2257.8267,-18.9958,35.1652,3.1037,0.00,VEHICLE,0,0,
-2257.9619,-16.6886,35.1654,3.0965,0.00,VEHICLE,0,0,
-2258.0620,-14.3540,35.1655,2.6057,0.00,VEHICLE,0,0,
-2258.0925,-12.0464,35.1653,1.1229,0.00,VEHICLE,0,0,
-2258.1062,-9.8592,35.1649,0.2011,0.00,VEHICLE,0,0,
-2258.1001,-7.5656,35.1645,359.7707,0.00,VEHICLE,0,0,
-2258.0820,-5.3553,35.1642,359.6246,0.00,VEHICLE,0,0,
-2258.0554,-2.9371,35.1644,359.5779,0.00,VEHICLE,0,0,
-2258.0291,-0.7818,35.1647,359.5687,0.00,VEHICLE,0,0,
-2258.0010,1.5139,35.1650,359.5677,0.00,VEHICLE,0,0,
-2257.9746,3.8426,35.1651,359.5667,0.00,VEHICLE,0,0,
-2257.9475,6.6010,35.1651,359.5618,0.00,VEHICLE,0,0,
-2257.9272,9.0270,35.1651,359.5550,0.00,VEHICLE,0,0,
-2257.9109,11.3053,35.1650,359.5480,0.00,VEHICLE,0,0,
-2257.8960,13.7212,35.1650,359.5406,0.00,VEHICLE,0,0,
-2257.8828,15.9398,35.1650,359.5357,0.00,VEHICLE,0,0,
-2257.8694,18.2243,35.1652,359.5311,0.00,VEHICLE,0,0,
-2257.8538,20.7158,35.1660,359.5305,0.00,VEHICLE,0,0,
-2257.8352,23.4150,35.1664,359.5320,0.00,VEHICLE,0,0,
-2257.7908,26.2911,35.1659,359.2350,0.00,VEHICLE,0,0,
-2257.6641,28.9810,35.1651,357.7885,0.00,VEHICLE,0,0,
-2257.5051,31.5406,35.1645,356.3382,0.00,VEHICLE,0,0,
-2257.3054,34.2367,35.1642,355.5617,0.00,VEHICLE,0,0,
-2257.0691,37.1075,35.1642,355.2513,0.00,VEHICLE,0,0,
-2256.8367,39.7936,35.1645,355.1632,0.00,VEHICLE,0,0,
-2256.5938,42.5485,35.1648,355.1398,0.00,VEHICLE,0,0,
-2256.3352,45.4672,35.1651,355.1360,0.00,VEHICLE,0,0,
-2256.0940,48.2010,35.1653,355.1351,0.00,VEHICLE,0,0,
-2255.8381,51.1350,35.1654,355.1319,0.00,VEHICLE,0,0,
-2255.5950,53.9606,35.1652,355.1265,0.00,VEHICLE,0,0,
-2255.3572,56.7593,35.1651,355.1198,0.00,VEHICLE,0,0,
-2255.1248,59.5173,35.1651,355.1133,0.00,VEHICLE,0,0,
-2254.8823,62.4070,35.1648,355.1077,0.00,VEHICLE,0,0,
-2254.5833,65.9780,35.1647,355.1030,0.00,VEHICLE,0,0,
-2254.3416,69.4286,35.1642,355.7590,0.00,VEHICLE,0,0,
-2254.1392,74.3527,35.1637,358.0612,0.00,VEHICLE,0,0,
-2254.0422,77.8385,35.1636,358.7873,0.00,VEHICLE,0,0,
-2253.9490,82.9315,35.1637,359.0735,0.00,VEHICLE,0,0,
-2253.9016,86.2133,35.1638,359.0999,0.00,VEHICLE,0,0,
-2253.8623,89.1421,35.1640,359.1011,0.00,VEHICLE,0,0,
-2253.7944,94.2313,35.1643,359.0956,0.00,VEHICLE,0,0,
-2253.7493,97.4666,35.1642,359.0953,0.00,VEHICLE,0,0,
-2253.6716,102.5966,35.1640,359.1015,0.00,VEHICLE,0,0,
-2253.6104,106.3635,35.1641,359.1089,0.00,VEHICLE,0,0,
-2253.5452,110.0693,35.1643,359.0791,0.00,VEHICLE,0,0,
-2253.4624,113.6815,35.1644,358.7865,0.00,VEHICLE,0,0,
-2253.3789,117.1348,35.1642,358.6155,0.00,VEHICLE,0,0,
-2253.2913,120.5998,35.1641,358.5475,0.00,VEHICLE,0,0,
-2253.2014,124.0985,35.1639,358.5229,0.00,VEHICLE,0,0,
-2253.1201,127.2544,35.1638,358.5151,0.00,VEHICLE,0,0,
-2253.0374,130.4603,35.1637,358.5119,0.00,VEHICLE,0,0,
-2252.9109,135.3598,35.1637,358.5099,0.00,VEHICLE,0,0,
-2252.8142,139.0990,35.1638,358.5095,0.00,VEHICLE,0,0,
-2252.6750,144.4717,35.1639,358.5098,0.00,VEHICLE,0,0,
-2252.5918,147.6628,35.1638,358.5103,0.00,VEHICLE,0,0,
-2252.4600,152.7055,35.1638,358.5112,0.00,VEHICLE,0,0,
-2252.3777,155.8526,35.1638,358.5115,0.00,VEHICLE,0,0,
-2252.2986,158.8896,35.1638,358.5117,0.00,VEHICLE,0,0,
-2252.2153,162.0855,35.1637,358.5117,0.00,VEHICLE,0,0,
-2252.1345,165.1979,35.1638,358.5115,0.00,VEHICLE,0,0,
-2252.0537,168.3089,35.1638,358.5112,0.00,VEHICLE,0,0,
-2251.9287,173.1217,35.1638,358.5107,0.00,VEHICLE,0,0,
-2251.8496,176.1667,35.1645,358.5105,0.00,VEHICLE,0,0,
-2251.7061,181.7040,35.1651,358.5104,0.00,VEHICLE,0,0,
-2251.5774,186.6500,35.1638,358.5106,0.00,VEHICLE,0,0,
-2251.4976,190.2454,35.1635,358.6848,0.00,VEHICLE,0,0,
-2251.4375,193.4874,35.1635,359.0115,0.00,VEHICLE,0,0,
-2251.3887,196.6034,35.1636,359.1664,0.00,VEHICLE,0,0,
-2251.3433,199.8504,35.1637,359.2327,0.00,VEHICLE,0,0,
-2251.2791,204.8253,35.1635,359.2561,0.00,VEHICLE,0,0,
-2251.2168,209.8817,35.1625,359.2572,0.00,VEHICLE,0,0,
-2251.1809,212.7971,35.1621,359.2563,0.00,VEHICLE,0,0,
-2251.1406,216.0309,35.1621,359.2554,0.00,VEHICLE,0,0,
-2251.1035,218.9302,35.1596,359.2539,0.00,VEHICLE,0,0,
-2251.0693,221.5587,35.1538,359.2590,0.00,VEHICLE,0,0,
-2251.0315,224.4393,35.1453,359.3275,0.00,VEHICLE,0,0,
-2251.0022,226.8154,35.1428,359.3880,0.00,VEHICLE,0,0,
-2250.9761,229.1487,35.1454,359.4038,0.00,VEHICLE,0,0,
-2250.9482,231.6987,35.1511,359.4081,0.00,VEHICLE,0,0,
-2250.9236,234.0189,35.1550,359.4087,0.00,VEHICLE,0,0,
-2250.8862,237.6482,35.1563,359.4077,0.00,VEHICLE,0,0,
-2250.8618,240.0639,35.1553,359.4068,0.00,VEHICLE,0,0,
-2250.8381,242.4326,35.1546,359.4058,0.00,VEHICLE,0,0,
-2250.8137,244.8724,35.1543,359.4051,0.00,VEHICLE,0,0,
-2250.7903,247.1811,35.1544,359.4048,0.00,VEHICLE,0,0,
-2250.7681,249.3600,35.1547,359.4051,0.00,VEHICLE,0,0,
-2250.7458,251.5104,35.1554,359.4056,0.00,VEHICLE,0,0,
-2250.7222,253.7955,35.1561,359.4061,0.00,VEHICLE,0,0,
-2250.6863,257.1978,35.1555,359.4069,0.00,VEHICLE,0,0,
-2250.6628,259.4255,35.1547,359.4073,0.00,VEHICLE,0,0,
-2250.6379,261.7908,35.1543,359.4075,0.00,VEHICLE,0,0,
-2250.6121,264.2760,35.1543,359.4074,0.00,VEHICLE,0,0,
-2250.6150,267.8424,35.1546,359.9995,0.00,VEHICLE,0,0,
-2250.6272,270.0852,35.1547,0.3539,0.00,VEHICLE,0,0,
-2250.6560,273.3189,35.1547,0.5453,0.00,VEHICLE,0,0,
-2250.6899,276.4913,35.1545,0.5825,0.00,VEHICLE,0,0,
-2250.7139,278.6254,35.1545,0.5869,0.00,VEHICLE,0,0,
-2250.7402,280.9775,35.1544,0.5876,0.00,VEHICLE,0,0,
-2250.7756,284.2224,35.1549,0.5883,0.00,VEHICLE,0,0,
-2250.8000,286.5674,35.1561,0.5897,0.00,VEHICLE,0,0,
-2250.8250,289.0270,35.1570,0.5916,0.00,VEHICLE,0,0,
-2250.8582,292.3961,35.1570,0.5936,0.00,VEHICLE,0,0,
-2250.8821,294.8419,35.1566,0.5945,0.00,VEHICLE,0,0,
-2250.9067,297.2765,35.1564,0.5947,0.00,VEHICLE,0,0,
-2250.9299,299.5566,35.1564,0.5943,0.00,VEHICLE,0,0,
-2250.9697,303.3689,35.1565,0.5929,0.00,VEHICLE,0,0,
-2250.9922,305.5031,35.1565,0.5921,0.00,VEHICLE,0,0,
-2251.0151,307.6718,35.1565,0.5915,0.00,VEHICLE,0,0,
-2251.0386,309.8990,35.1572,0.5912,0.00,VEHICLE,0,0,
-2251.0823,314.0695,35.1609,0.5911,0.00,VEHICLE,0,0,
-2251.1125,316.3891,35.1632,0.6707,0.00,VEHICLE,0,0,
-2251.2136,319.8482,35.1631,1.6362,0.00,VEHICLE,0,0,
-2251.2825,321.9541,35.1625,1.9500,0.00,VEHICLE,0,0,
-2251.3604,324.1191,35.1622,2.0875,0.00,VEHICLE,0,0,
-2251.5105,328.0756,35.1623,2.1483,0.00,VEHICLE,0,0,
-2251.6721,332.2327,35.0365,2.1583,0.00,VEHICLE,0,0,
-2251.7522,334.2995,34.8302,2.1623,0.00,VEHICLE,0,0,
-2251.8738,336.4090,34.5653,2.6752,0.00,VEHICLE,0,0,
-2252.1279,338.6556,34.2478,4.8210,0.00,VEHICLE,0,0,
-2252.4807,340.7220,33.9792,8.2818,0.00,VEHICLE,0,0,
-2252.9827,342.8558,33.7382,12.4527,0.00,VEHICLE,0,0,
-2253.4915,344.7859,33.5246,14.9967,0.00,VEHICLE,0,0,
-2254.6443,348.6299,33.0737,17.3896,0.00,VEHICLE,0,0,
-2255.3171,350.6694,32.9344,17.7740,0.00,VEHICLE,0,0,
-2255.9844,352.6642,32.8636,17.8842,0.00,VEHICLE,0,0,
-2256.7197,354.7609,32.9191,18.4340,0.00,VEHICLE,0,0,
-2257.5056,356.6805,33.0127,20.6059,0.00,VEHICLE,0,0,
-2259.2466,360.2580,33.1273,26.6400,0.00,VEHICLE,0,0,
-2261.1235,363.7531,33.1968,29.0025,0.00,VEHICLE,0,0,
-2262.2283,365.7307,33.2393,29.3193,0.00,VEHICLE,0,0,
-2263.2727,367.5759,33.2942,29.4034,0.00,VEHICLE,0,0,
-2264.4368,369.5143,33.3906,30.1679,0.00,VEHICLE,0,0,
-2265.7217,371.3798,33.5115,32.9921,0.00,VEHICLE,0,0,
-2268.2375,374.5047,33.7789,39.4734,0.00,VEHICLE,0,0,
-2269.5696,376.0375,33.9051,41.1770,0.00,VEHICLE,0,0,
-2270.9358,377.5596,34.0268,41.9569,0.00,VEHICLE,0,0,
-2273.6926,380.5639,34.2675,42.3357,0.00,VEHICLE,0,0,
-2275.0774,382.0600,34.3888,42.3901,0.00,VEHICLE,0,0,
-2276.5911,383.6226,34.4903,43.1602,0.00,VEHICLE,0,0,
-2279.3474,386.4191,34.6175,44.5990,0.00,VEHICLE,0,0,
-2280.8025,387.8831,34.6601,44.8404,0.00,VEHICLE,0,0,
-2282.3044,389.3909,34.7089,44.9388,0.00,VEHICLE,0,0,
-2283.7563,390.8472,34.7629,44.9752,0.00,VEHICLE,0,0,
-2285.2668,392.3620,34.8229,44.9893,0.00,VEHICLE,0,0,
-2286.8201,393.9210,34.8854,44.9685,0.00,VEHICLE,0,0,
-2288.3689,395.5215,34.9479,44.4632,0.00,VEHICLE,0,0,
-2289.8022,397.0182,34.9967,43.8356,0.00,VEHICLE,0,0,
-2291.2031,398.4916,35.0222,43.5026,0.00,VEHICLE,0,0,
-2292.7083,400.0825,35.0338,43.3492,0.00,VEHICLE,0,0,
-2294.1841,401.6474,35.0231,43.2922,0.00,VEHICLE,0,0,
-2295.6934,403.2511,35.0116,43.2729,0.00,VEHICLE,0,0,
-2297.2153,404.8701,35.0061,43.2677,0.00,VEHICLE,0,0,
-2298.7490,406.5028,35.0056,43.2673,0.00,VEHICLE,0,0,
-2301.3196,409.2396,35.0076,43.2686,0.00,VEHICLE,0,0,
-2303.0369,411.0665,35.0082,43.2687,0.00,VEHICLE,0,0,
-2305.5447,413.7321,35.0079,43.2670,0.00,VEHICLE,0,0,
-2307.1221,415.4075,35.0078,43.2654,0.00,VEHICLE,0,0,
-2309.7744,418.2543,35.0078,42.9778,0.00,VEHICLE,0,0,
-2311.3887,420.0723,35.0078,41.9064,0.00,VEHICLE,0,0,
-2313.0352,421.9428,35.0077,41.1743,0.00,VEHICLE,0,0,
-2314.6565,423.8092,35.0075,40.8546,0.00,VEHICLE,0,0,
-2316.1331,425.5219,35.0074,40.7486,0.00,VEHICLE,0,0,
-2317.6985,427.3449,34.9775,40.7107,0.00,VEHICLE,0,0,
-2319.3809,429.3082,34.9146,40.7028,0.00,VEHICLE,0,0,
-2320.9050,431.0875,34.8284,40.7045,0.00,VEHICLE,0,0,
-2322.4192,432.8536,34.7403,40.7073,0.00,VEHICLE,0,0,
-2323.8711,434.5451,34.6626,40.7078,0.00,VEHICLE,0,0,
-2325.2756,436.1793,34.5930,40.7063,0.00,VEHICLE,0,0,
-2326.7856,437.9339,34.5196,40.7039,0.00,VEHICLE,0,0,
-2328.2383,439.6201,34.4481,40.7019,0.00,VEHICLE,0,0,
-2329.7278,441.3483,34.3737,40.7003,0.00,VEHICLE,0,0,
-2331.2019,443.0583,34.2522,40.6959,0.00,VEHICLE,0,0,
-2332.6855,444.7799,34.0880,40.6908,0.00,VEHICLE,0,0,
-2334.3513,446.7141,33.8538,40.6908,0.00,VEHICLE,0,0,
-2335.9856,448.6122,33.6245,40.6930,0.00,VEHICLE,0,0,
-2337.5068,450.3799,33.4246,40.6944,0.00,VEHICLE,0,0,
-2339.1594,452.3009,33.2167,40.6959,0.00,VEHICLE,0,0,
-2340.6663,454.0529,33.0294,40.6990,0.00,VEHICLE,0,0,
-2342.3020,455.9595,32.8255,40.6609,0.00,VEHICLE,0,0,
-2343.9192,457.9068,32.5949,40.0274,0.00,VEHICLE,0,0,
-2345.3386,459.6404,32.3711,39.3273,0.00,VEHICLE,0,0,
-2346.7961,461.4394,32.1187,38.9092,0.00,VEHICLE,0,0,
-2349.2502,464.4991,31.6862,38.6496,0.00,VEHICLE,0,0,
-2350.7322,466.3563,31.4306,38.6126,0.00,VEHICLE,0,0,
-2352.2551,468.2997,31.1683,38.3169,0.00,VEHICLE,0,0,
-2353.7375,470.3198,30.9036,36.8862,0.00,VEHICLE,0,0,
-2355.0327,472.1384,30.6676,35.4772,0.00,VEHICLE,0,0,
-2356.2971,473.9525,30.5324,34.7198,0.00,VEHICLE,0,0,
-2357.5208,475.7348,30.4793,34.4111,0.00,VEHICLE,0,0,
-2358.7754,477.5766,30.5091,34.2670,0.00,VEHICLE,0,0,
-2360.0588,479.4709,30.5491,34.2020,0.00,VEHICLE,0,0,
-2361.4468,481.5527,30.5721,33.9726,0.00,VEHICLE,0,0,
-2362.7522,483.6682,30.5716,32.5169,0.00,VEHICLE,0,0,
-2363.8826,485.6838,30.5640,30.0302,0.00,VEHICLE,0,0,
-2364.8228,487.5716,30.5594,27.2328,0.00,VEHICLE,0,0,
-2365.6782,489.5502,30.5419,24.0099,0.00,VEHICLE,0,0,
-2366.4426,491.5160,30.4650,21.1300,0.00,VEHICLE,0,0,
-2367.1641,493.5037,30.3339,18.9800,0.00,VEHICLE,0,0,
-2367.8511,495.4564,30.1511,17.1771,0.00,VEHICLE,0,0,
-2368.4875,497.3953,29.9699,15.1277,0.00,VEHICLE,0,0,
-2369.4800,501.2396,29.6850,11.2540,0.00,VEHICLE,0,0,
-2370.1404,504.8318,29.4858,10.2806,0.00,VEHICLE,0,0,
-2370.5425,507.1650,29.3394,10.1489,0.00,VEHICLE,0,0,
-2370.9041,509.2905,29.1982,10.1304,0.00,VEHICLE,0,0,
-2371.2996,511.6043,29.0419,10.1361,0.00,VEHICLE,0,0,
-2371.6833,513.8056,28.8966,10.1752,0.00,VEHICLE,0,0,
-2372.1213,515.9285,28.7667,11.0339,0.00,VEHICLE,0,0,
-2372.6492,517.9733,28.6114,13.2657,0.00,VEHICLE,0,0,
-2373.2446,520.0289,28.4324,15.5584,0.00,VEHICLE,0,0,
-2373.8413,521.9738,28.2212,17.1244,0.00,VEHICLE,0,0,
-2374.4697,523.8991,27.9753,18.1440,0.00,VEHICLE,0,0,
-2375.1941,525.9928,27.6935,18.7831,0.00,VEHICLE,0,0,
-2375.8928,527.9413,27.4565,19.0125,0.00,VEHICLE,0,0,
-2376.5735,529.8395,27.2593,19.0737,0.00,VEHICLE,0,0,
-2377.2722,531.8035,27.0722,19.1061,0.00,VEHICLE,0,0,
-2377.9783,533.8292,26.8852,19.1800,0.00,VEHICLE,0,0,
-2378.6890,535.9185,26.6836,19.2409,0.00,VEHICLE,0,0,
-2379.3569,538.0181,26.4781,18.9089,0.00,VEHICLE,0,0,
-2379.9382,540.1317,26.2787,17.4386,0.00,VEHICLE,0,0,
-2380.9404,544.0685,25.9468,14.9515,0.00,VEHICLE,0,0,
-2381.9143,548.0174,25.5226,14.3382,0.00,VEHICLE,0,0,
-2382.3994,549.9691,25.2612,14.2707,0.00,VEHICLE,0,0,
-2382.9114,552.0196,24.9536,14.2243,0.00,VEHICLE,0,0,
-2383.4280,554.0104,24.7834,14.0809,0.00,VEHICLE,0,0,
-2383.9495,556.0088,24.6665,14.0123,0.00,VEHICLE,0,0,
-2384.4661,558.0061,24.6565,14.0221,0.00,VEHICLE,0,0,
-2385.4839,561.9564,24.7272,14.0564,0.00,VEHICLE,0,0,
-2386.0205,564.1310,24.7420,13.8359,0.00,VEHICLE,0,0,
-2386.4829,566.3201,24.7407,12.6094,0.00,VEHICLE,0,0,
-2386.8389,568.5559,24.7352,10.0483,0.00,VEHICLE,0,0,
-2387.3223,572.6458,24.7318,6.1651,0.00,VEHICLE,0,0,
-2387.5193,574.7263,24.7325,5.3696,0.00,VEHICLE,0,0,
-2387.6936,576.8212,24.7335,5.0494,0.00,VEHICLE,0,0,
-2387.8577,578.8694,24.7987,4.9680,0.00,VEHICLE,0,0,
-2388.1799,582.7965,25.1885,5.0155,0.00,VEHICLE,0,0,
-2388.3628,584.9172,25.5573,5.0418,0.00,VEHICLE,0,0,
-2388.7170,588.8888,26.3661,4.9873,0.00,VEHICLE,0,0,
-2388.8879,591.1674,26.8001,4.4023,0.00,VEHICLE,0,0,
-2388.9553,593.1855,27.1635,2.6490,0.00,VEHICLE,0,0,
-2388.9956,596.8784,27.8192,359.9711,0.00,VEHICLE,0,0,
-2388.9568,600.4919,28.4689,359.2892,0.00,VEHICLE,0,0,
-2388.8896,603.9577,29.0966,359.2128,0.00,VEHICLE,0,0,
-2388.8174,607.5129,29.7406,359.2103,0.00,VEHICLE,0,0,
-2388.7551,611.0879,30.3866,359.2025,0.00,VEHICLE,0,0,
-2388.7078,614.5850,31.0181,359.1866,0.00,VEHICLE,0,0,
-2388.6694,617.9977,31.6347,359.1725,0.00,VEHICLE,0,0,
-2388.6313,621.3671,32.2441,359.1662,0.00,VEHICLE,0,0,
-2388.5879,624.7010,32.8472,359.1682,0.00,VEHICLE,0,0,
-2388.5371,628.0782,33.4583,359.1743,0.00,VEHICLE,0,0,
-2388.4846,631.3610,34.0522,359.1790,0.00,VEHICLE,0,0,
-2388.4338,634.5372,34.6056,359.1823,0.00,VEHICLE,0,0,
-2388.3875,637.6157,34.9720,359.1910,0.00,VEHICLE,0,0,
-2388.3447,640.7488,35.0687,359.1920,0.00,VEHICLE,0,0,
-2388.3015,644.1737,35.0211,359.2080,0.00,VEHICLE,0,0,
-2388.2629,647.2509,35.0032,359.2098,0.00,VEHICLE,0,0,
-2388.2217,650.3403,35.0049,359.2103,0.00,VEHICLE,0,0,
-2388.1780,653.4550,35.0062,359.2132,0.00,VEHICLE,0,0,
-2388.1343,656.5383,35.0085,359.2155,0.00,VEHICLE,0,0,
-2388.0872,659.8763,35.0089,359.2160,0.00,VEHICLE,0,0,
-2388.0403,663.2559,35.0083,359.2148,0.00,VEHICLE,0,0,
-2387.9971,666.4375,35.0091,359.2135,0.00,VEHICLE,0,0,
-2387.9546,669.5989,35.0079,359.2127,0.00,VEHICLE,0,0,
-2387.9111,672.8106,35.0061,359.2122,0.00,VEHICLE,0,0,
-2387.8647,676.1956,35.0057,359.2124,0.00,VEHICLE,0,0,
-2387.8171,679.6447,35.0063,359.2126,0.00,VEHICLE,0,0,
-2387.7854,682.9701,35.0069,359.4153,0.00,VEHICLE,0,0,
-2387.8386,686.0167,35.0073,0.8459,0.00,VEHICLE,0,0,
-2387.9033,688.9550,35.0074,1.3070,0.00,VEHICLE,0,0,
-2387.9927,692.0568,35.0074,1.5151,0.00,VEHICLE,0,0,
-2388.3308,695.1149,35.0074,5.5663,0.00,VEHICLE,0,0,
-2389.0596,698.0077,35.0062,13.4442,0.00,VEHICLE,0,0,
-2390.0156,700.5728,35.0048,20.4996,0.00,VEHICLE,0,0,
-2391.1519,703.2013,35.0065,23.5919,0.00,VEHICLE,0,0,
-2392.2915,705.1375,35.0068,27.8978,0.00,VEHICLE,0,0,
-2394.1194,707.4158,35.0044,37.1881,0.00,VEHICLE,0,0,
-2396.1184,709.0616,35.0028,48.3214,0.00,VEHICLE,0,0,
-2398.1743,710.1144,35.0015,60.3796,0.00,VEHICLE,0,0,
-2400.3296,710.8159,35.0016,71.2522,0.00,VEHICLE,0,0,
-2402.6670,711.4447,35.0060,75.5239,0.00,VEHICLE,0,0,
-2405.0833,712.1919,35.0076,73.1870,0.00,VEHICLE,0,0,
-2407.2039,713.2415,35.0357,65.3529,0.00,VEHICLE,0,0,
-2409.2395,714.4042,35.0941,60.1824,0.00,VEHICLE,0,0,
-2411.3677,715.7021,35.1364,59.1290,0.00,VEHICLE,0,0,
-2413.5439,717.0851,35.1683,59.0275,0.00,VEHICLE,0,0,
-2415.7944,718.5070,35.1666,59.0354,0.00,VEHICLE,0,0,
-2418.1104,719.9222,35.1629,59.0038,0.00,VEHICLE,0,0,
-2420.4663,721.3147,35.1599,59.0097,0.00,VEHICLE,0,0,
-2423.0144,722.7979,35.0972,58.9585,0.00,VEHICLE,0,0,
-2425.6436,724.3196,35.0281,59.2221,0.00,VEHICLE,0,0,
-2428.4377,725.6272,34.9909,64.1030,0.00,VEHICLE,0,0,
-2431.3086,726.6439,35.0083,70.7403,0.00,VEHICLE,0,0,
-2434.1367,727.5510,35.0086,72.7354,0.00,VEHICLE,0,0,
-2437.1597,728.4565,35.0068,73.0975,0.00,VEHICLE,0,0,
-2440.1614,729.3342,35.0061,73.1208,0.00,VEHICLE,0,0,
-2443.0906,730.3480,35.0055,70.8929,0.00,VEHICLE,0,0,
-2445.9375,731.5090,35.0059,67.6660,0.00,VEHICLE,0,0,
-2448.7329,732.7094,35.0078,66.9943,0.00,VEHICLE,0,0,
-2451.7856,734.0435,35.0087,66.9101,0.00,VEHICLE,0,0,
-2454.8203,735.3689,35.0068,66.8315,0.00,VEHICLE,0,0,
-2457.6062,736.7977,35.0044,63.2919,0.00,VEHICLE,0,0,
-2459.7886,738.0376,34.9998,60.2549,0.00,VEHICLE,0,0,
-2461.9775,739.3212,35.0018,59.4715,0.00,VEHICLE,0,0,
-2464.3003,740.7095,35.0066,59.3526,0.00,VEHICLE,0,0,
-2466.4204,741.9837,35.0027,59.3498,0.00,VEHICLE,0,0,
-2468.3132,743.1131,35.0004,59.3535,0.00,VEHICLE,0,0,
-2470.1868,744.2196,35.0061,59.3447,0.00,VEHICLE,0,0,
-2472.8359,745.7780,35.0104,59.3352,0.00,VEHICLE,0,0,
-2475.6882,747.4371,35.0474,59.2920,0.00,VEHICLE,0,0,
-2477.7542,748.6458,35.1059,59.2666,0.00,VEHICLE,0,0,
-2480.0144,749.9810,35.1568,59.2556,0.00,VEHICLE,0,0,
-2482.0361,751.2222,35.1669,59.2899,0.00,VEHICLE,0,0,
-2484.6633,752.8741,35.1626,58.8612,0.00,VEHICLE,0,0,
-2486.5933,754.1100,35.1642,57.7423,0.00,VEHICLE,0,0,
-2488.4026,755.2503,35.1629,57.4756,0.00,VEHICLE,0,0,
-2490.2659,755.9233,35.7494,54.9009,0.00,VEHICLE,0,0,
-2491.8398,757.2460,35.1608,54.3767,0.00,VEHICLE,0,0,
-2493.6387,758.7313,35.1660,52.6059,0.00,VEHICLE,0,0,
-2495.5027,760.1462,35.1634,52.2074,0.00,VEHICLE,0,0,
-2497.0596,761.4561,35.1672,50.7293,0.00,VEHICLE,0,0,
-2498.4221,763.5867,35.1591,36.8127,0.00,VEHICLE,0,0,
-2499.2695,766.0179,35.1650,23.8586,0.00,VEHICLE,0,0,
-2500.2014,768.3027,35.1617,22.9965,0.00,VEHICLE,0,0,
-2500.7078,770.4477,35.1608,15.5115,0.00,VEHICLE,0,0,
-2500.4807,772.4719,35.1607,1.0328,0.00,VEHICLE,0,0,
-2499.5613,774.6449,35.1616,344.6672,0.00,VEHICLE,0,0,
-2497.7725,775.6899,35.1698,314.9209,0.00,VEHICLE,0,0,
-2495.8335,777.0187,35.1654,307.1938,0.00,VEHICLE,0,0,
-2494.0166,778.3786,35.1663,307.0988,0.00,VEHICLE,0,0,
-2491.8633,779.9949,35.1656,307.0941,0.00,VEHICLE,0,0,
-2490.0132,781.3975,35.1657,307.0861,0.00,VEHICLE,0,0,
-2487.8828,783.0145,35.1657,307.0839,0.00,VEHICLE,0,0,
-2485.5632,784.7684,35.1657,307.0875,0.00,VEHICLE,0,0,
-2483.8408,786.0684,35.1657,307.0900,0.00,VEHICLE,0,0,
-2482.0291,787.4358,35.1657,307.0908,0.00,VEHICLE,0,0,
-2480.2678,788.7664,35.1652,307.0903,0.00,VEHICLE,0,0,
-2478.4551,790.1370,35.1648,307.0891,0.00,VEHICLE,0,0,
-2476.4585,791.6476,35.1647,307.0879,0.00,VEHICLE,0,0,
-2474.2012,793.3477,35.1648,307.0132,0.00,VEHICLE,0,0,
-2471.8398,794.8713,35.1643,303.6603,0.00,VEHICLE,0,0,
-2469.5640,796.2358,35.1638,300.9848,0.00,VEHICLE,0,0,
-2467.1667,797.6351,35.1650,300.3946,0.00,VEHICLE,0,0,
-2464.7742,798.9990,35.1657,300.1069,0.00,VEHICLE,0,0,
-2462.3787,800.2335,35.1680,297.9971,0.00,VEHICLE,0,0,
-2459.9465,801.4760,35.1703,297.0309,0.00,VEHICLE,0,0,
-2457.5874,802.6758,35.1491,296.7749,0.00,VEHICLE,0,0,
-2455.0962,803.7623,35.1170,293.7342,0.00,VEHICLE,0,0,
-2452.7595,804.5065,35.0544,288.2956,0.00,VEHICLE,0,0,
-2450.4692,805.0590,35.0385,283.8509,0.00,VEHICLE,0,0,
-2448.1116,805.5547,35.0138,282.2407,0.00,VEHICLE,0,0,
-2445.7024,805.9999,35.0207,281.9825,0.00,VEHICLE,0,0,
-2443.1335,806.3696,35.0251,279.9333,0.00,VEHICLE,0,0,
-2440.6184,806.6586,35.0238,276.9116,0.00,VEHICLE,0,0,
-2438.0996,806.9531,35.0237,276.1683,0.00,VEHICLE,0,0,
-2435.1965,807.2836,35.0241,276.0313,0.00,VEHICLE,0,0,
-2432.1873,807.5192,35.0236,274.6788,0.00,VEHICLE,0,0,
-2429.3376,807.4670,35.0224,269.7910,0.00,VEHICLE,0,0,
-2426.3613,807.3167,35.0227,267.1544,0.00,VEHICLE,0,0,
-2423.5754,807.1327,35.0227,266.6504,0.00,VEHICLE,0,0,
-2420.7156,806.9403,35.0218,266.5868,0.00,VEHICLE,0,0,
-2417.8784,806.7625,35.0213,266.5761,0.00,VEHICLE,0,0,
-2415.2043,806.6077,35.0214,266.5648,0.00,VEHICLE,0,0,
-2412.5645,806.4609,35.0215,266.5533,0.00,VEHICLE,0,0,
-2409.9053,806.3108,35.0215,266.5475,0.00,VEHICLE,0,0,
-2407.1042,806.1453,35.0215,266.5492,0.00,VEHICLE,0,0,
-2404.5002,805.9848,35.0216,266.5551,0.00,VEHICLE,0,0,
-2402.0266,805.8300,35.0216,266.5604,0.00,VEHICLE,0,0,
-2399.4553,805.6636,35.0200,266.4709,0.00,VEHICLE,0,0,
-2396.9404,805.2957,35.0172,262.9629,0.00,VEHICLE,0,0,
-2394.3811,804.5048,35.0108,254.3207,0.00,VEHICLE,0,0,
-2392.3254,803.3643,35.0080,243.6348,0.00,VEHICLE,0,0,
-2390.7375,801.9236,35.0059,231.4139,0.00,VEHICLE,0,0,
-2389.2712,799.2964,35.0091,210.5058,0.00,VEHICLE,0,0,
-2388.5801,796.3694,35.0121,193.5735,0.00,VEHICLE,0,0,
-2388.1589,794.1446,35.0150,190.8409,0.00,VEHICLE,0,0,
-2387.7805,792.0281,35.0143,190.5358,0.00,VEHICLE,0,0,
-2387.4138,790.0574,35.0130,190.4871,0.00,VEHICLE,0,0,
-2387.0354,787.6710,35.0118,189.2968,0.00,VEHICLE,0,0,
-2386.8313,785.5220,35.0106,186.1191,0.00,VEHICLE,0,0,
-2386.6326,783.2736,35.0092,184.9749,0.00,VEHICLE,0,0,
-2386.4375,780.8330,35.0087,184.7520,0.00,VEHICLE,0,0,
-2386.2495,778.3783,35.0085,184.7249,0.00,VEHICLE,0,0,
-2386.0457,775.7436,35.0085,184.7226,0.00,VEHICLE,0,0,
-2385.8350,773.1224,35.0086,184.7166,0.00,VEHICLE,0,0,
-2385.5942,770.2358,35.0086,184.7065,0.00,VEHICLE,0,0,
-2385.4685,767.2135,35.0084,182.5876,0.00,VEHICLE,0,0,
-2385.4128,764.3876,35.0081,180.9368,0.00,VEHICLE,0,0,
-2385.3838,761.6348,35.0080,180.6029,0.00,VEHICLE,0,0,
-2385.3647,758.7435,35.0084,180.5512,0.00,VEHICLE,0,0,
-2385.3467,755.4782,35.0083,180.5484,0.00,VEHICLE,0,0,
-2385.3257,752.5076,35.0080,180.5471,0.00,VEHICLE,0,0,
-2385.2988,749.5386,35.0079,180.5420,0.00,VEHICLE,0,0,
-2385.2668,746.5255,35.0078,180.5358,0.00,VEHICLE,0,0,
-2385.2339,743.5225,35.0079,180.5317,0.00,VEHICLE,0,0,
-2385.2002,740.3402,35.0079,180.5307,0.00,VEHICLE,0,0,
-2385.1707,737.3116,35.0079,180.5323,0.00,VEHICLE,0,0,
-2385.1421,734.1569,35.0080,180.5347,0.00,VEHICLE,0,0,
-2385.1147,731.0716,35.0071,180.5367,0.00,VEHICLE,0,0,
-2385.0872,727.9041,35.0061,180.5381,0.00,VEHICLE,0,0,
-2385.0598,724.9236,35.0068,180.5375,0.00,VEHICLE,0,0,
-2385.0300,721.7477,35.0086,180.5363,0.00,VEHICLE,0,0,
-2385.0005,718.6443,35.0087,180.5352,0.00,VEHICLE,0,0,
-2384.9688,715.3329,35.0090,180.5345,0.00,VEHICLE,0,0,
-2384.9368,711.9633,35.0090,180.5345,0.00,VEHICLE,0,0,
-2384.9048,708.5146,35.0072,180.5349,0.00,VEHICLE,0,0,
-2384.8750,705.3267,35.0060,180.5353,0.00,VEHICLE,0,0,
-2384.8469,702.2582,35.0057,180.5358,0.00,VEHICLE,0,0,
-2384.8145,698.7607,35.0058,180.5359,0.00,VEHICLE,0,0,
-2384.7837,695.4929,35.0059,180.5358,0.00,VEHICLE,0,0,
-2384.7537,692.2944,35.0059,180.5356,0.00,VEHICLE,0,0,
-2384.7227,688.9854,35.0059,180.5354,0.00,VEHICLE,0,0,
-2384.6228,685.6520,35.0059,181.5340,0.00,VEHICLE,0,0,
-2384.2112,682.5186,35.0054,187.0157,0.00,VEHICLE,0,0,
-2383.6113,679.7463,35.0043,192.1883,0.00,VEHICLE,0,0,
-2382.7502,676.6212,35.0051,195.4316,0.00,VEHICLE,0,0,
-2381.7888,674.2458,35.0052,200.4050,0.00,VEHICLE,0,0,
-2380.2104,671.5032,35.0036,209.1272,0.00,VEHICLE,0,0,
-2378.5237,669.4515,35.0025,218.3046,0.00,VEHICLE,0,0,
-2376.4746,667.7160,35.0017,229.1220,0.00,VEHICLE,0,0,
-2374.3855,666.5528,35.0014,239.8287,0.00,VEHICLE,0,0,
-2372.0845,665.8391,35.0019,251.5453,0.00,VEHICLE,0,0,
-2369.8958,665.6290,35.0032,262.5276,0.00,VEHICLE,0,0,
-2367.7122,665.7059,35.0060,271.3926,0.00,VEHICLE,0,0,
-2365.5835,665.8701,35.0099,274.8348,0.00,VEHICLE,0,0,
-2363.3772,666.1124,35.0125,275.5985,0.00,VEHICLE,0,0,
-2361.2139,666.3469,35.0138,275.7020,0.00,VEHICLE,0,0,
-2358.2844,666.6456,35.0154,275.7410,0.00,VEHICLE,0,0,
-2355.4243,666.9293,35.2050,275.8428,0.00,VEHICLE,0,0,
-2352.4785,667.2314,35.6271,275.9307,0.00,VEHICLE,0,0,
-2349.5598,667.5399,36.2593,275.9765,0.00,VEHICLE,0,0,
-2346.7336,667.8419,36.8929,275.9719,0.00,VEHICLE,0,0,
-2343.7820,668.1555,37.5228,275.9820,0.00,VEHICLE,0,0,
-2341.3354,668.3943,38.0428,275.7437,0.00,VEHICLE,0,0,
-2338.1973,668.4991,38.7070,272.2761,0.00,VEHICLE,0,0,
-2335.2358,668.5501,39.2982,270.9530,0.00,VEHICLE,0,0,
-2332.2102,668.5791,39.8711,270.7623,0.00,VEHICLE,0,0,
-2329.1602,668.6057,40.4520,270.7430,0.00,VEHICLE,0,0,
-2326.1265,668.6392,41.0354,270.7351,0.00,VEHICLE,0,0,
-2323.0818,668.6807,41.6199,270.7259,0.00,VEHICLE,0,0,
-2320.0596,668.7255,42.1975,270.7202,0.00,VEHICLE,0,0,
-2316.9785,668.7696,42.7685,270.7195,0.00,VEHICLE,0,0,
-2313.9854,668.8083,43.3072,270.7242,0.00,VEHICLE,0,0,
-2310.9553,668.8444,43.8518,270.7302,0.00,VEHICLE,0,0,
-2307.9082,668.8799,44.4026,270.7337,0.00,VEHICLE,0,0,
-2304.5571,668.9206,45.0082,270.7341,0.00,VEHICLE,0,0,
-2301.4250,668.9609,45.5739,270.7328,0.00,VEHICLE,0,0,
-2298.3386,669.0020,46.1302,270.7312,0.00,VEHICLE,0,0,
-2295.0234,668.9848,46.7256,269.8153,0.00,VEHICLE,0,0,
-2292.0701,668.7779,47.2599,266.4008,0.00,VEHICLE,0,0,
-2289.1982,668.5532,47.7804,265.5320,0.00,VEHICLE,0,0,
-2285.9585,668.2132,48.3634,264.4789,0.00,VEHICLE,0,0,
-2283.1677,667.5765,48.8543,258.3602,0.00,VEHICLE,0,0,
-2280.7786,666.7939,49.1523,252.5881,0.00,VEHICLE,0,0,
-2278.3259,665.9636,49.2959,250.9761,0.00,VEHICLE,0,0,
-2275.5967,664.8946,49.3172,249.0032,0.00,VEHICLE,0,0,
-2273.5884,663.8547,49.2876,244.2148,0.00,VEHICLE,0,0,
-2271.3267,662.1975,49.2812,235.0235,0.00,VEHICLE,0,0,
-2269.4241,659.9969,49.2799,221.9787,0.00,VEHICLE,0,0,
-2268.2080,657.4714,49.2838,207.4933,0.00,VEHICLE,0,0,
-2267.2532,654.7324,49.2875,199.0506,0.00,VEHICLE,0,0,
-2266.6406,652.7473,49.2898,197.9939,0.00,VEHICLE,0,0,
-2265.9854,650.6464,49.2898,197.8275,0.00,VEHICLE,0,0,
-2265.2612,648.1757,49.2902,196.7924,0.00,VEHICLE,0,0,
-2264.7925,645.7813,49.2905,192.1366,0.00,VEHICLE,0,0,
-2264.5383,643.5181,49.2884,187.2408,0.00,VEHICLE,0,0,
-2264.3081,641.0857,49.2828,185.4502,0.00,VEHICLE,0,0,
-2264.0979,638.5320,49.1928,185.1174,0.00,VEHICLE,0,0,
-2263.8892,635.8528,48.9383,185.1039,0.00,VEHICLE,0,0,
-2263.6711,633.0830,48.3352,185.2192,0.00,VEHICLE,0,0,
-2263.4404,630.2492,47.6086,185.3824,0.00,VEHICLE,0,0,
-2263.1689,627.3903,46.8663,185.4305,0.00,VEHICLE,0,0,
-2262.8315,624.0298,46.0434,185.4080,0.00,VEHICLE,0,0,
-2262.5198,620.9286,45.2777,185.3854,0.00,VEHICLE,0,0,
-2262.2312,617.9661,44.5444,185.3815,0.00,VEHICLE,0,0,
-2261.9404,614.8792,43.7801,185.3850,0.00,VEHICLE,0,0,
-2261.6682,611.9246,43.0485,185.3886,0.00,VEHICLE,0,0,
-2261.3816,608.7866,42.2718,185.3895,0.00,VEHICLE,0,0,
-2261.0930,605.6533,41.4969,185.3868,0.00,VEHICLE,0,0,
-2260.7852,602.3499,40.6801,185.3800,0.00,VEHICLE,0,0,
-2260.4578,598.8793,39.8219,185.3700,0.00,VEHICLE,0,0,
-2260.1069,595.2929,38.9347,185.5217,0.00,VEHICLE,0,0,
-2259.6060,591.7968,38.0694,188.0714,0.00,VEHICLE,0,0,
-2258.7959,588.3035,37.2041,193.4193,0.00,VEHICLE,0,0,
-2257.6575,584.9474,36.3722,199.6223,0.00,VEHICLE,0,0,
-2256.2590,581.8779,35.6142,205.8665,0.00,VEHICLE,0,0,
-2254.3843,578.7640,35.1256,212.1464,0.00,VEHICLE,0,0,
-2252.0583,575.8378,34.9101,218.4706,0.00,VEHICLE,0,0,
-2249.4014,573.2874,34.9730,225.3593,0.00,VEHICLE,0,0,
-2246.4097,571.0826,35.0073,233.1909,0.00,VEHICLE,0,0,
-2243.1746,569.3068,35.0073,241.8290,0.00,VEHICLE,0,0,
-2239.8557,568.0538,35.0045,250.5459,0.00,VEHICLE,0,0,
-2236.1758,567.2295,35.0035,259.5874,0.00,VEHICLE,0,0,
-2232.6123,566.7559,35.0044,264.7623,0.00,VEHICLE,0,0,
-2230.5625,566.5901,35.0057,266.1856,0.00,VEHICLE,0,0,
-2227.1938,566.4236,35.0074,267.0525,0.00,VEHICLE,0,0,
-2223.7200,566.2823,35.0080,267.1318,0.00,VEHICLE,0,0,
-2220.1614,566.1249,35.0080,267.1438,0.00,VEHICLE,0,0,
-2216.4917,565.9440,35.0080,267.1620,0.00,VEHICLE,0,0,
-2212.9756,565.7587,35.0082,267.1799,0.00,VEHICLE,0,0,
-2209.3955,565.5673,35.0084,267.1906,0.00,VEHICLE,0,0,
-2205.8289,565.3817,35.0084,267.1915,0.00,VEHICLE,0,0,
-2202.2974,565.2057,35.0083,267.1857,0.00,VEHICLE,0,0,
-2198.6687,565.0312,35.0083,267.1775,0.00,VEHICLE,0,0,
-2195.0002,564.8570,35.0083,267.1717,0.00,VEHICLE,0,0,
-2191.6006,564.6943,35.0083,267.1702,0.00,VEHICLE,0,0,
-2188.0603,564.5217,35.0082,267.1719,0.00,VEHICLE,0,0,
-2184.5874,564.3494,35.0083,267.1750,0.00,VEHICLE,0,0,
-2180.7207,564.1614,35.0079,267.2581,0.00,VEHICLE,0,0,
-2177.1711,564.0004,35.0068,267.4684,0.00,VEHICLE,0,0,
-2173.7720,563.8514,35.0062,267.5237,0.00,VEHICLE,0,0,
-2170.3806,563.7057,35.0074,267.5323,0.00,VEHICLE,0,0,
-2166.7170,563.5500,35.0091,267.5320,0.00,VEHICLE,0,0,
-2163.1948,563.4004,35.0098,267.5315,0.00,VEHICLE,0,0,
-2159.4749,563.2415,35.0096,267.5319,0.00,VEHICLE,0,0,
-2155.7185,563.0798,35.0092,267.5330,0.00,VEHICLE,0,0,
-2152.0098,562.9194,35.0091,267.5341,0.00,VEHICLE,0,0,
-2149.9983,562.8322,35.0091,267.5346,0.00,VEHICLE,0,0,
-2147.9963,562.7455,35.0091,267.5349,0.00,VEHICLE,0,0,
-2144.0227,562.5910,35.0087,267.7832,0.00,VEHICLE,0,0,
-2141.6743,562.5785,35.0083,269.0573,0.00,VEHICLE,0,0,
-2139.4211,562.5902,35.0079,270.3715,0.00,VEHICLE,0,0,
-2137.3071,562.6242,35.0078,271.0456,0.00,VEHICLE,0,0,
-2133.4226,562.7191,35.0076,271.4533,0.00,VEHICLE,0,0,
-2129.6116,562.8278,35.0078,271.5099,0.00,VEHICLE,0,0,
-2125.7744,562.9402,35.0080,271.5142,0.00,VEHICLE,0,0,
-2122.0195,563.0472,35.0081,271.5158,0.00,VEHICLE,0,0,
-2118.0847,563.1537,35.0090,271.5212,0.00,VEHICLE,0,0,
-2116.0012,563.2081,35.0091,271.5243,0.00,VEHICLE,0,0,
-2113.9958,563.2595,35.0089,271.5272,0.00,VEHICLE,0,0,
-2111.9834,563.3107,35.0086,271.5297,0.00,VEHICLE,0,0,
-2109.9797,563.3615,35.0084,271.5316,0.00,VEHICLE,0,0,
-2106.2395,563.4577,35.0082,271.5327,0.00,VEHICLE,0,0,
-2102.3782,563.5595,35.0081,271.5314,0.00,VEHICLE,0,0,
-2098.5762,563.6618,35.0081,271.5291,0.00,VEHICLE,0,0,
-2096.5283,563.7174,35.0081,271.5278,0.00,VEHICLE,0,0,
-2092.6523,563.8230,35.0081,271.5262,0.00,VEHICLE,0,0,
-2088.8489,563.9260,35.0081,271.5259,0.00,VEHICLE,0,0,
-2085.0603,564.0274,35.0081,271.5266,0.00,VEHICLE,0,0,
-2080.9534,564.1363,35.0081,271.5279,0.00,VEHICLE,0,0,
-2077.2761,564.2334,35.0081,271.5287,0.00,VEHICLE,0,0,
-2073.4236,564.3353,35.0081,271.5290,0.00,VEHICLE,0,0,
-2069.5544,564.4382,35.0081,271.5288,0.00,VEHICLE,0,0,
-2067.2827,564.4988,35.0081,271.5285,0.00,VEHICLE,0,0,
-2065.2659,564.5528,35.0081,271.5282,0.00,VEHICLE,0,0,
-2061.6528,564.6494,35.0081,271.5278,0.00,VEHICLE,0,0,
-2057.9429,564.7487,35.0081,271.5276,0.00,VEHICLE,0,0,
-2054.0862,564.8518,35.0081,271.5276,0.00,VEHICLE,0,0,
-2052.0767,564.9054,35.0081,271.5277,0.00,VEHICLE,0,0,
-2050.0369,564.9676,35.0081,271.6275,0.00,VEHICLE,0,0,
-2047.9608,565.0809,35.0082,272.4929,0.00,VEHICLE,0,0,
-2045.8610,565.2744,35.0081,274.4468,0.00,VEHICLE,0,0,
-2042.1415,565.6786,35.0075,276.6268,0.00,VEHICLE,0,0,
-2039.1038,566.0568,35.0068,277.1783,0.00,VEHICLE,0,0,
-2036.5870,566.3862,35.0064,277.3292,0.00,VEHICLE,0,0,
-2034.0457,566.7257,35.0062,277.3743,0.00,VEHICLE,0,0,
-2031.3307,567.0896,35.0063,277.3819,0.00,VEHICLE,0,0,
-2027.5273,567.6132,35.0068,277.6427,0.00,VEHICLE,0,0,
-2025.0212,567.9673,35.0077,278.0299,0.00,VEHICLE,0,0,
-2022.3342,568.3490,35.0085,278.2190,0.00,VEHICLE,0,0,
-2019.9044,568.6962,35.0088,278.2807,0.00,VEHICLE,0,0,
-2016.2047,569.2280,35.0083,278.3065,0.00,VEHICLE,0,0,
-2013.6335,569.6003,35.0082,278.3085,0.00,VEHICLE,0,0,
-2011.1635,569.9604,35.0081,278.3059,0.00,VEHICLE,0,0,
-2007.5382,570.4921,35.0081,278.2998,0.00,VEHICLE,0,0,
-2005.0469,570.8586,35.0079,278.2961,0.00,VEHICLE,0,0,
-2002.3229,571.2594,35.0079,278.2935,0.00,VEHICLE,0,0,
-1999.7239,571.6409,35.0079,278.2927,0.00,VEHICLE,0,0,
-1997.1937,572.0110,35.0072,278.2931,0.00,VEHICLE,0,0,
-1994.6309,572.3844,35.0518,278.2949,0.00,VEHICLE,0,0,
-1992.1002,572.7604,35.1237,278.2936,0.00,VEHICLE,0,0,
-1989.8790,573.0880,35.1842,278.2849,0.00,VEHICLE,0,0,
-1986.2478,573.6181,35.2555,278.2878,0.00,VEHICLE,0,0,
-1983.7646,573.9772,35.3032,278.2902,0.00,VEHICLE,0,0,
-1981.4836,574.3008,35.2865,278.3223,0.00,VEHICLE,0,0,
-1977.8558,574.7381,35.2112,277.2802,0.00,VEHICLE,0,0,
-1975.5112,574.9400,35.1398,275.5701,0.00,VEHICLE,0,0,
-1973.1263,575.1438,35.1358,274.6218,0.00,VEHICLE,0,0,
-1970.9037,575.3147,35.1547,274.2754,0.00,VEHICLE,0,0,
-1967.6910,575.5482,35.1673,274.1505,0.00,VEHICLE,0,0,
-1965.3278,575.7162,35.1667,274.1338,0.00,VEHICLE,0,0,
-1963.2427,575.8638,35.1649,274.1313,0.00,VEHICLE,0,0,
-1961.0077,576.0222,35.1640,274.1313,0.00,VEHICLE,0,0,
-1958.8665,576.1746,35.1640,274.1310,0.00,VEHICLE,0,0,
-1956.7544,576.3259,35.1641,274.1299,0.00,VEHICLE,0,0,
-1954.3269,576.4578,35.1643,273.5265,0.00,VEHICLE,0,0,
-1952.0054,576.4682,35.1642,271.2513,0.00,VEHICLE,0,0,
-1949.9209,576.3818,35.1637,268.4099,0.00,VEHICLE,0,0,
-1947.7734,576.2505,35.1631,266.2673,0.00,VEHICLE,0,0,
-1945.4418,576.0649,35.1627,265.1135,0.00,VEHICLE,0,0,
-1943.3611,575.8699,35.1625,264.6838,0.00,VEHICLE,0,0,
-1941.3324,575.6661,35.1624,264.5271,0.00,VEHICLE,0,0,
-1939.1588,575.4412,35.1623,264.4784,0.00,VEHICLE,0,0,
-1937.1165,575.2289,35.1623,264.4709,0.00,VEHICLE,0,0,
-1935.0791,575.0195,35.1623,264.4717,0.00,VEHICLE,0,0,
-1932.9219,574.8026,35.1621,264.4714,0.00,VEHICLE,0,0,
-1930.7563,574.5904,35.1620,264.4673,0.00,VEHICLE,0,0,
-1928.5883,574.3830,35.1621,264.4600,0.00,VEHICLE,0,0,
-1926.5649,574.1927,35.1622,264.4519,0.00,VEHICLE,0,0,
-1924.4836,573.9947,35.1780,264.4447,0.00,VEHICLE,0,0,
-1921.0100,573.5742,35.2168,263.1320,0.00,VEHICLE,0,0,
-1917.2623,573.0133,35.2159,261.0392,0.00,VEHICLE,0,0,
-1915.2467,572.6858,35.1840,260.6555,0.00,VEHICLE,0,0,
-1911.5000,572.0495,35.1223,260.4731,0.00,VEHICLE,0,0,
-1908.5238,571.5276,35.0816,260.3637,0.00,VEHICLE,0,0,
-1906.4365,571.0711,35.0589,258.9792,0.00,VEHICLE,0,0,
-1904.4985,570.5377,35.0481,256.1054,0.00,VEHICLE,0,0,
-1902.6042,569.8909,35.0388,252.3091,0.00,VEHICLE,0,0,
-1899.8472,568.7373,35.0073,246.9617,0.00,VEHICLE,0,0,
-1897.6427,567.6179,34.9778,242.4504,0.00,VEHICLE,0,0,
-1895.6768,566.4209,34.9538,237.8361,0.00,VEHICLE,0,0,
-1893.6903,565.0653,34.9167,234.9594,0.00,VEHICLE,0,0,
-1891.9004,563.7284,34.8597,234.0451,0.00,VEHICLE,0,0,
-1890.0255,562.3000,34.7575,233.8979,0.00,VEHICLE,0,0,
-1888.2567,560.9648,34.6554,233.8741,0.00,VEHICLE,0,0,
-1886.3774,559.5702,34.5469,233.8549,0.00,VEHICLE,0,0,
-1884.3688,558.1077,34.4648,233.8388,0.00,VEHICLE,0,0,
-1882.4120,556.7004,34.4056,233.8137,0.00,VEHICLE,0,0,
-1880.4609,555.3032,34.3901,233.8033,0.00,VEHICLE,0,0,
-1878.4310,553.8449,34.3786,233.8002,0.00,VEHICLE,0,0,
-1876.2284,552.2192,34.3569,233.4213,0.00,VEHICLE,0,0,
-1874.2717,550.6713,34.3308,231.9347,0.00,VEHICLE,0,0,
-1872.1586,548.9717,34.3007,231.2680,0.00,VEHICLE,0,0,
-1870.1326,547.3241,34.2706,231.1158,0.00,VEHICLE,0,0,
-1867.9963,545.5823,34.2389,231.0828,0.00,VEHICLE,0,0,
-1865.9447,543.9122,34.2081,231.0767,0.00,VEHICLE,0,0,
-1863.8350,542.2010,34.1828,231.0730,0.00,VEHICLE,0,0,
-1861.7045,540.4795,34.1666,231.0683,0.00,VEHICLE,0,0,
-1859.6072,538.7888,34.1570,231.0636,0.00,VEHICLE,0,0,
-1857.4592,537.0590,34.1466,231.0598,0.00,VEHICLE,0,0,
-1855.3395,535.3513,34.1278,231.0580,0.00,VEHICLE,0,0,
-1852.8934,533.4554,34.0477,231.9869,0.00,VEHICLE,0,0,
-1850.5103,531.7324,33.9185,233.9939,0.00,VEHICLE,0,0,
-1847.9384,529.9146,33.7691,234.8997,0.00,VEHICLE,0,0,
-1845.6490,528.3193,33.6448,235.1085,0.00,VEHICLE,0,0,
-1843.2698,526.6694,33.4614,235.1602,0.00,VEHICLE,0,0,
-1840.4478,524.6946,33.1802,234.9468,0.00,VEHICLE,0,0,
-1837.5118,522.3948,32.8436,231.7959,0.00,VEHICLE,0,0,
-1835.0991,520.1821,32.5596,227.4422,0.00,VEHICLE,0,0,
-1833.7010,518.7654,32.3402,224.7949,0.00,VEHICLE,0,0,
-1831.4790,516.3804,31.8535,222.1863,0.00,VEHICLE,0,0,
-1829.0055,513.6146,31.1389,220.3206,0.00,VEHICLE,0,0,
-1827.5273,511.8447,30.6822,219.3271,0.00,VEHICLE,0,0,
-1826.0492,509.9253,30.2246,218.2716,0.00,VEHICLE,0,0,
-1824.1451,507.1401,29.5715,214.9788,0.00,VEHICLE,0,0,
-1822.9253,505.0913,29.0934,211.7093,0.00,VEHICLE,0,0,
-1821.4646,502.1974,28.4350,206.8199,0.00,VEHICLE,0,0,
-1820.6823,500.2678,28.0540,202.9263,0.00,VEHICLE,0,0,
-1819.5121,496.5191,27.4197,195.9406,0.00,VEHICLE,0,0,
-1818.9940,494.5135,27.0731,193.8957,0.00,VEHICLE,0,0,
-1818.1422,490.7155,26.3648,191.8032,0.00,VEHICLE,0,0,
-1817.7432,488.5921,25.9575,191.2419,0.00,VEHICLE,0,0,
-1817.4146,486.6078,25.5542,190.6000,0.00,VEHICLE,0,0,
-1817.1354,484.4500,25.0927,189.0669,0.00,VEHICLE,0,0,
-1816.9508,482.4708,24.6576,186.9947,0.00,VEHICLE,0,0,
-1816.8495,480.4564,24.2124,184.3338,0.00,VEHICLE,0,0,
-1816.8553,478.2436,23.7186,180.9544,0.00,VEHICLE,0,0,
-1816.9877,476.2051,23.2695,177.4358,0.00,VEHICLE,0,0,
-1817.2314,474.2466,22.8418,173.7219,0.00,VEHICLE,0,0,
-1818.0326,470.5158,22.0045,166.2040,0.00,VEHICLE,0,0,
-1818.5966,468.5455,21.5568,162.9563,0.00,VEHICLE,0,0,
-1819.8174,464.9616,20.7818,159.5530,0.00,VEHICLE,0,0,
-1821.2021,461.4391,20.1001,158.4400,0.00,VEHICLE,0,0,
-1821.9667,459.5670,19.7669,158.3130,0.00,VEHICLE,0,0,
-1822.8561,457.4166,19.3896,158.2084,0.00,VEHICLE,0,0,
-1823.7557,455.3252,19.0497,157.6730,0.00,VEHICLE,0,0,
-1824.6567,453.4197,18.7924,156.0909,0.00,VEHICLE,0,0,
-1825.6440,451.6000,18.5757,153.1475,0.00,VEHICLE,0,0,
-1826.7195,449.8870,18.4103,149.3150,0.00,VEHICLE,0,0,
-1827.9031,448.2719,18.2533,144.9764,0.00,VEHICLE,0,0,
-1830.4771,445.0992,17.9134,139.1602,0.00,VEHICLE,0,0,
-1833.0605,442.2195,17.6127,136.8822,0.00,VEHICLE,0,0,
-1835.8481,439.3165,17.3614,136.2066,0.00,VEHICLE,0,0,
-1838.6833,436.4189,17.1286,136.1250,0.00,VEHICLE,0,0,
-1840.1039,434.9314,17.0258,136.5394,0.00,VEHICLE,0,0,
-1842.4606,431.9470,16.9428,142.2102,0.00,VEHICLE,0,0,
-1844.1594,428.9587,16.9796,152.0710,0.00,VEHICLE,0,0,
-1845.1479,426.2861,17.0049,160.6283,0.00,VEHICLE,0,0,
-1845.6230,423.8495,17.0040,168.5041,0.00,VEHICLE,0,0,
-1845.6631,421.3034,17.0128,177.6528,0.00,VEHICLE,0,0,
-1845.5699,418.9047,17.0393,182.1710,0.00,VEHICLE,0,0,
-1845.4353,416.6090,17.0682,183.2169,0.00,VEHICLE,0,0,
-1845.2490,413.9711,17.0497,183.6926,0.00,VEHICLE,0,0,
-1844.8976,411.4049,17.0245,186.6282,0.00,VEHICLE,0,0,
-1844.3252,408.9919,17.0019,191.6182,0.00,VEHICLE,0,0,
-1843.4915,406.6963,17.0033,197.9192,0.00,VEHICLE,0,0,
-1842.3383,404.4539,17.0052,205.4905,0.00,VEHICLE,0,0,
-1841.0000,402.5262,17.0050,213.1536,0.00,VEHICLE,0,0,
-1839.4677,400.6240,17.0052,219.0451,0.00,VEHICLE,0,0,
-1837.6986,398.5898,17.0069,221.3146,0.00,VEHICLE,0,0,
-1835.9911,396.7035,17.0080,221.6782,0.00,VEHICLE,0,0,
-1834.3206,394.8549,17.0083,221.7293,0.00,VEHICLE,0,0,
-1832.5492,392.8809,17.0084,221.7452,0.00,VEHICLE,0,0,
-1830.7633,390.8774,17.0082,221.7565,0.00,VEHICLE,0,0,
-1829.0031,388.8929,17.0104,221.7526,0.00,VEHICLE,0,0,
-1827.1870,386.8422,17.0126,221.7538,0.00,VEHICLE,0,0,
-1825.1838,384.5847,17.0112,221.7519,0.00,VEHICLE,0,0,
-1823.0430,382.3175,17.0094,223.1352,0.00,VEHICLE,0,0,
-1820.9135,380.3198,17.0085,226.5396,0.00,VEHICLE,0,0,
-1818.7229,378.3432,17.0076,227.9500,0.00,VEHICLE,0,0,
-1816.5020,376.3767,17.0075,228.2414,0.00,VEHICLE,0,0,
-1814.2524,374.3923,17.0078,228.2886,0.00,VEHICLE,0,0,
-1811.9578,372.3627,17.0080,228.2976,0.00,VEHICLE,0,0,
-1809.6117,370.2776,17.0080,228.3045,0.00,VEHICLE,0,0,
-1807.1224,368.0453,17.0080,228.2036,0.00,VEHICLE,0,0,
-1804.7257,365.7575,17.0108,226.5876,0.00,VEHICLE,0,0,
-1802.4651,363.5534,17.0137,225.7802,0.00,VEHICLE,0,0,
-1800.2140,361.3386,17.0153,225.6037,0.00,VEHICLE,0,0,
-1797.8220,358.9811,17.0160,225.5666,0.00,VEHICLE,0,0,
-1795.4484,356.6470,16.9684,225.5537,0.00,VEHICLE,0,0,
-1793.0983,354.3437,16.8002,225.5567,0.00,VEHICLE,0,0,
-1790.5768,351.8797,16.4956,225.5922,0.00,VEHICLE,0,0,
-1788.0873,349.4456,16.0397,225.6613,0.00,VEHICLE,0,0,
-1785.7753,347.1721,15.3520,225.8332,0.00,VEHICLE,0,0,
-1783.4706,344.9200,14.4217,226.1573,0.00,VEHICLE,0,0,
-1780.9515,342.4935,13.2106,226.7754,0.00,VEHICLE,0,0,
-1778.3463,340.0643,11.9606,226.9775,0.00,VEHICLE,0,0,
-1775.6105,337.5297,10.7536,226.9302,0.00,VEHICLE,0,0,
-1772.8754,334.9732,9.7945,226.7615,0.00,VEHICLE,0,0,
-1770.1284,332.2647,8.9585,225.2646,0.00,VEHICLE,0,0,
-1767.5675,329.6718,8.3215,224.5520,0.00,VEHICLE,0,0,
-1765.0652,327.1076,7.8219,224.3907,0.00,VEHICLE,0,0,
-1762.5070,324.4776,7.3882,224.3676,0.00,VEHICLE,0,0,
-1759.9144,321.8139,7.0587,224.3607,0.00,VEHICLE,0,0,
-1757.1934,319.0196,6.9320,224.3154,0.00,VEHICLE,0,0,
-1754.6080,316.1953,6.9857,222.4569,0.00,VEHICLE,0,0,
-1752.3909,313.5961,7.0158,220.1659,0.00,VEHICLE,0,0,
-1750.0142,310.7210,7.0223,219.3498,0.00,VEHICLE,0,0,
-1747.8221,308.0275,7.0220,219.1896,0.00,VEHICLE,0,0,
-1745.5054,305.1505,7.0216,219.0261,0.00,VEHICLE,0,0,
-1743.3118,302.2047,7.0215,216.8631,0.00,VEHICLE,0,0,
-1741.5280,299.2894,7.0517,211.5525,0.00,VEHICLE,0,0,
-1740.1130,296.2076,7.1151,204.4951,0.00,VEHICLE,0,0,
-1738.7734,292.8777,7.1689,201.5115,0.00,VEHICLE,0,0,
-1737.5441,289.4820,7.1805,200.2254,0.00,VEHICLE,0,0,
-1736.5579,285.8817,7.1784,195.6630,0.00,VEHICLE,0,0,
-1735.9851,282.2529,7.1766,188.8349,0.00,VEHICLE,0,0,
-1735.8915,278.8813,7.1756,181.3062,0.00,VEHICLE,0,0,
-1736.2141,275.7479,7.1746,173.4141,0.00,VEHICLE,0,0,
-1737.0087,272.5738,7.1740,164.5939,0.00,VEHICLE,0,0,
-1738.3041,269.4891,7.1739,155.5564,0.00,VEHICLE,0,0,
-1739.6925,266.8368,7.1712,150.8666,0.00,VEHICLE,0,0,
-1741.0311,264.5741,7.1403,149.4414,0.00,VEHICLE,0,0,
-1742.4296,262.2852,7.0875,149.1565,0.00,VEHICLE,0,0,
-1743.8942,259.8717,7.0131,149.1087,0.00,VEHICLE,0,0,
-1744.9635,258.0913,6.9628,149.0889,0.00,VEHICLE,0,0,
-1746.5918,255.3566,6.8908,149.0673,0.00,VEHICLE,0,0,
-1748.2699,252.5236,6.8159,149.0520,0.00,VEHICLE,0,0,
-1749.9199,249.7436,6.7411,149.0480,0.00,VEHICLE,0,0,
-1751.7936,246.5230,6.6539,149.6566,0.00,VEHICLE,0,0,
-1753.3860,243.2599,6.5677,154.0862,0.00,VEHICLE,0,0,
-1754.6302,240.1608,6.4867,158.5066,0.00,VEHICLE,0,0,
-1755.7650,237.0950,6.4080,159.8946,0.00,VEHICLE,0,0,
-1756.9476,233.7593,6.3243,160.1760,0.00,VEHICLE,0,0,
-1758.0293,230.6824,6.2471,160.1979,0.00,VEHICLE,0,0,
-1759.1479,227.5278,6.1672,160.1972,0.00,VEHICLE,0,0,
-1760.4115,223.9991,5.9526,160.2642,0.00,VEHICLE,0,0,
-1761.6299,220.6050,5.3535,160.3913,0.00,VEHICLE,0,0,
-1762.7192,217.1080,4.5715,162.6182,0.00,VEHICLE,0,0,
-1763.3544,213.9716,4.0353,168.5678,0.00,VEHICLE,0,0,
-1763.5576,210.8741,3.7612,176.0071,0.00,VEHICLE,0,0,
-1763.3613,207.8692,3.6103,183.8085,0.00,VEHICLE,0,0,
-1762.6982,204.8279,3.6282,191.5304,0.00,VEHICLE,0,0,
-1761.9144,202.0632,3.6368,195.9775,0.00,VEHICLE,0,0,
-1761.2200,199.8221,3.6242,198.2217,0.00,VEHICLE,0,0,
-1760.5564,197.8545,3.6091,199.7114,0.00,VEHICLE,0,0,
-1759.8715,195.9521,3.5995,200.0550,0.00,VEHICLE,0,0,
-1759.1697,193.9852,3.5927,200.0935,0.00,VEHICLE,0,0,
-1758.3656,191.7361,3.5934,200.1329,0.00,VEHICLE,0,0,
-1757.5919,189.6246,3.6084,200.1849,0.00,VEHICLE,0,0,
-1756.7358,187.3708,3.6121,200.1072,0.00,VEHICLE,0,0,
-1755.8275,184.7169,3.6169,198.4890,0.00,VEHICLE,0,0,
-1755.1952,182.0824,3.5804,194.0866,0.00,VEHICLE,0,0,
-1754.6238,179.4621,3.5662,193.0949,0.00,VEHICLE,0,0,
-1754.2234,177.4816,3.5415,192.9058,0.00,VEHICLE,0,0,
-1753.9465,175.4434,3.5442,190.4877,0.00,VEHICLE,0,0,
-1753.8521,173.2402,3.5469,185.0816,0.00,VEHICLE,0,0,
-1753.9791,170.2824,3.5465,178.2694,0.00,VEHICLE,0,0,
-1754.1431,167.2860,3.5469,176.8594,0.00,VEHICLE,0,0,
-1754.2743,165.0863,3.5474,176.7212,0.00,VEHICLE,0,0,
-1754.3782,162.6921,3.5478,177.3305,0.00,VEHICLE,0,0,
-1754.3608,160.4246,3.5475,179.8020,0.00,VEHICLE,0,0,
-1754.3300,158.1220,3.5473,180.7959,0.00,VEHICLE,0,0,
-1754.2826,155.7110,3.5472,181.0296,0.00,VEHICLE,0,0,
-1754.2299,153.3590,3.5475,181.0718,0.00,VEHICLE,0,0,
-1754.1750,150.9566,3.5477,181.0781,0.00,VEHICLE,0,0,
-1754.1200,148.4165,3.5475,181.0799,0.00,VEHICLE,0,0,
-1754.0673,145.7819,3.5472,181.0831,0.00,VEHICLE,0,0,
-1754.0205,143.2516,3.5471,181.0871,0.00,VEHICLE,0,0,
-1753.9722,140.5341,3.5471,181.0911,0.00,VEHICLE,0,0,
-1753.9050,137.6591,3.5472,181.3310,0.00,VEHICLE,0,0,
-1753.7113,134.7067,3.5470,183.5369,0.00,VEHICLE,0,0,
-1753.4871,131.8374,3.5467,184.5574,0.00,VEHICLE,0,0,
-1753.2446,128.9759,3.5466,184.7800,0.00,VEHICLE,0,0,
-1753.0032,126.2031,3.5468,184.8168,0.00,VEHICLE,0,0,
-1752.7549,123.3580,3.5470,184.8218,0.00,VEHICLE,0,0,
-1752.5117,120.2472,3.5471,184.4507,0.00,VEHICLE,0,0,
-1752.4272,117.0621,3.5468,181.7329,0.00,VEHICLE,0,0,
-1752.4054,114.1663,3.5465,180.3545,0.00,VEHICLE,0,0,
-1752.4113,111.0519,3.5466,179.9980,0.00,VEHICLE,0,0,
-1752.4264,107.9872,3.5470,179.9411,0.00,VEHICLE,0,0,
-1752.4415,104.8899,3.5481,179.9306,0.00,VEHICLE,0,0,
-1752.4521,101.8485,3.5480,179.9267,0.00,VEHICLE,0,0,
-1752.4574,98.7182,3.5474,179.9216,0.00,VEHICLE,0,0,
-1752.4587,95.5573,3.5471,179.9162,0.00,VEHICLE,0,0,
-1752.4587,92.2638,3.5470,179.9119,0.00,VEHICLE,0,0,
-1752.4596,88.8846,3.5470,179.9104,0.00,VEHICLE,0,0,
-1752.4626,85.6950,3.5470,179.9112,0.00,VEHICLE,0,0,
-1752.4678,82.4152,3.5471,179.9132,0.00,VEHICLE,0,0,
-1752.4740,79.3077,3.5471,179.9152,0.00,VEHICLE,0,0,
-1752.4810,75.9844,3.5471,179.9166,0.00,VEHICLE,0,0,
-1752.4878,72.5087,3.5471,179.9171,0.00,VEHICLE,0,0,
-1752.4933,69.1051,3.5471,179.9167,0.00,VEHICLE,0,0,
-1752.4982,65.6440,3.5470,179.9158,0.00,VEHICLE,0,0,
-1752.5027,62.2487,3.5469,179.9149,0.00,VEHICLE,0,0,
-1752.5072,58.7352,3.5469,179.9144,0.00,VEHICLE,0,0,
-1752.5120,55.1784,3.5469,179.9143,0.00,VEHICLE,0,0,
-1752.5171,51.6924,3.5469,179.9146,0.00,VEHICLE,0,0,
-1752.5225,48.1603,3.5469,179.9149,0.00,VEHICLE,0,0,
-1752.5281,44.5130,3.5469,179.9153,0.00,VEHICLE,0,0,
-1752.5338,40.8401,3.5469,179.9155,0.00,VEHICLE,0,0,
-1752.5370,38.7676,3.5469,179.9155,0.00,VEHICLE,0,0,
-1752.5400,36.7083,3.5469,179.9154,0.00,VEHICLE,0,0,
-1752.5461,32.6092,3.5469,179.9152,0.00,VEHICLE,0,0,
-1752.5492,30.4738,3.5469,179.9151,0.00,VEHICLE,0,0,
-1752.5552,26.3211,3.5465,179.9150,0.00,VEHICLE,0,0,
-1752.5583,24.1372,3.5459,179.9149,0.00,VEHICLE,0,0,
-1752.5652,19.5770,3.5449,179.9149,0.00,VEHICLE,0,0,
-1752.5688,17.0637,3.5449,179.9149,0.00,VEHICLE,0,0,
-1752.5728,14.4696,3.5450,179.9150,0.00,VEHICLE,0,0,
-1752.5768,11.7797,3.5452,179.9151,0.00,VEHICLE,0,0,
-1752.5804,9.3375,3.5453,179.9151,0.00,VEHICLE,0,0,
-1752.5854,5.9817,3.5416,179.9152,0.00,VEHICLE,0,0,
-1752.5886,3.8509,3.5364,179.9147,0.00,VEHICLE,0,0,
-1752.5917,1.8078,3.5337,179.9135,0.00,VEHICLE,0,0,
-1752.5950,-0.3807,3.5348,179.9112,0.00,VEHICLE,0,0,
-1752.6000,-3.6532,3.5384,179.9086,0.00,VEHICLE,0,0,
-1752.6042,-6.3613,3.5441,179.9084,0.00,VEHICLE,0,0,
-1752.6078,-8.5461,3.5406,179.9084,0.00,VEHICLE,0,0,
-1752.6122,-11.2503,3.5421,179.9085,0.00,VEHICLE,0,0,
-1752.6155,-13.2628,3.5454,179.9085,0.00,VEHICLE,0,0,
-1752.5593,-15.3920,3.5455,180.8434,0.00,VEHICLE,0,0,
-1752.1932,-17.3974,3.5443,186.9448,0.00,VEHICLE,0,0,
-1751.2844,-19.9479,3.5425,198.0165,0.00,VEHICLE,0,0,
-1750.3239,-22.4756,3.5456,199.9687,0.00,VEHICLE,0,0,
-1748.9941,-24.9760,3.5445,206.3528,0.00,VEHICLE,0,0,
-1747.5708,-26.7388,3.5434,216.1657,0.00,VEHICLE,0,0,
-1746.0256,-28.5661,3.5456,218.9368,0.00,VEHICLE,0,0,
-1744.2423,-29.7394,3.5428,230.7935,0.00,VEHICLE,0,0,
-1741.7881,-30.5169,3.5440,247.6859,0.00,VEHICLE,0,0,
-1739.6792,-31.2310,3.5486,250.0075,0.00,VEHICLE,0,0,
-1737.1252,-31.8064,3.5544,255.3929,0.00,VEHICLE,0,0,
-1734.6244,-31.9638,3.5473,264.5373,0.00,VEHICLE,0,0,
-1731.8618,-32.0762,3.5664,267.0820,0.00,VEHICLE,0,0,
-1728.7296,-32.2023,3.5462,267.3554,0.00,VEHICLE,0,0,
-1726.2656,-32.1693,3.5483,269.8250,0.00,VEHICLE,0,0,
-1724.0869,-31.8713,3.5469,275.8392,0.00,VEHICLE,0,0,
-1721.9614,-31.4612,3.5454,280.2128,0.00,VEHICLE,0,0,
-1719.7047,-30.9841,3.5460,281.5120,0.00,VEHICLE,0,0,
-1717.4176,-30.2689,3.5453,285.1305,0.00,VEHICLE,0,0,
-1715.5518,-29.4630,3.5440,290.7297,0.00,VEHICLE,0,0,
-1713.6819,-28.6332,3.5619,293.0126,0.00,VEHICLE,0,0,
-1711.6393,-27.7104,3.5567,293.5802,0.00,VEHICLE,0,0,
-1709.7059,-26.5906,3.5803,297.5900,0.00,VEHICLE,0,0,
-1707.7858,-25.2852,3.5593,303.1004,0.00,VEHICLE,0,0,
-1705.9885,-24.0333,3.5492,305.1982,0.00,VEHICLE,0,0,
-1703.9167,-22.5606,3.5466,305.6746,0.00,VEHICLE,0,0,
-1701.8904,-21.0981,3.5469,305.7296,0.00,VEHICLE,0,0,
-1699.9760,-19.7071,3.5474,305.7275,0.00,VEHICLE,0,0,
-1697.9408,-18.2288,3.5477,305.7236,0.00,VEHICLE,0,0,
-1695.7888,-16.6729,3.5475,305.7263,0.00,VEHICLE,0,0,
-1693.4597,-14.9216,3.5576,306.5958,0.00,VEHICLE,0,0,
-1691.2987,-13.1116,3.5534,309.6276,0.00,VEHICLE,0,0,
-1688.9711,-11.1187,3.5574,310.7012,0.00,VEHICLE,0,0,
-1686.7928,-9.2317,3.5488,310.8609,0.00,VEHICLE,0,0,
-1684.5856,-7.3163,3.5468,310.8846,0.00,VEHICLE,0,0,
-1682.2635,-5.3024,3.5471,310.8885,0.00,VEHICLE,0,0,
-1679.8812,-3.2386,3.5471,310.8904,0.00,VEHICLE,0,0,
-1677.5149,-1.1905,3.5470,310.8924,0.00,VEHICLE,0,0,
-1674.6340,1.3018,3.5471,310.8941,0.00,VEHICLE,0,0,
-1671.9796,3.5919,3.5440,310.5711,0.00,VEHICLE,0,0,
-1669.9148,5.3531,3.5423,310.1654,0.00,VEHICLE,0,0,
-1668.3259,6.6962,3.5453,310.1192,0.00,VEHICLE,0,0,
-1666.2490,8.4453,3.5479,310.1129,0.00,VEHICLE,0,0,
-1664.0745,10.2720,3.5479,310.1177,0.00,VEHICLE,0,0,
-1662.3776,11.7407,3.5473,310.5887,0.00,VEHICLE,0,0,
-1660.4010,13.4746,3.5474,311.3696,0.00,VEHICLE,0,0,
-1658.6965,14.9828,3.5483,311.6374,0.00,VEHICLE,0,0,
-1657.1616,16.3502,3.5481,311.7205,0.00,VEHICLE,0,0,
-1654.6646,18.5838,3.5470,311.7465,0.00,VEHICLE,0,0,
-1653.1541,19.9376,3.5468,311.7460,0.00,VEHICLE,0,0,
-1650.5371,22.2824,3.5469,311.7439,0.00,VEHICLE,0,0,
-1647.8787,24.6599,3.5470,311.7451,0.00,VEHICLE,0,0,
-1645.4390,26.8371,3.5470,311.7483,0.00,VEHICLE,0,0,
-1642.7621,29.2226,3.5471,311.7520,0.00,VEHICLE,0,0,
-1640.0964,31.6719,3.5472,312.5999,0.00,VEHICLE,0,0,
-1637.7358,33.8687,3.5471,313.0331,0.00,VEHICLE,0,0,
-1635.3710,36.0834,3.5470,313.1346,0.00,VEHICLE,0,0,
-1632.9683,38.3406,3.5469,313.1531,0.00,VEHICLE,0,0,
-1630.5239,40.6386,3.5470,313.1544,0.00,VEHICLE,0,0,
-1627.8091,43.1899,3.5470,313.1541,0.00,VEHICLE,0,0,
-1625.2930,45.5514,3.5470,313.1552,0.00,VEHICLE,0,0,
-1622.6932,47.9884,3.5470,313.1575,0.00,VEHICLE,0,0,
-1619.7178,50.8054,3.5469,313.4686,0.00,VEHICLE,0,0,
-1617.0518,53.4839,3.5468,315.2517,0.00,VEHICLE,0,0,
-1614.4954,56.1176,3.5467,316.0313,0.00,VEHICLE,0,0,
-1612.0150,58.7049,3.5466,316.1867,0.00,VEHICLE,0,0,
-1609.5787,61.2565,3.5467,316.2107,0.00,VEHICLE,0,0,
-1607.1061,63.8477,3.5468,316.2122,0.00,VEHICLE,0,0,
-1604.4086,66.6705,3.5469,316.2128,0.00,VEHICLE,0,0,
-1601.6653,69.5225,3.5469,316.0950,0.00,VEHICLE,0,0,
-1598.9551,72.2351,3.5468,315.0145,0.00,VEHICLE,0,0,
-1597.3987,73.7719,3.5468,314.6272,0.00,VEHICLE,0,0,
-1595.9670,75.1757,3.5467,314.4650,0.00,VEHICLE,0,0,
-1593.3221,77.7588,3.5467,314.3740,0.00,VEHICLE,0,0,
-1590.5634,80.4487,3.5468,314.3586,0.00,VEHICLE,0,0,
-1587.8888,83.0577,3.5469,314.3564,0.00,VEHICLE,0,0,
-1585.1553,85.7275,3.5469,314.3546,0.00,VEHICLE,0,0,
-1583.3092,87.5326,3.5469,314.3527,0.00,VEHICLE,0,0,
-1581.1085,89.6861,3.5470,314.3498,0.00,VEHICLE,0,0,
-1578.7290,92.0151,3.5476,314.3462,0.00,VEHICLE,0,0,
-1576.5371,94.1602,3.5487,314.3453,0.00,VEHICLE,0,0,
-1574.1423,96.5028,3.5482,314.3456,0.00,VEHICLE,0,0,
-1571.7819,98.8105,3.5468,314.3470,0.00,VEHICLE,0,0,
-1569.4285,101.1707,3.5461,314.9334,0.00,VEHICLE,0,0,
-1567.2312,103.4053,3.5455,315.6819,0.00,VEHICLE,0,0,
-1565.0474,105.6555,3.5451,316.0358,0.00,VEHICLE,0,0,
-1562.9951,107.7886,3.5451,316.1608,0.00,VEHICLE,0,0,
-1560.9766,109.8955,3.5452,316.1973,0.00,VEHICLE,0,0,
-1559.0289,111.9330,3.5423,316.2072,0.00,VEHICLE,0,0,
-1557.2887,113.7544,3.5485,316.1701,0.00,VEHICLE,0,0,
-1555.5332,115.5908,3.5472,316.1109,0.00,VEHICLE,0,0,
-1554.0070,117.1830,3.5379,316.0913,0.00,VEHICLE,0,0,
-1551.9861,119.2851,3.5343,316.1154,0.00,VEHICLE,0,0,
-1550.2528,121.0843,3.5365,316.2432,0.00,VEHICLE,0,0,
-1548.4624,122.9483,3.5400,316.5091,0.00,VEHICLE,0,0,
-1547.0786,124.3933,3.5399,316.8654,0.00,VEHICLE,0,0,
-1547.0786,124.3933,3.5399,316.8654,0.00,VEHICLE,0,0,
