route,xh10.csv,-2645.9802,1365.8042,6.9356,175.6982,0.00,VEHICLE,0,0,
-2645.9802,1365.8042,6.9356,175.6982,0.00,VEHICLE,0,0,
-2646.2058,1363.5684,6.9359,200.3305,0.00,VEHICLE,0,0,
-2645.4468,1361.5392,6.9336,237.2332,0.00,VEHICLE,0,0,
-2643.6284,1360.5688,6.9233,274.4869,0.00,VEHICLE,0,0,
-2641.5669,1361.0853,6.9166,288.0932,0.00,VEHICLE,0,0,
-2639.5918,1361.7396,6.9071,290.2371,0.00,VEHICLE,0,0,
-2637.5374,1362.5360,6.8982,294.5925,0.00,VEHICLE,0,0,
-2635.4792,1363.5167,6.8892,295.6904,0.00,VEHICLE,0,0,
-2633.4756,1364.3964,6.8797,299.4104,0.00,VEHICLE,0,0,
-2631.3096,1365.5757,6.8693,318.3366,0.00,VEHICLE,0,0,
-2630.0535,1367.2004,6.8615,327.6819,0.00,VEHICLE,0,0,
-2629.0530,1368.9919,6.8618,329.8040,0.00,VEHICLE,0,0,
-2627.5513,1371.1383,6.8527,340.8029,0.00,VEHICLE,0,0,
-2626.5256,1373.2747,6.8655,7.0431,0.00,VEHICLE,0,0,
-2626.9866,1375.3225,6.8841,24.6008,0.00,VEHICLE,0,0,
-2628.2043,1377.4318,6.9011,28.6421,0.00,VEHICLE,0,0,
-2629.2837,1379.4844,6.9186,29.4639,0.00,VEHICLE,0,0,
-2630.4988,1381.6130,6.9367,31.5955,0.00,VEHICLE,0,0,
-2631.6865,1383.4966,6.9530,32.0767,0.00,VEHICLE,0,0,
-2632.7368,1385.4442,6.9367,37.8279,0.00,VEHICLE,0,0,
-2634.1963,1387.3654,6.8972,64.0269,0.00,VEHICLE,0,0,
-2636.4426,1388.1128,6.8911,79.7486,0.00,VEHICLE,0,0,
-2638.9409,1388.3770,6.8765,83.1355,0.00,VEHICLE,0,0,
-2641.0742,1388.6210,6.8750,83.5552,0.00,VEHICLE,0,0,
-2643.6377,1389.0776,6.8696,92.8095,0.00,VEHICLE,0,0,
-2645.9919,1388.8198,6.8695,103.7668,0.00,VEHICLE,0,0,
-2648.3333,1388.1337,6.8858,106.2561,0.00,VEHICLE,0,0,
-2650.8477,1387.4553,6.8983,112.5297,0.00,VEHICLE,0,0,
-2652.8079,1386.5941,6.9196,118.1885,0.00,VEHICLE,0,0,
-2654.7627,1385.4976,6.9427,120.0032,0.00,VEHICLE,0,0,
-2656.8179,1384.2554,6.9566,120.3995,0.00,VEHICLE,0,0,
-2658.8594,1382.9617,6.9506,114.6210,0.00,VEHICLE,0,0,
-2661.1799,1382.0073,6.9394,107.7800,0.00,VEHICLE,0,0,
-2663.3464,1381.3845,6.9331,105.5582,0.00,VEHICLE,0,0,
-2665.3630,1380.8641,6.9337,105.0626,0.00,VEHICLE,0,0,
-2667.2708,1380.2394,6.9264,100.4916,0.00,VEHICLE,0,0,
-2669.5623,1379.8644,6.9157,91.5542,0.00,VEHICLE,0,0,
-2671.9482,1379.8668,6.9051,88.1531,0.00,VEHICLE,0,0,
-2674.4368,1380.0077,6.8966,87.2956,0.00,VEHICLE,0,0,
-2676.8010,1380.1370,6.8874,87.1025,0.00,VEHICLE,0,0,
-2679.6096,1380.1965,6.8747,80.1924,0.00,VEHICLE,0,0,
-2681.8596,1380.6663,6.8658,72.4054,0.00,VEHICLE,0,0,
-2684.3335,1381.5803,6.8599,69.2694,0.00,VEHICLE,0,0,
-2686.5991,1382.4012,6.8619,60.8134,0.00,VEHICLE,0,0,
-2688.6362,1383.6840,6.8621,51.3183,0.00,VEHICLE,0,0,
-2690.2156,1385.0172,6.8591,49.2822,0.00,VEHICLE,0,0,
-2691.8816,1386.3667,6.8631,44.1810,0.00,VEHICLE,0,0,
-2693.6497,1387.9594,6.8650,18.3553,0.00,VEHICLE,0,0,
-2694.0005,1390.2981,6.8677,355.4541,0.00,VEHICLE,0,0,
-2693.5938,1392.8077,6.8658,351.6999,0.00,VEHICLE,0,0,
-2693.2429,1395.3195,6.8666,351.3410,0.00,VEHICLE,0,0,
-2692.9429,1397.3843,6.8663,351.2851,0.00,VEHICLE,0,0,
-2692.5269,1399.7178,6.8658,356.7001,0.00,VEHICLE,0,0,
-2692.4546,1401.9789,6.8659,1.9190,0.00,VEHICLE,0,0,
-2692.5811,1404.3246,6.8658,3.5186,0.00,VEHICLE,0,0,
-2692.7751,1406.8762,6.8661,3.8978,0.00,VEHICLE,0,0,
-2692.9575,1409.4995,6.8661,3.9710,0.00,VEHICLE,0,0,
-2693.1260,1412.0826,6.8652,3.9934,0.00,VEHICLE,0,0,
-2693.2822,1414.3613,6.8629,4.0174,0.00,VEHICLE,0,0,
-2693.4321,1416.4192,6.8637,4.0228,0.00,VEHICLE,0,0,
-2693.6047,1418.8381,6.8640,4.0140,0.00,VEHICLE,0,0,
-2693.7515,1420.9591,6.8640,4.0143,0.00,VEHICLE,0,0,
-2693.9102,1423.1874,6.8639,4.0139,0.00,VEHICLE,0,0,
-2694.0569,1425.3014,6.8662,3.9953,0.00,VEHICLE,0,0,
-2694.2932,1427.3281,6.8634,355.6506,0.00,VEHICLE,0,0,
-2693.9937,1429.3534,6.8674,344.0862,0.00,VEHICLE,0,0,
-2693.3562,1431.2689,6.8678,321.2943,0.00,VEHICLE,0,0,
-2692.2402,1432.9882,6.8649,299.1971,0.00,VEHICLE,0,0,
-2690.2842,1433.7920,6.8663,269.6362,0.00,VEHICLE,0,0,
-2688.3123,1433.3768,6.8666,245.1169,0.00,VEHICLE,0,0,
-2686.3481,1432.4241,6.8659,247.1870,0.00,VEHICLE,0,0,
-2684.3442,1431.4028,6.8627,275.0870,0.00,VEHICLE,0,0,
-2682.2095,1431.9344,6.8597,299.6056,0.00,VEHICLE,0,0,
-2680.4812,1433.1023,6.8654,304.0850,0.00,VEHICLE,0,0,
-2678.7639,1434.2893,6.8665,304.7443,0.00,VEHICLE,0,0,
-2676.8955,1435.6295,6.8662,303.2230,0.00,VEHICLE,0,0,
-2674.9067,1436.8536,6.8665,295.8295,0.00,VEHICLE,0,0,
-2672.8103,1437.8174,6.8658,293.1093,0.00,VEHICLE,0,0,
-2670.6948,1438.6798,6.8661,292.3595,0.00,VEHICLE,0,0,
-2668.7185,1439.4792,6.8662,292.1234,0.00,VEHICLE,0,0,
-2666.3914,1440.4418,6.8662,287.5957,0.00,VEHICLE,0,0,
-2663.6843,1441.2345,6.8659,283.9310,0.00,VEHICLE,0,0,
-2660.7781,1441.9072,6.8661,282.8849,0.00,VEHICLE,0,0,
-2657.8115,1442.5599,6.8661,282.6628,0.00,VEHICLE,0,0,
-2655.5620,1443.1191,6.8659,280.9233,0.00,VEHICLE,0,0,
-2652.6963,1443.6788,6.8663,269.9559,0.00,VEHICLE,0,0,
-2650.4822,1443.6277,6.8720,264.3425,0.00,VEHICLE,0,0,
-2648.4053,1443.3644,6.8808,261.6412,0.00,VEHICLE,0,0,
-2646.3438,1442.9967,6.8836,260.4212,0.00,VEHICLE,0,0,
-2643.3608,1442.4235,6.8749,259.9137,0.00,VEHICLE,0,0,
-2640.5837,1441.9647,6.8693,259.0950,0.00,VEHICLE,0,0,
-2637.5793,1441.6824,6.8666,247.6015,0.00,VEHICLE,0,0,
-2634.6248,1440.7405,6.8667,231.0143,0.00,VEHICLE,0,0,
-2632.4656,1439.0762,6.8811,217.0449,0.00,VEHICLE,0,0,
-2631.1328,1437.2094,6.8843,205.1921,0.00,VEHICLE,0,0,
-2630.2910,1435.0004,6.8634,194.9485,0.00,VEHICLE,0,0,
-2629.8523,1432.5962,6.8603,189.0746,0.00,VEHICLE,0,0,
-2629.6514,1430.1929,6.8633,192.9337,0.00,VEHICLE,0,0,
-2629.4075,1428.1940,6.8605,212.6229,0.00,VEHICLE,0,0,
-2627.8901,1426.8842,6.8472,288.3866,0.00,VEHICLE,0,0,
-2625.8408,1427.8335,6.8586,295.9753,0.00,VEHICLE,0,0,
-2623.8105,1428.9788,6.8593,272.9860,0.00,VEHICLE,0,0,
-2621.6943,1428.6051,6.8599,240.7653,0.00,VEHICLE,0,0,
-2619.6936,1427.4407,6.8638,236.8184,0.00,VEHICLE,0,0,
-2617.9543,1426.2289,6.8662,215.9774,0.00,VEHICLE,0,0,
-2616.8936,1424.4954,6.8812,212.4528,0.00,VEHICLE,0,0,
-2615.6924,1422.8518,6.8981,203.2052,0.00,VEHICLE,0,0,
-2614.9692,1420.5873,6.9056,192.1839,0.00,VEHICLE,0,0,
-2614.5898,1418.5518,6.9043,190.7676,0.00,VEHICLE,0,0,
-2614.1460,1416.2024,6.9029,190.3880,0.00,VEHICLE,0,0,
-2613.5098,1413.7670,6.9072,180.4298,0.00,VEHICLE,0,0,
-2613.6270,1411.4226,6.9087,168.5917,0.00,VEHICLE,0,0,
-2614.3381,1408.7677,6.9021,163.4148,0.00,VEHICLE,0,0,
-2615.1643,1406.2510,6.8955,161.8424,0.00,VEHICLE,0,0,
-2615.6563,1404.1793,6.8883,154.7802,0.00,VEHICLE,0,0,
-2616.6396,1401.9580,6.8704,136.1064,0.00,VEHICLE,0,0,
-2618.2795,1400.5002,6.8641,127.2597,0.00,VEHICLE,0,0,
-2619.9800,1399.3693,6.8626,124.3495,0.00,VEHICLE,0,0,
-2621.9658,1398.0398,6.8675,123.5278,0.00,VEHICLE,0,0,
-2623.7041,1396.8740,6.8666,123.5288,0.00,VEHICLE,0,0,
-2625.6831,1395.5901,6.8662,129.7382,0.00,VEHICLE,0,0,
-2627.3230,1394.1710,6.8637,133.6351,0.00,VEHICLE,0,0,
-2629.0886,1392.4475,6.8665,136.4680,0.00,VEHICLE,0,0,
-2630.4434,1390.9606,6.8673,139.7665,0.00,VEHICLE,0,0,
-2631.8655,1389.2473,6.8670,141.3556,0.00,VEHICLE,0,0,
-2633.2280,1387.5341,6.8917,141.9223,0.00,VEHICLE,0,0,
-2634.7185,1385.6219,6.9318,142.1694,0.00,VEHICLE,0,0,
-2636.1677,1383.8247,6.9520,144.8862,0.00,VEHICLE,0,0,
-2637.4419,1381.8850,6.9400,150.0862,0.00,VEHICLE,0,0,
-2638.5667,1379.8326,6.9212,152.1149,0.00,VEHICLE,0,0,
-2639.6023,1377.8182,6.9037,152.7285,0.00,VEHICLE,0,0,
-2640.5818,1375.9053,6.9108,152.9209,0.00,VEHICLE,0,0,
-2641.5461,1374.0282,6.9166,152.9664,0.00,VEHICLE,0,0,
-2642.7798,1371.4795,6.9205,151.3189,0.00,VEHICLE,0,0,
-2643.7952,1369.6423,6.9229,141.9899,0.00,VEHICLE,0,0,
-2645.0967,1368.1094,6.9287,136.8413,0.00,VEHICLE,0,0,
-2646.4048,1366.5554,6.9414,171.1340,0.00,VEHICLE,0,0,
-2646.4048,1366.5554,6.9414,171.1340,0.00,VEHICLE,0,0,
route,xh9.csv,-2645.2034,1366.1123,6.9331,170.2936,0.00,VEHICLE,0,0,
-2645.2034,1366.1123,6.9331,170.2936,0.00,VEHICLE,0,0,
-2645.6770,1364.1437,6.9345,193.5730,0.00,VEHICLE,0,0,
-2644.8481,1362.0659,6.9296,208.4074,0.00,VEHICLE,0,0,
-2643.8569,1360.0277,6.9219,219.8613,0.00,VEHICLE,0,0,
-2642.2446,1358.7614,6.9156,245.5528,0.00,VEHICLE,0,0,
-2640.1023,1357.8197,6.9097,251.0748,0.00,VEHICLE,0,0,
-2637.8506,1357.0447,6.8995,252.9733,0.00,VEHICLE,0,0,
-2635.4268,1356.4346,6.8864,262.9300,0.00,VEHICLE,0,0,
-2633.1389,1356.2188,6.8798,264.7353,0.00,VEHICLE,0,0,
-2631.0667,1356.0370,6.8696,264.9676,0.00,VEHICLE,0,0,
-2628.6846,1355.8188,6.8588,265.0288,0.00,VEHICLE,0,0,
-2626.1824,1355.5236,6.8484,279.7851,0.00,VEHICLE,0,0,
-2623.9417,1356.1638,6.8504,293.1281,0.00,VEHICLE,0,0,
-2621.7729,1357.2302,6.8518,296.3248,0.00,VEHICLE,0,0,
-2619.7031,1358.2554,6.8555,299.0262,0.00,VEHICLE,0,0,
-2617.6538,1359.4164,6.8571,301.2949,0.00,VEHICLE,0,0,
-2615.8948,1360.5029,6.8558,301.8469,0.00,VEHICLE,0,0,
-2613.4912,1361.9856,6.8472,302.7046,0.00,VEHICLE,0,0,
-2611.6870,1362.8778,6.8085,313.3786,0.00,VEHICLE,0,0,
-2610.0442,1364.5898,6.8742,346.3765,0.00,VEHICLE,0,0,
-2609.8337,1367.0225,6.9266,7.9583,0.00,VEHICLE,0,0,
-2610.4543,1369.6157,6.9424,13.3513,0.00,VEHICLE,0,0,
-2611.0276,1371.9514,6.9579,13.9372,0.00,VEHICLE,0,0,
-2611.5295,1374.0812,6.9575,14.1022,0.00,VEHICLE,0,0,
-2612.1179,1376.0343,6.9600,8.9983,0.00,VEHICLE,0,0,
-2612.2983,1378.0521,6.9557,1.0150,0.00,VEHICLE,0,0,
-2612.2151,1380.1406,6.9573,11.9032,0.00,VEHICLE,0,0,
-2612.8823,1382.4238,6.9501,19.8455,0.00,VEHICLE,0,0,
-2613.6846,1384.5210,6.9546,20.8835,0.00,VEHICLE,0,0,
-2614.4395,1386.7146,6.9262,30.7526,0.00,VEHICLE,0,0,
-2615.6724,1388.5422,6.9039,36.5429,0.00,VEHICLE,0,0,
-2616.9929,1390.4036,6.8834,43.5861,0.00,VEHICLE,0,0,
-2618.5071,1391.8132,6.8673,49.9794,0.00,VEHICLE,0,0,
-2620.1362,1393.2941,6.8653,57.2397,0.00,VEHICLE,0,0,
-2621.8899,1394.2617,6.8630,67.5286,0.00,VEHICLE,0,0,
-2623.8201,1395.0015,6.8665,68.1704,0.00,VEHICLE,0,0,
-2626.0581,1395.9438,6.8666,79.8250,0.00,VEHICLE,0,0,
-2628.3186,1396.2070,6.8627,85.5017,0.00,VEHICLE,0,0,
-2630.6169,1396.3654,6.8670,85.8664,0.00,VEHICLE,0,0,
-2632.6516,1396.5323,6.8625,82.9691,0.00,VEHICLE,0,0,
-2634.7590,1396.9023,6.8602,88.4338,0.00,VEHICLE,0,0,
-2636.7183,1396.3966,6.8676,124.5184,0.00,VEHICLE,0,0,
-2638.8357,1396.0403,6.8593,111.1199,0.00,VEHICLE,0,0,
-2640.7830,1395.2129,6.8614,137.8251,0.00,VEHICLE,0,0,
-2642.0178,1393.5190,6.8624,173.4190,0.00,VEHICLE,0,0,
-2641.9417,1391.3926,6.8641,173.3456,0.00,VEHICLE,0,0,
-2642.3064,1389.3380,6.8675,168.4644,0.00,VEHICLE,0,0,
-2642.8503,1387.2728,6.9022,169.5401,0.00,VEHICLE,0,0,
-2643.1699,1385.2585,6.9405,203.7053,0.00,VEHICLE,0,0,
-2642.0647,1383.2589,6.9530,198.8442,0.00,VEHICLE,0,0,
-2641.3748,1381.2943,6.9307,190.5906,0.00,VEHICLE,0,0,
-2641.2534,1379.1058,6.9181,176.1149,0.00,VEHICLE,0,0,
-2641.3464,1376.8643,6.9150,164.2700,0.00,VEHICLE,0,0,
-2642.0342,1374.9502,6.9145,156.0098,0.00,VEHICLE,0,0,
-2642.9556,1373.0421,6.9228,154.4638,0.00,VEHICLE,0,0,
-2643.8789,1371.0850,6.9225,154.2480,0.00,VEHICLE,0,0,
-2644.7874,1369.2435,6.9311,154.4007,0.00,VEHICLE,0,0,
-2645.6814,1367.4351,6.9306,167.0377,0.00,VEHICLE,0,0,
-2645.6814,1367.4351,6.9306,167.0377,0.00,VEHICLE,0,0,
route,xh8.csv,-2645.6265,1365.3185,6.9338,179.5670,0.00,VEHICLE,0,0,
-2645.6265,1365.3185,6.9338,179.5670,0.00,VEHICLE,0,0,
-2645.7949,1363.2986,6.9349,201.5491,0.00,VEHICLE,0,0,
-2645.0544,1361.3613,6.9311,236.4882,0.00,VEHICLE,0,0,
-2642.8608,1360.4612,6.9208,259.0503,0.00,VEHICLE,0,0,
-2640.7239,1359.9828,6.9103,271.5678,0.00,VEHICLE,0,0,
-2638.4180,1359.9496,6.9023,307.1766,0.00,VEHICLE,0,0,
-2637.0129,1361.6144,6.8935,334.0902,0.00,VEHICLE,0,0,
-2636.1880,1363.7104,6.8923,338.5612,0.00,VEHICLE,0,0,
-2635.4141,1365.6418,6.8889,339.0072,0.00,VEHICLE,0,0,
-2634.6741,1367.5646,6.8823,339.1667,0.00,VEHICLE,0,0,
-2633.9084,1369.6099,6.8833,339.1880,0.00,VEHICLE,0,0,
-2633.0137,1371.9594,6.8782,339.1978,0.00,VEHICLE,0,0,
-2632.0042,1374.4138,6.8754,342.1926,0.00,VEHICLE,0,0,
-2631.2886,1376.4528,6.8917,357.0608,0.00,VEHICLE,0,0,
-2631.3347,1378.8431,6.9086,6.6779,0.00,VEHICLE,0,0,
-2631.6936,1381.0146,6.9327,8.3781,0.00,VEHICLE,0,0,
-2631.9763,1383.1932,6.9503,9.7675,0.00,VEHICLE,0,0,
-2631.9846,1385.2473,6.9440,22.6469,0.00,VEHICLE,0,0,
-2632.5186,1387.6337,6.8910,48.9825,0.00,VEHICLE,0,0,
-2634.5461,1388.8712,6.8688,71.8909,0.00,VEHICLE,0,0,
-2636.5325,1389.3434,6.8674,75.9207,0.00,VEHICLE,0,0,
-2638.5691,1389.8989,6.8661,78.0829,0.00,VEHICLE,0,0,
-2641.1145,1390.4159,6.8664,91.6040,0.00,VEHICLE,0,0,
-2643.1851,1390.2723,6.8652,96.4045,0.00,VEHICLE,0,0,
-2645.3247,1389.9948,6.8658,98.9022,0.00,VEHICLE,0,0,
-2647.6003,1389.6727,6.8648,112.1660,0.00,VEHICLE,0,0,
-2649.9626,1388.5186,6.8743,122.1445,0.00,VEHICLE,0,0,
-2651.9131,1387.0184,6.9093,118.3864,0.00,VEHICLE,0,0,
-2654.1475,1385.9186,6.9353,108.1200,0.00,VEHICLE,0,0,
-2656.8059,1385.1852,6.9468,105.0187,0.00,VEHICLE,0,0,
-2658.9651,1384.6368,6.9533,104.6038,0.00,VEHICLE,0,0,
-2661.1208,1384.0533,6.9552,104.4361,0.00,VEHICLE,0,0,
-2663.4858,1383.4282,6.9532,102.5871,0.00,VEHICLE,0,0,
-2665.9500,1382.8986,6.9440,101.6735,0.00,VEHICLE,0,0,
-2668.5112,1382.3955,6.9311,101.4340,0.00,VEHICLE,0,0,
-2671.3345,1381.7875,6.9168,98.8575,0.00,VEHICLE,0,0,
-2673.7258,1381.4618,6.9035,93.9680,0.00,VEHICLE,0,0,
-2676.1912,1381.3336,6.8920,91.8222,0.00,VEHICLE,0,0,
-2678.6785,1381.3005,6.8829,91.2038,0.00,VEHICLE,0,0,
-2680.9917,1381.2506,6.8735,90.9122,0.00,VEHICLE,0,0,
-2683.4709,1381.0917,6.8633,80.0620,0.00,VEHICLE,0,0,
-2686.0151,1381.7118,6.8625,71.0202,0.00,VEHICLE,0,0,
-2687.9783,1382.4515,6.8650,69.3728,0.00,VEHICLE,0,0,
-2690.1685,1383.2994,6.8656,68.8670,0.00,VEHICLE,0,0,
-2692.4329,1383.9872,6.8639,59.0828,0.00,VEHICLE,0,0,
-2694.5781,1385.1310,6.8649,28.8534,0.00,VEHICLE,0,0,
-2695.3149,1387.3585,6.8617,3.7435,0.00,VEHICLE,0,0,
-2695.2922,1389.3998,6.8670,0.3570,0.00,VEHICLE,0,0,
-2695.3276,1391.8198,6.8661,359.3006,0.00,VEHICLE,0,0,
-2695.2888,1394.1416,6.8665,359.1536,0.00,VEHICLE,0,0,
-2695.2405,1396.6418,6.8665,359.1447,0.00,VEHICLE,0,0,
-2695.2126,1398.7872,6.8647,359.1458,0.00,VEHICLE,0,0,
-2695.1858,1400.8557,6.8653,359.1375,0.00,VEHICLE,0,0,
-2695.1526,1402.9570,6.8673,359.1364,0.00,VEHICLE,0,0,
-2695.1199,1404.9893,6.8660,359.1367,0.00,VEHICLE,0,0,
-2695.0828,1407.4456,6.8660,359.1379,0.00,VEHICLE,0,0,
-2695.0493,1409.7153,6.8663,359.1373,0.00,VEHICLE,0,0,
-2695.0115,1412.2378,6.8662,359.1367,0.00,VEHICLE,0,0,
-2694.9795,1414.3599,6.8662,359.1367,0.00,VEHICLE,0,0,
-2694.9546,1417.0046,6.8662,358.8050,0.00,VEHICLE,0,0,
-2694.9226,1419.0222,6.8662,355.4010,0.00,VEHICLE,0,0,
-2694.6433,1421.8135,6.8660,352.3299,0.00,VEHICLE,0,0,
-2694.2329,1424.6028,6.8639,351.3375,0.00,VEHICLE,0,0,
-2693.8042,1427.2369,6.8603,351.0599,0.00,VEHICLE,0,0,
-2693.4883,1429.6249,6.8612,347.5428,0.00,VEHICLE,0,0,
-2693.0613,1431.7264,6.8647,324.8507,0.00,VEHICLE,0,0,
-2691.6287,1433.2394,6.8629,306.9365,0.00,VEHICLE,0,0,
-2689.8503,1434.4209,6.8668,304.5645,0.00,VEHICLE,0,0,
-2688.1565,1435.6141,6.8664,304.3666,0.00,VEHICLE,0,0,
-2686.0862,1437.0323,6.8665,304.3181,0.00,VEHICLE,0,0,
-2684.3799,1438.1855,6.8665,304.3186,0.00,VEHICLE,0,0,
-2682.3423,1439.5765,6.8636,304.3289,0.00,VEHICLE,0,0,
-2680.2585,1441.0052,6.8672,304.3263,0.00,VEHICLE,0,0,
-2678.5554,1442.1670,6.8644,304.3238,0.00,VEHICLE,0,0,
-2676.6101,1443.4930,6.8657,304.3258,0.00,VEHICLE,0,0,
-2674.6633,1444.8236,6.8671,304.3260,0.00,VEHICLE,0,0,
-2673.0085,1445.9537,6.8629,304.3249,0.00,VEHICLE,0,0,
-2671.3071,1447.0673,6.8639,305.8117,0.00,VEHICLE,0,0,
-2669.5774,1448.4312,6.8673,311.8837,0.00,VEHICLE,0,0,
-2667.6462,1450.0222,6.8650,322.9109,0.00,VEHICLE,0,0,
-2666.5022,1451.8674,6.8632,335.6746,0.00,VEHICLE,0,0,
-2665.7271,1454.0062,6.8670,352.5336,0.00,VEHICLE,0,0,
-2665.5166,1456.0330,6.8662,354.8435,0.00,VEHICLE,0,0,
-2665.4253,1458.1892,6.8710,351.7364,0.00,VEHICLE,0,0,
-2665.1829,1460.2831,6.8974,319.9142,0.00,VEHICLE,0,0,
-2663.4053,1461.5731,6.9150,291.8968,0.00,VEHICLE,0,0,
-2661.5662,1462.4376,6.9247,279.4961,0.00,VEHICLE,0,0,
-2659.4714,1462.6024,6.9272,268.0858,0.00,VEHICLE,0,0,
-2657.1379,1462.4432,6.9256,266.3366,0.00,VEHICLE,0,0,
-2654.7617,1462.5032,6.9252,253.4308,0.00,VEHICLE,0,0,
-2652.4031,1461.6548,6.9241,231.7590,0.00,VEHICLE,0,0,
-2650.9172,1460.2653,6.9262,225.6067,0.00,VEHICLE,0,0,
-2649.5510,1458.7983,6.9327,224.0912,0.00,VEHICLE,0,0,
-2647.8550,1457.0323,6.9592,223.2283,0.00,VEHICLE,0,0,
-2646.4412,1455.4703,6.9961,222.7449,0.00,VEHICLE,0,0,
-2644.9304,1453.6930,7.0202,222.3866,0.00,VEHICLE,0,0,
-2643.1282,1451.6823,6.9977,222.9885,0.00,VEHICLE,0,0,
-2641.6367,1450.2582,6.9360,223.4373,0.00,VEHICLE,0,0,
-2639.8909,1448.6005,6.9328,223.4517,0.00,VEHICLE,0,0,
-2638.4824,1447.0460,6.9335,223.3790,0.00,VEHICLE,0,0,
-2636.8230,1445.2085,6.9311,223.3953,0.00,VEHICLE,0,0,
-2635.2354,1443.5497,6.9043,223.4391,0.00,VEHICLE,0,0,
-2633.5737,1441.8221,6.8693,223.4536,0.00,VEHICLE,0,0,
-2632.0388,1440.2113,6.8656,223.4802,0.00,VEHICLE,0,0,
-2630.4658,1438.5535,6.8662,223.4879,0.00,VEHICLE,0,0,
-2628.7581,1436.7487,6.8658,223.4916,0.00,VEHICLE,0,0,
-2627.3484,1435.2878,6.8662,223.1219,0.00,VEHICLE,0,0,
-2625.8962,1433.8336,6.8655,216.4004,0.00,VEHICLE,0,0,
-2624.4668,1431.6873,6.8628,208.3420,0.00,VEHICLE,0,0,
-2623.4966,1429.7192,6.8631,205.7699,0.00,VEHICLE,0,0,
-2622.5022,1427.5375,6.8574,204.9648,0.00,VEHICLE,0,0,
-2621.4102,1425.3419,6.8599,203.2657,0.00,VEHICLE,0,0,
-2620.6338,1423.4897,6.8583,195.1855,0.00,VEHICLE,0,0,
-2620.1580,1421.4568,6.8556,191.1506,0.00,VEHICLE,0,0,
-2619.8000,1419.3705,6.8578,189.8867,0.00,VEHICLE,0,0,
-2619.3521,1416.9069,6.8592,189.1905,0.00,VEHICLE,0,0,
-2618.8801,1414.7449,6.8595,176.0413,0.00,VEHICLE,0,0,
-2619.2334,1412.5229,6.8611,164.4346,0.00,VEHICLE,0,0,
-2619.9207,1410.4377,6.8672,162.0753,0.00,VEHICLE,0,0,
-2620.5774,1408.4199,6.8663,161.6798,0.00,VEHICLE,0,0,
-2621.2551,1406.1395,6.8663,158.3322,0.00,VEHICLE,0,0,
-2622.3289,1403.6901,6.8665,152.8665,0.00,VEHICLE,0,0,
-2623.3137,1401.8629,6.8660,151.0984,0.00,VEHICLE,0,0,
-2624.5669,1399.5544,6.8656,147.5364,0.00,VEHICLE,0,0,
-2625.9849,1397.4535,6.8635,142.4102,0.00,VEHICLE,0,0,
-2627.3445,1395.7509,6.8660,140.7384,0.00,VEHICLE,0,0,
-2628.7903,1394.0283,6.8667,140.3175,0.00,VEHICLE,0,0,
-2630.5913,1391.9438,6.8657,141.3880,0.00,VEHICLE,0,0,
-2631.8276,1390.3639,6.8662,146.2522,0.00,VEHICLE,0,0,
-2633.0532,1388.4536,6.8728,149.3512,0.00,VEHICLE,0,0,
-2634.3416,1386.2017,6.9173,150.7595,0.00,VEHICLE,0,0,
-2635.5613,1383.9504,6.9574,150.9834,0.00,VEHICLE,0,0,
-2636.4971,1382.0360,6.9402,144.1635,0.00,VEHICLE,0,0,
-2637.8086,1380.3624,6.9230,137.2126,0.00,VEHICLE,0,0,
-2639.2688,1378.9034,6.9147,135.0233,0.00,VEHICLE,0,0,
-2640.9148,1377.3114,6.9106,134.6743,0.00,VEHICLE,0,0,
-2642.5596,1375.8240,6.9163,146.9052,0.00,VEHICLE,0,0,
-2643.5684,1373.8723,6.9223,159.0758,0.00,VEHICLE,0,0,
-2644.1899,1371.9097,6.9283,168.8026,0.00,VEHICLE,0,0,
-2644.5955,1369.6677,6.9273,170.2021,0.00,VEHICLE,0,0,
-2644.9788,1367.4237,6.9286,170.3091,0.00,VEHICLE,0,0,
-2644.9788,1367.4237,6.9286,170.3091,0.00,VEHICLE,0,0,
route,xh7.csv,-2645.4277,1365.0057,6.9329,175.3635,0.00,VEHICLE,0,0,
-2645.4277,1365.0057,6.9329,175.3635,0.00,VEHICLE,0,0,
-2645.7322,1362.9824,6.9346,199.2087,0.00,VEHICLE,0,0,
-2644.9941,1360.9241,6.9309,236.3984,0.00,VEHICLE,0,0,
-2643.0811,1359.8318,6.9229,276.9359,0.00,VEHICLE,0,0,
-2640.8049,1360.5867,6.9116,296.3367,0.00,VEHICLE,0,0,
-2638.9238,1361.6062,6.9044,299.2009,0.00,VEHICLE,0,0,
-2636.6394,1362.5818,6.8934,316.5019,0.00,VEHICLE,0,0,
-2635.1162,1364.4191,6.8915,335.2706,0.00,VEHICLE,0,0,
-2634.2498,1366.8307,6.8817,340.9093,0.00,VEHICLE,0,0,
-2633.6221,1368.8168,6.8806,341.6295,0.00,VEHICLE,0,0,
-2632.9702,1370.7369,6.8755,341.7729,0.00,VEHICLE,0,0,
-2632.2539,1372.8435,6.8744,341.8646,0.00,VEHICLE,0,0,
-2631.4927,1375.2052,6.8807,341.8764,0.00,VEHICLE,0,0,
-2630.7571,1377.2745,6.8987,344.2656,0.00,VEHICLE,0,0,
-2629.8896,1379.2800,6.9148,2.5055,0.00,VEHICLE,0,0,
-2630.0610,1381.3641,6.9350,27.9521,0.00,VEHICLE,0,0,
-2631.4282,1383.2065,6.9494,39.1479,0.00,VEHICLE,0,0,
-2632.8503,1384.9104,6.9464,40.2736,0.00,VEHICLE,0,0,
-2634.1658,1386.8772,6.9064,54.7267,0.00,VEHICLE,0,0,
-2636.0740,1387.9515,6.8830,69.8212,0.00,VEHICLE,0,0,
-2638.3337,1388.6440,6.8749,71.9809,0.00,VEHICLE,0,0,
-2640.4573,1389.4568,6.8666,81.3904,0.00,VEHICLE,0,0,
-2642.8152,1389.6775,6.8658,89.5528,0.00,VEHICLE,0,0,
-2645.4446,1389.6086,6.8663,91.3241,0.00,VEHICLE,0,0,
-2647.5637,1389.5439,6.8661,91.5192,0.00,VEHICLE,0,0,
-2649.7239,1389.4978,6.8672,91.5672,0.00,VEHICLE,0,0,
-2652.0166,1389.4451,6.8687,91.6049,0.00,VEHICLE,0,0,
-2654.4915,1389.4180,6.8740,93.0338,0.00,VEHICLE,0,0,
-2656.9907,1389.3849,6.8821,105.5116,0.00,VEHICLE,0,0,
-2659.3120,1388.6240,6.8922,114.8700,0.00,VEHICLE,0,0,
-2661.5579,1387.4576,6.9047,118.5996,0.00,VEHICLE,0,0,
-2663.7905,1386.1617,6.9205,119.5439,0.00,VEHICLE,0,0,
-2666.2922,1384.7279,6.9312,119.8023,0.00,VEHICLE,0,0,
-2668.5100,1383.4728,6.9320,119.8952,0.00,VEHICLE,0,0,
-2670.7131,1382.1335,6.9226,118.2163,0.00,VEHICLE,0,0,
-2672.4536,1381.0247,6.9089,109.9829,0.00,VEHICLE,0,0,
-2674.3794,1380.3319,6.8979,101.7774,0.00,VEHICLE,0,0,
-2677.2251,1379.8656,6.8833,95.4086,0.00,VEHICLE,0,0,
-2679.9900,1379.7164,6.8691,93.6495,0.00,VEHICLE,0,0,
-2682.1787,1379.6201,6.8619,93.3442,0.00,VEHICLE,0,0,
-2684.6489,1379.3672,6.8623,88.3562,0.00,VEHICLE,0,0,
-2686.7854,1379.3252,6.8633,58.5253,0.00,VEHICLE,0,0,
-2688.4580,1380.7146,6.8663,18.4625,0.00,VEHICLE,0,0,
-2688.7891,1382.8468,6.8614,4.2610,0.00,VEHICLE,0,0,
-2688.7559,1384.9716,6.8592,9.5485,0.00,VEHICLE,0,0,
-2689.4172,1387.0425,6.8596,27.4964,0.00,VEHICLE,0,0,
-2690.4922,1389.0465,6.8636,28.0830,0.00,VEHICLE,0,0,
-2691.7170,1391.1885,6.8663,16.7388,0.00,VEHICLE,0,0,
-2692.2244,1393.2374,6.8654,9.4763,0.00,VEHICLE,0,0,
-2692.5286,1395.5323,6.8658,8.0375,0.00,VEHICLE,0,0,
-2692.8293,1397.6621,6.8670,7.9320,0.00,VEHICLE,0,0,
-2693.1626,1399.9794,6.8662,7.9104,0.00,VEHICLE,0,0,
-2693.4375,1401.9841,6.8665,7.9061,0.00,VEHICLE,0,0,
-2693.7222,1404.0625,6.8662,7.9089,0.00,VEHICLE,0,0,
-2694.0283,1406.2622,6.8661,7.9111,0.00,VEHICLE,0,0,
-2694.3438,1408.5178,6.8657,7.9097,0.00,VEHICLE,0,0,
-2694.6294,1410.5684,6.8630,7.9059,0.00,VEHICLE,0,0,
-2694.9338,1412.7634,6.8638,7.9058,0.00,VEHICLE,0,0,
-2695.2180,1414.8132,6.8674,7.9062,0.00,VEHICLE,0,0,
-2695.5457,1417.1749,6.8663,7.9062,0.00,VEHICLE,0,0,
-2695.9197,1419.8640,6.8663,7.8937,0.00,VEHICLE,0,0,
-2696.2488,1422.0781,6.8651,3.8113,0.00,VEHICLE,0,0,
-2696.3467,1424.4709,6.8629,0.1375,0.00,VEHICLE,0,0,
-2696.3169,1426.5178,6.8670,359.4451,0.00,VEHICLE,0,0,
-2696.2996,1428.9292,6.8665,359.0337,0.00,VEHICLE,0,0,
-2696.3198,1431.5640,6.8662,346.0272,0.00,VEHICLE,0,0,
-2695.6147,1433.7715,6.8621,336.3255,0.00,VEHICLE,0,0,
-2694.7251,1435.5740,6.8670,334.5819,0.00,VEHICLE,0,0,
-2693.7502,1437.5950,6.8664,334.3849,0.00,VEHICLE,0,0,
-2692.6370,1439.8376,6.8659,341.8259,0.00,VEHICLE,0,0,
-2692.0437,1441.8494,6.8664,347.5273,0.00,VEHICLE,0,0,
-2691.6262,1443.9327,6.8634,349.3552,0.00,VEHICLE,0,0,
-2691.2805,1445.9553,6.8661,349.8018,0.00,VEHICLE,0,0,
-2690.9177,1448.0028,6.8667,349.8838,0.00,VEHICLE,0,0,
-2690.5142,1450.2133,6.8660,349.9035,0.00,VEHICLE,0,0,
-2690.1199,1452.4127,6.8660,349.9144,0.00,VEHICLE,0,0,
-2689.7217,1454.6738,6.8663,349.9156,0.00,VEHICLE,0,0,
-2689.3115,1456.9937,6.8637,349.9105,0.00,VEHICLE,0,0,
-2688.9509,1459.0038,6.8751,349.9044,0.00,VEHICLE,0,0,
-2688.5474,1461.2562,6.9080,349.9119,0.00,VEHICLE,0,0,
-2688.1758,1463.3595,6.9384,349.9183,0.00,VEHICLE,0,0,
-2687.8130,1465.4028,6.9538,349.9251,0.00,VEHICLE,0,0,
-2687.4287,1467.5708,6.9522,349.9268,0.00,VEHICLE,0,0,
-2687.0354,1470.0264,6.9490,347.3442,0.00,VEHICLE,0,0,
-2686.4128,1472.3633,6.9534,342.5320,0.00,VEHICLE,0,0,
-2685.8606,1474.4836,6.9478,333.1927,0.00,VEHICLE,0,0,
-2684.7520,1476.1504,6.9503,318.6578,0.00,VEHICLE,0,0,
-2683.4170,1477.7383,6.9510,304.0595,0.00,VEHICLE,0,0,
-2681.6929,1478.8999,6.9569,285.0272,0.00,VEHICLE,0,0,
-2679.5940,1479.2417,6.9525,266.6816,0.00,VEHICLE,0,0,
-2677.4194,1479.0417,6.9526,229.6630,0.00,VEHICLE,0,0,
-2676.1155,1477.4224,6.9543,207.7900,0.00,VEHICLE,0,0,
-2674.9148,1475.4370,6.9511,190.1597,0.00,VEHICLE,0,0,
-2674.8630,1473.3599,6.9485,166.1804,0.00,VEHICLE,0,0,
-2675.6482,1471.2915,6.9517,180.7202,0.00,VEHICLE,0,0,
-2675.2542,1469.2944,6.9540,202.3076,0.00,VEHICLE,0,0,
-2674.6597,1467.3253,6.9527,221.2909,0.00,VEHICLE,0,0,
-2673.0652,1465.8318,6.9517,232.1286,0.00,VEHICLE,0,0,
-2671.3147,1464.4308,6.9489,237.7870,0.00,VEHICLE,0,0,
-2669.5107,1463.2363,6.9371,258.8021,0.00,VEHICLE,0,0,
-2667.1040,1463.0031,6.9307,268.7623,0.00,VEHICLE,0,0,
-2665.0898,1463.0614,6.9333,270.7965,0.00,VEHICLE,0,0,
-2663.0430,1463.1028,6.9343,271.2605,0.00,VEHICLE,0,0,
-2660.7766,1463.1426,6.9344,271.1865,0.00,VEHICLE,0,0,
-2658.2632,1463.3656,6.9361,258.8987,0.00,VEHICLE,0,0,
-2656.0657,1462.8182,6.9308,245.0560,0.00,VEHICLE,0,0,
-2653.9111,1461.6523,6.9120,238.5558,0.00,VEHICLE,0,0,
-2651.7083,1460.4391,6.9090,223.7841,0.00,VEHICLE,0,0,
-2650.1848,1458.5645,6.9209,202.3654,0.00,VEHICLE,0,0,
-2649.4346,1456.2023,6.9035,192.0426,0.00,VEHICLE,0,0,
-2649.1597,1454.2155,6.8976,190.1465,0.00,VEHICLE,0,0,
-2649.0500,1452.1503,6.9009,201.0082,0.00,VEHICLE,0,0,
-2648.1370,1449.8651,6.9127,221.6346,0.00,VEHICLE,0,0,
-2646.2908,1448.1614,6.9081,233.2117,0.00,VEHICLE,0,0,
-2644.0874,1446.7439,6.9028,236.9812,0.00,VEHICLE,0,0,
-2641.8721,1445.3503,6.9109,237.8606,0.00,VEHICLE,0,0,
-2640.1370,1444.2399,6.9149,238.0620,0.00,VEHICLE,0,0,
-2637.9536,1442.8510,6.8847,238.1758,0.00,VEHICLE,0,0,
-2635.9512,1441.6436,6.8667,237.6651,0.00,VEHICLE,0,0,
-2633.8677,1440.3364,6.8660,232.7728,0.00,VEHICLE,0,0,
-2631.7727,1438.6956,6.8655,229.7236,0.00,VEHICLE,0,0,
-2630.0447,1437.1833,6.8656,228.7077,0.00,VEHICLE,0,0,
-2627.9475,1435.2883,6.8662,228.2645,0.00,VEHICLE,0,0,
-2626.2744,1433.8500,6.8661,227.0147,0.00,VEHICLE,0,0,
-2624.6714,1432.5139,6.8655,220.2308,0.00,VEHICLE,0,0,
-2623.0098,1430.4117,6.8629,211.2932,0.00,VEHICLE,0,0,
-2621.8630,1428.3898,6.8603,206.8601,0.00,VEHICLE,0,0,
-2620.7966,1426.0277,6.8572,204.2528,0.00,VEHICLE,0,0,
-2619.8254,1423.7684,6.8561,202.7920,0.00,VEHICLE,0,0,
-2618.9250,1421.6505,6.8587,202.0700,0.00,VEHICLE,0,0,
-2617.9751,1419.3876,6.8603,200.6111,0.00,VEHICLE,0,0,
-2617.0244,1417.3881,6.8679,182.4528,0.00,VEHICLE,0,0,
-2616.7366,1415.2639,6.8748,154.7109,0.00,VEHICLE,0,0,
-2618.0061,1413.3618,6.8598,135.2803,0.00,VEHICLE,0,0,
-2619.9045,1411.9530,6.8652,144.7360,0.00,VEHICLE,0,0,
-2621.0315,1409.9734,6.8623,156.1953,0.00,VEHICLE,0,0,
-2621.8687,1407.7472,6.8662,159.7298,0.00,VEHICLE,0,0,
-2622.6221,1405.6819,6.8652,160.4136,0.00,VEHICLE,0,0,
-2623.2754,1403.4967,6.8650,154.1186,0.00,VEHICLE,0,0,
-2624.5051,1401.4265,6.8632,138.0745,0.00,VEHICLE,0,0,
-2626.0737,1399.8766,6.8672,134.3771,0.00,VEHICLE,0,0,
-2627.6018,1398.4214,6.8665,133.8016,0.00,VEHICLE,0,0,
-2629.1501,1396.9203,6.8664,133.6866,0.00,VEHICLE,0,0,
-2630.6753,1395.5045,6.8666,136.9273,0.00,VEHICLE,0,0,
-2632.2905,1393.7081,6.8633,140.6308,0.00,VEHICLE,0,0,
-2633.5667,1392.1018,6.8664,141.7086,0.00,VEHICLE,0,0,
-2635.1868,1390.2648,6.8653,148.9506,0.00,VEHICLE,0,0,
-2636.3350,1388.0800,6.8782,159.4729,0.00,VEHICLE,0,0,
-2636.9795,1386.0823,6.9237,162.0921,0.00,VEHICLE,0,0,
-2637.7180,1383.7241,6.9552,162.4761,0.00,VEHICLE,0,0,
-2638.3965,1381.5631,6.9347,162.2922,0.00,VEHICLE,0,0,
-2639.1157,1379.3734,6.9169,157.3149,0.00,VEHICLE,0,0,
-2640.0115,1377.3573,6.9053,155.2380,0.00,VEHICLE,0,0,
-2640.9060,1375.2574,6.9119,149.5757,0.00,VEHICLE,0,0,
-2642.0388,1373.5651,6.9176,142.4505,0.00,VEHICLE,0,0,
-2643.5161,1371.7322,6.9238,141.9566,0.00,VEHICLE,0,0,
-2644.7314,1370.1117,6.9302,161.2513,0.00,VEHICLE,0,0,
-2645.3557,1368.0863,6.9306,168.4275,0.00,VEHICLE,0,0,
-2645.6218,1366.0320,6.9318,178.5382,0.00,VEHICLE,0,0,
-2645.6218,1366.0320,6.9318,178.5382,0.00,VEHICLE,0,0,
route,xh6.csv,-2646.4512,1365.5701,6.9379,182.4511,0.00,VEHICLE,0,0,
-2646.4512,1365.5701,6.9379,182.4511,0.00,VEHICLE,0,0,
-2646.4309,1363.3691,6.9382,182.7764,0.00,VEHICLE,0,0,
-2646.4346,1361.3649,6.9336,182.6570,0.00,VEHICLE,0,0,
-2646.6128,1359.3303,6.9389,206.8472,0.00,VEHICLE,0,0,
-2645.4109,1357.4321,6.9313,247.1099,0.00,VEHICLE,0,0,
-2643.3157,1356.9036,6.9246,289.8046,0.00,VEHICLE,0,0,
-2641.2500,1358.1005,6.9130,307.0848,0.00,VEHICLE,0,0,
-2639.3469,1359.4899,6.9071,334.0276,0.00,VEHICLE,0,0,
-2638.6501,1361.3938,6.9057,350.2520,0.00,VEHICLE,0,0,
-2638.4648,1363.5791,6.8987,354.6111,0.00,VEHICLE,0,0,
-2638.2590,1365.9310,6.9024,355.0977,0.00,VEHICLE,0,0,
-2638.0593,1368.0184,6.9001,355.1757,0.00,VEHICLE,0,0,
-2637.7532,1370.5370,6.8986,359.0103,0.00,VEHICLE,0,0,
-2637.8318,1373.0562,6.8972,11.0300,0.00,VEHICLE,0,0,
-2638.3660,1375.3036,6.9017,14.3595,0.00,VEHICLE,0,0,
-2639.0603,1377.8225,6.9064,14.8435,0.00,VEHICLE,0,0,
-2639.5972,1379.8585,6.9206,14.9019,0.00,VEHICLE,0,0,
-2640.0547,1381.8680,6.9371,17.5046,0.00,VEHICLE,0,0,
-2640.6128,1384.1145,6.9527,43.7788,0.00,VEHICLE,0,0,
-2642.4822,1385.2776,6.9356,83.9658,0.00,VEHICLE,0,0,
-2644.5127,1385.2576,6.9406,89.9312,0.00,VEHICLE,0,0,
-2646.7014,1385.2725,6.9407,90.3428,0.00,VEHICLE,0,0,
-2648.7842,1385.2677,6.9412,90.4401,0.00,VEHICLE,0,0,
-2650.7874,1385.2716,6.9387,91.6916,0.00,VEHICLE,0,0,
-2652.8401,1385.1772,6.9471,94.8736,0.00,VEHICLE,0,0,
-2654.9500,1384.9769,6.9506,95.8804,0.00,VEHICLE,0,0,
-2657.2515,1384.7249,6.9527,96.1638,0.00,VEHICLE,0,0,
-2660.1326,1384.4054,6.9539,96.2228,0.00,VEHICLE,0,0,
-2662.2351,1384.1729,6.9548,96.2197,0.00,VEHICLE,0,0,
-2664.6875,1383.9028,6.9513,96.2127,0.00,VEHICLE,0,0,
-2666.8572,1383.6699,6.9390,96.2233,0.00,VEHICLE,0,0,
-2669.5005,1383.3878,6.9237,96.2567,0.00,VEHICLE,0,0,
-2671.7817,1383.1401,6.9115,96.2924,0.00,VEHICLE,0,0,
-2674.2710,1382.8658,6.8984,96.3473,0.00,VEHICLE,0,0,
-2676.3914,1382.6282,6.8880,96.3585,0.00,VEHICLE,0,0,
-2678.9155,1382.3423,6.8785,88.5675,0.00,VEHICLE,0,0,
-2681.3113,1382.4691,6.8648,85.2946,0.00,VEHICLE,0,0,
-2683.4026,1382.6616,6.8573,84.7893,0.00,VEHICLE,0,0,
-2685.4487,1382.7863,6.8594,81.6429,0.00,VEHICLE,0,0,
-2687.8992,1383.2415,6.8593,69.1349,0.00,VEHICLE,0,0,
-2689.7563,1384.0415,6.8630,66.0250,0.00,VEHICLE,0,0,
-2691.8147,1384.9973,6.8649,65.5986,0.00,VEHICLE,0,0,
-2694.2097,1385.9529,6.8655,60.6634,0.00,VEHICLE,0,0,
-2696.2146,1387.1353,6.8633,42.6770,0.00,VEHICLE,0,0,
-2697.6736,1389.0076,6.8669,35.9026,0.00,VEHICLE,0,0,
-2698.9863,1390.7300,6.8657,27.3239,0.00,VEHICLE,0,0,
-2699.9744,1392.8550,6.8659,19.2915,0.00,VEHICLE,0,0,
-2700.7378,1395.2958,6.8636,17.2599,0.00,VEHICLE,0,0,
-2701.3865,1397.4580,6.8674,17.0639,0.00,VEHICLE,0,0,
-2702.0190,1399.4697,6.8662,17.0416,0.00,VEHICLE,0,0,
-2702.6101,1401.3813,6.8661,17.0270,0.00,VEHICLE,0,0,
-2703.1953,1403.3074,6.8661,17.0244,0.00,VEHICLE,0,0,
-2703.9265,1405.7100,6.8662,17.0288,0.00,VEHICLE,0,0,
-2704.6150,1407.8445,6.8655,16.1084,0.00,VEHICLE,0,0,
-2705.1592,1409.7939,6.8631,12.2998,0.00,VEHICLE,0,0,
-2705.6299,1412.1715,6.8638,10.1572,0.00,VEHICLE,0,0,
-2706.0466,1414.4689,6.8672,7.0146,0.00,VEHICLE,0,0,
-2706.2588,1416.4978,6.8637,3.5304,0.00,VEHICLE,0,0,
-2706.3713,1418.9171,6.8673,2.5453,0.00,VEHICLE,0,0,
-2706.4583,1421.0530,6.8665,2.4807,0.00,VEHICLE,0,0,
-2706.5107,1423.2537,6.8628,4.1879,0.00,VEHICLE,0,0,
-2706.7444,1425.3387,6.8671,14.1131,0.00,VEHICLE,0,0,
-2707.3721,1427.5168,6.8654,16.8875,0.00,VEHICLE,0,0,
-2708.0623,1429.3999,6.8654,9.2637,0.00,VEHICLE,0,0,
-2708.2542,1431.5964,6.8666,1.7307,0.00,VEHICLE,0,0,
-2708.3682,1434.0381,6.8644,357.7975,0.00,VEHICLE,0,0,
-2708.1479,1436.2385,6.8671,350.5421,0.00,VEHICLE,0,0,
-2707.7749,1438.4427,6.8661,347.4915,0.00,VEHICLE,0,0,
-2707.3523,1440.4401,6.8631,343.7070,0.00,VEHICLE,0,0,
-2706.6172,1442.3853,6.8635,326.6040,0.00,VEHICLE,0,0,
-2705.0437,1443.7961,6.8651,274.0439,0.00,VEHICLE,0,0,
-2703.2463,1444.9027,6.8677,310.2441,0.00,VEHICLE,0,0,
-2701.5166,1446.0457,6.8641,268.9362,0.00,VEHICLE,0,0,
-2699.3159,1445.8821,6.8659,261.3087,0.00,VEHICLE,0,0,
-2697.1013,1445.4995,6.8664,260.7747,0.00,VEHICLE,0,0,
-2694.8796,1445.1224,6.8664,260.7425,0.00,VEHICLE,0,0,
-2692.3040,1444.7212,6.8665,260.7649,0.00,VEHICLE,0,0,
-2690.1750,1444.3698,6.8665,263.7422,0.00,VEHICLE,0,0,
-2687.9429,1444.1431,6.8660,265.4313,0.00,VEHICLE,0,0,
-2685.5452,1443.9708,6.8661,265.8978,0.00,VEHICLE,0,0,
-2683.0706,1443.8058,6.8662,265.9951,0.00,VEHICLE,0,0,
-2680.4714,1443.6223,6.8652,266.0128,0.00,VEHICLE,0,0,
-2677.8130,1443.4324,6.8660,266.0217,0.00,VEHICLE,0,0,
-2675.1226,1443.2461,6.8665,266.0248,0.00,VEHICLE,0,0,
-2672.8423,1443.0896,6.8661,266.0245,0.00,VEHICLE,0,0,
-2670.1733,1442.9044,6.8661,266.0233,0.00,VEHICLE,0,0,
-2668.0598,1442.7570,6.8662,266.0233,0.00,VEHICLE,0,0,
-2665.9463,1442.6097,6.8662,266.0238,0.00,VEHICLE,0,0,
-2663.7917,1442.4601,6.8662,266.0242,0.00,VEHICLE,0,0,
-2660.7593,1442.2496,6.8662,266.0242,0.00,VEHICLE,0,0,
-2657.6270,1442.0321,6.8662,266.0240,0.00,VEHICLE,0,0,
-2654.6211,1441.8490,6.8662,264.9497,0.00,VEHICLE,0,0,
-2652.5078,1441.6511,6.8661,262.5356,0.00,VEHICLE,0,0,
-2650.0422,1441.3049,6.8655,260.7620,0.00,VEHICLE,0,0,
-2648.0583,1440.9698,6.8653,260.0962,0.00,VEHICLE,0,0,
-2645.8992,1440.5792,6.8633,259.7048,0.00,VEHICLE,0,0,
-2642.6733,1440.1058,6.8637,250.6853,0.00,VEHICLE,0,0,
-2640.1504,1439.1569,6.8640,238.3129,0.00,VEHICLE,0,0,
-2638.0667,1437.7598,6.8615,230.1958,0.00,VEHICLE,0,0,
-2636.3245,1436.1508,6.8630,226.0399,0.00,VEHICLE,0,0,
-2634.5784,1434.1804,6.8634,228.8794,0.00,VEHICLE,0,0,
-2632.5859,1432.6257,6.8637,243.9402,0.00,VEHICLE,0,0,
-2630.3645,1431.7444,6.8662,250.8264,0.00,VEHICLE,0,0,
-2627.8010,1430.9453,6.8666,252.6837,0.00,VEHICLE,0,0,
-2625.5884,1430.4402,6.8637,244.9092,0.00,VEHICLE,0,0,
-2623.6511,1429.6567,6.8638,224.9317,0.00,VEHICLE,0,0,
-2622.2236,1427.8862,6.8559,209.2265,0.00,VEHICLE,0,0,
-2621.2441,1425.7595,6.8591,205.0459,0.00,VEHICLE,0,0,
-2620.2913,1423.6318,6.8589,205.5155,0.00,VEHICLE,0,0,
-2619.3062,1421.6564,6.8580,207.1981,0.00,VEHICLE,0,0,
-2618.2937,1419.7092,6.8578,207.8763,0.00,VEHICLE,0,0,
-2617.1914,1417.6115,6.8675,208.0577,0.00,VEHICLE,0,0,
-2615.9534,1415.6232,6.8791,202.6125,0.00,VEHICLE,0,0,
-2614.9978,1413.5281,6.8915,180.5790,0.00,VEHICLE,0,0,
-2615.2664,1411.2455,6.8899,165.7724,0.00,VEHICLE,0,0,
-2616.0613,1408.7977,6.8875,162.2951,0.00,VEHICLE,0,0,
-2616.7886,1406.4943,6.8825,161.7329,0.00,VEHICLE,0,0,
-2617.4954,1404.1476,6.8742,156.5898,0.00,VEHICLE,0,0,
-2618.3794,1402.3062,6.8686,151.4012,0.00,VEHICLE,0,0,
-2619.4343,1400.2698,6.8660,146.4415,0.00,VEHICLE,0,0,
-2620.5049,1398.4351,6.8642,127.6720,0.00,VEHICLE,0,0,
-2622.5476,1397.1996,6.8651,115.1420,0.00,VEHICLE,0,0,
-2624.6404,1396.4630,6.8666,123.0294,0.00,VEHICLE,0,0,
-2626.5427,1395.0676,6.8661,130.1136,0.00,VEHICLE,0,0,
-2628.4697,1393.3256,6.8645,143.7777,0.00,VEHICLE,0,0,
-2629.6772,1391.4897,6.8644,149.3204,0.00,VEHICLE,0,0,
-2630.7041,1389.6698,6.8672,150.0216,0.00,VEHICLE,0,0,
-2631.9333,1387.5656,6.8927,150.1091,0.00,VEHICLE,0,0,
-2632.8938,1385.6810,6.9299,145.1924,0.00,VEHICLE,0,0,
-2634.1851,1383.9739,6.9524,134.7350,0.00,VEHICLE,0,0,
-2635.7000,1382.5808,6.9463,131.7169,0.00,VEHICLE,0,0,
-2637.3381,1381.1694,6.9334,131.2707,0.00,VEHICLE,0,0,
-2638.9116,1379.8634,6.9193,138.1752,0.00,VEHICLE,0,0,
-2640.2764,1378.1505,6.9083,145.3157,0.00,VEHICLE,0,0,
-2641.3782,1376.4781,6.9160,146.5910,0.00,VEHICLE,0,0,
-2642.5198,1374.8335,6.9180,155.1985,0.00,VEHICLE,0,0,
-2643.3286,1372.7880,6.9227,160.2329,0.00,VEHICLE,0,0,
-2644.1729,1370.4879,6.9252,162.6326,0.00,VEHICLE,0,0,
-2644.7559,1368.4052,6.9309,165.5099,0.00,VEHICLE,0,0,
-2645.3191,1366.2793,6.9288,172.9186,0.00,VEHICLE,0,0,
-2645.3191,1366.2793,6.9288,172.9186,0.00,VEHICLE,0,0,
route,xh5.csv,-2646.1248,1365.5682,6.9370,162.5027,0.00,VEHICLE,0,0,
-2646.1248,1365.5682,6.9370,162.5027,0.00,VEHICLE,0,0,
-2646.3923,1363.5269,6.9325,185.2672,0.00,VEHICLE,0,0,
-2646.4131,1361.5231,6.9387,183.0038,0.00,VEHICLE,0,0,
-2646.4951,1359.3062,6.9388,207.5033,0.00,VEHICLE,0,0,
-2645.4224,1357.5626,6.9333,241.0768,0.00,VEHICLE,0,0,
-2643.5535,1356.4628,6.9243,277.5900,0.00,VEHICLE,0,0,
-2641.4136,1357.0477,6.9134,320.7397,0.00,VEHICLE,0,0,
-2640.2922,1359.0897,6.9111,334.7760,0.00,VEHICLE,0,0,
-2639.2966,1361.2328,6.9058,335.5463,0.00,VEHICLE,0,0,
-2638.3638,1363.2841,6.8985,335.6936,0.00,VEHICLE,0,0,
-2637.4775,1365.2621,6.8988,335.7066,0.00,VEHICLE,0,0,
-2636.4951,1367.4276,6.8928,335.7592,0.00,VEHICLE,0,0,
-2635.5234,1369.5085,6.8880,344.6232,0.00,VEHICLE,0,0,
-2635.0706,1371.6000,6.8863,350.1256,0.00,VEHICLE,0,0,
-2634.5244,1373.6245,6.8836,2.3532,0.00,VEHICLE,0,0,
-2634.8252,1375.7565,6.8866,20.0019,0.00,VEHICLE,0,0,
-2635.6951,1377.9697,6.9054,20.7265,0.00,VEHICLE,0,0,
-2636.3687,1380.1312,6.9238,30.6436,0.00,VEHICLE,0,0,
-2637.7859,1382.1222,6.9411,40.4745,0.00,VEHICLE,0,0,
-2639.3157,1383.8258,6.9553,41.5757,0.00,VEHICLE,0,0,
-2640.8779,1385.6292,6.9355,42.1107,0.00,VEHICLE,0,0,
-2642.2446,1387.3961,6.8949,58.5365,0.00,VEHICLE,0,0,
-2644.0774,1388.2834,6.8836,83.2647,0.00,VEHICLE,0,0,
-2646.2834,1388.2869,6.8774,90.9446,0.00,VEHICLE,0,0,
-2648.6125,1388.2256,6.8846,91.6368,0.00,VEHICLE,0,0,
-2650.9639,1388.1649,6.8849,91.7486,0.00,VEHICLE,0,0,
-2653.2983,1388.1044,6.8926,92.5991,0.00,VEHICLE,0,0,
-2655.7988,1387.9413,6.9048,95.7922,0.00,VEHICLE,0,0,
-2658.0359,1387.6992,6.9066,96.4934,0.00,VEHICLE,0,0,
-2660.1572,1387.4679,6.9094,105.8389,0.00,VEHICLE,0,0,
-2662.2493,1386.7681,6.9168,110.5098,0.00,VEHICLE,0,0,
-2664.2590,1385.9900,6.9216,110.7674,0.00,VEHICLE,0,0,
-2666.3525,1385.2056,6.9195,110.8923,0.00,VEHICLE,0,0,
-2668.4814,1384.3604,6.9216,110.0965,0.00,VEHICLE,0,0,
-2670.7285,1383.6036,6.9132,103.6664,0.00,VEHICLE,0,0,
-2672.8000,1383.1459,6.9090,102.4677,0.00,VEHICLE,0,0,
-2674.7773,1382.6674,6.8991,100.6956,0.00,VEHICLE,0,0,
-2677.1472,1382.3115,6.8845,93.3783,0.00,VEHICLE,0,0,
-2679.4370,1382.1874,6.8766,90.5832,0.00,VEHICLE,0,0,
-2681.6870,1382.1639,6.8634,76.9900,0.00,VEHICLE,0,0,
-2683.7192,1382.7335,6.8597,73.7406,0.00,VEHICLE,0,0,
-2685.7717,1383.3439,6.8583,73.5760,0.00,VEHICLE,0,0,
-2687.8059,1383.9280,6.8586,70.2741,0.00,VEHICLE,0,0,
-2689.9778,1384.7432,6.8587,68.7436,0.00,VEHICLE,0,0,
-2691.8806,1385.4706,6.8624,67.6177,0.00,VEHICLE,0,0,
-2694.1492,1386.3197,6.8633,39.2344,0.00,VEHICLE,0,0,
-2694.8489,1388.2070,6.8679,0.1578,0.00,VEHICLE,0,0,
-2694.8733,1390.3381,6.8678,337.5104,0.00,VEHICLE,0,0,
-2693.8303,1392.3164,6.8661,329.5123,0.00,VEHICLE,0,0,
-2692.6333,1394.2959,6.8655,328.9431,0.00,VEHICLE,0,0,
-2691.5361,1396.1344,6.8664,328.8758,0.00,VEHICLE,0,0,
-2690.3479,1398.0941,6.8666,328.8690,0.00,VEHICLE,0,0,
-2689.2148,1399.9702,6.8638,328.8720,0.00,VEHICLE,0,0,
-2687.9805,1401.8602,6.8640,332.0339,0.00,VEHICLE,0,0,
-2687.8188,1403.9752,6.8644,25.5544,0.00,VEHICLE,0,0,
-2688.5984,1405.9064,6.8665,53.7057,0.00,VEHICLE,0,0,
-2690.2090,1407.1415,6.8663,86.6482,0.00,VEHICLE,0,0,
-2692.4417,1406.7650,6.8669,116.2144,0.00,VEHICLE,0,0,
-2694.3694,1405.8046,6.8663,150.1387,0.00,VEHICLE,0,0,
-2695.0405,1403.8351,6.8677,165.2422,0.00,VEHICLE,0,0,
-2695.6458,1401.5592,6.8662,165.5946,0.00,VEHICLE,0,0,
-2696.2061,1399.3689,6.8649,165.6300,0.00,VEHICLE,0,0,
-2696.8247,1396.9366,6.8668,165.6259,0.00,VEHICLE,0,0,
-2697.4294,1394.5903,6.8663,165.6273,0.00,VEHICLE,0,0,
-2697.9890,1392.4042,6.8631,165.6303,0.00,VEHICLE,0,0,
-2698.4944,1390.4279,6.8676,165.6293,0.00,VEHICLE,0,0,
-2699.2813,1388.1434,6.8642,175.3204,0.00,VEHICLE,0,0,
-2699.2661,1385.7931,6.8631,188.2000,0.00,VEHICLE,0,0,
-2699.0020,1383.6796,6.8651,195.9735,0.00,VEHICLE,0,0,
-2698.1426,1381.7725,6.8669,231.8992,0.00,VEHICLE,0,0,
-2696.3962,1380.6359,6.8646,237.1339,0.00,VEHICLE,0,0,
-2694.6584,1379.4519,6.8615,242.5326,0.00,VEHICLE,0,0,
-2692.8052,1378.5966,6.8647,246.3157,0.00,VEHICLE,0,0,
-2690.6094,1377.6326,6.8625,246.9472,0.00,VEHICLE,0,0,
-2688.6951,1376.7882,6.8603,257.4375,0.00,VEHICLE,0,0,
-2686.6226,1376.4697,6.8603,263.1842,0.00,VEHICLE,0,0,
-2684.6367,1376.2113,6.8620,272.5670,0.00,VEHICLE,0,0,
-2682.4031,1376.4447,6.8642,276.8287,0.00,VEHICLE,0,0,
-2680.0916,1376.7158,6.8629,277.0581,0.00,VEHICLE,0,0,
-2678.1016,1376.9634,6.8682,277.0764,0.00,VEHICLE,0,0,
-2675.8557,1377.2432,6.8791,277.0908,0.00,VEHICLE,0,0,
-2673.7947,1377.4987,6.8888,277.0966,0.00,VEHICLE,0,0,
-2671.4631,1377.7891,6.8991,277.1066,0.00,VEHICLE,0,0,
-2669.1863,1378.0729,6.9070,277.1191,0.00,VEHICLE,0,0,
-2667.1416,1378.3258,6.9140,277.1212,0.00,VEHICLE,0,0,
-2664.6458,1378.6354,6.9156,277.1257,0.00,VEHICLE,0,0,
-2661.9612,1378.9729,6.9155,277.1513,0.00,VEHICLE,0,0,
-2659.3896,1379.3318,6.9202,275.9381,0.00,VEHICLE,0,0,
-2656.8867,1379.5095,6.9186,269.6685,0.00,VEHICLE,0,0,
-2654.8445,1379.4540,6.9204,268.1860,0.00,VEHICLE,0,0,
-2652.7957,1379.3748,6.9174,268.0120,0.00,VEHICLE,0,0,
-2650.7351,1379.3992,6.9566,265.5490,0.00,VEHICLE,0,0,
-2648.6428,1379.3533,6.9461,235.0351,0.00,VEHICLE,0,0,
-2647.1892,1377.8398,6.9411,210.3997,0.00,VEHICLE,0,0,
-2646.1201,1375.9254,6.9321,188.5231,0.00,VEHICLE,0,0,
-2645.8960,1373.8684,6.9349,187.2384,0.00,VEHICLE,0,0,
-2645.4773,1371.6376,6.9303,179.4333,0.00,VEHICLE,0,0,
-2645.7119,1369.5935,6.9352,169.3732,0.00,VEHICLE,0,0,
-2646.1499,1367.4111,6.9330,168.4547,0.00,VEHICLE,0,0,
-2646.1499,1367.4111,6.9330,168.4547,0.00,VEHICLE,0,0,
route,xh1.csv,-2646.4666,1364.7267,6.9377,0.9782,0.00,VEHICLE,0,0,
-2646.4666,1364.7267,6.9377,0.9782,0.00,VEHICLE,0,0,
-2646.5000,1366.8337,6.9367,0.7793,0.00,VEHICLE,0,0,
-2646.6243,1368.8466,6.9359,2.9932,0.00,VEHICLE,0,0,
-2646.7195,1370.8722,6.9388,2.5084,0.00,VEHICLE,0,0,
-2646.8037,1373.0139,6.9386,2.0155,0.00,VEHICLE,0,0,
-2646.8794,1375.1509,6.9392,1.9386,0.00,VEHICLE,0,0,
-2646.7544,1377.4115,6.9367,12.1998,0.00,VEHICLE,0,0,
-2647.0530,1379.4722,6.9372,46.3054,0.00,VEHICLE,0,0,
-2648.9795,1380.4844,6.9484,70.5821,0.00,VEHICLE,0,0,
-2650.8843,1381.1233,6.9566,71.7086,0.00,VEHICLE,0,0,
-2653.0496,1381.8439,6.9435,71.8155,0.00,VEHICLE,0,0,
-2655.0525,1382.5367,6.9461,73.6777,0.00,VEHICLE,0,0,
-2657.1968,1383.1580,6.9510,84.5417,0.00,VEHICLE,0,0,
-2659.3147,1383.2899,6.9476,88.9059,0.00,VEHICLE,0,0,
-2661.6943,1383.3051,6.9526,91.2913,0.00,VEHICLE,0,0,
-2664.0000,1383.1813,6.9508,100.9846,0.00,VEHICLE,0,0,
-2666.0610,1382.7396,6.9427,102.9344,0.00,VEHICLE,0,0,
-2668.4675,1382.2756,6.9301,108.4534,0.00,VEHICLE,0,0,
-2670.5469,1381.4976,6.9160,121.5717,0.00,VEHICLE,0,0,
-2672.3071,1380.2856,6.9061,125.0919,0.00,VEHICLE,0,0,
-2674.1580,1378.8694,6.8927,123.1078,0.00,VEHICLE,0,0,
-2676.1553,1377.4734,6.8795,103.0972,0.00,VEHICLE,0,0,
-2678.3218,1377.1294,6.8652,94.3950,0.00,VEHICLE,0,0,
-2680.4583,1377.0653,6.8637,92.7984,0.00,VEHICLE,0,0,
-2682.9751,1376.9355,6.8631,92.6822,0.00,VEHICLE,0,0,
-2685.3828,1376.8121,6.8622,92.6550,0.00,VEHICLE,0,0,
-2687.4688,1376.7435,6.8591,93.4258,0.00,VEHICLE,0,0,
-2689.8811,1376.5426,6.8631,96.3263,0.00,VEHICLE,0,0,
-2692.2847,1376.2607,6.8618,96.5608,0.00,VEHICLE,0,0,
-2694.4507,1376.0132,6.8603,96.5767,0.00,VEHICLE,0,0,
-2696.7515,1375.7495,6.8620,96.5829,0.00,VEHICLE,0,0,
-2698.7485,1375.5177,6.8615,96.5828,0.00,VEHICLE,0,0,
-2700.8345,1375.2766,6.8690,96.5781,0.00,VEHICLE,0,0,
-2702.8652,1375.0389,6.8874,96.5113,0.00,VEHICLE,0,0,
-2704.8774,1374.9695,6.9197,72.4401,0.00,VEHICLE,0,0,
-2706.8884,1374.8192,6.9121,92.9447,0.00,VEHICLE,0,0,
-2704.5525,1375.0812,6.8978,87.5600,0.00,VEHICLE,0,0,
-2706.0962,1376.8004,6.9128,12.3652,0.00,VEHICLE,0,0,
-2706.5044,1379.0498,6.9134,331.3932,0.00,VEHICLE,0,0,
-2705.3433,1380.6857,6.9003,301.9507,0.00,VEHICLE,0,0,
-2703.2888,1381.7202,6.8856,292.0681,0.00,VEHICLE,0,0,
-2701.3711,1382.5490,6.8721,259.5015,0.00,VEHICLE,0,0,
-2699.3816,1381.5908,6.8640,225.6476,0.00,VEHICLE,0,0,
-2698.0034,1379.9921,6.8665,237.6111,0.00,VEHICLE,0,0,
-2695.9810,1378.8910,6.8639,243.8990,0.00,VEHICLE,0,0,
-2694.0837,1377.9258,6.8638,259.0858,0.00,VEHICLE,0,0,
-2692.0200,1377.6415,6.8622,265.8147,0.00,VEHICLE,0,0,
-2689.8325,1377.5498,6.8625,267.2664,0.00,VEHICLE,0,0,
-2687.6855,1377.4587,6.8631,267.5229,0.00,VEHICLE,0,0,
-2685.6350,1377.2922,6.8630,269.9490,0.00,VEHICLE,0,0,
-2683.5276,1377.3245,6.8631,277.1019,0.00,VEHICLE,0,0,
-2681.3884,1377.6473,6.8630,280.4697,0.00,VEHICLE,0,0,
-2678.6650,1378.2183,6.8703,281.8312,0.00,VEHICLE,0,0,
-2675.8713,1378.8225,6.8857,282.2846,0.00,VEHICLE,0,0,
-2673.4841,1379.3348,6.8975,282.4316,0.00,VEHICLE,0,0,
-2671.4167,1379.7869,6.9080,282.4878,0.00,VEHICLE,0,0,
-2669.4370,1380.2277,6.9180,282.5182,0.00,VEHICLE,0,0,
-2667.4937,1380.7322,6.9277,280.6989,0.00,VEHICLE,0,0,
-2665.4670,1381.2574,6.9350,271.4860,0.00,VEHICLE,0,0,
-2662.8123,1381.1879,6.9310,260.6296,0.00,VEHICLE,0,0,
-2660.5735,1380.6969,6.9282,255.7665,0.00,VEHICLE,0,0,
-2658.0708,1379.9595,6.9228,253.9419,0.00,VEHICLE,0,0,
-2655.4475,1379.2104,6.9201,253.5820,0.00,VEHICLE,0,0,
-2653.2070,1378.5601,6.9116,253.5385,0.00,VEHICLE,0,0,
-2650.8811,1377.8732,6.9463,253.2668,0.00,VEHICLE,0,0,
-2648.6240,1377.1804,6.9438,244.1149,0.00,VEHICLE,0,0,
-2646.7551,1376.3210,6.9375,230.0752,0.00,VEHICLE,0,0,
-2645.2063,1374.9393,6.9282,196.8756,0.00,VEHICLE,0,0,
-2644.7566,1372.8734,6.9299,190.9253,0.00,VEHICLE,0,0,
-2644.2644,1370.6925,6.9254,167.4562,0.00,VEHICLE,0,0,
-2644.9597,1368.6892,6.9323,160.2242,0.00,VEHICLE,0,0,
-2645.6685,1366.6566,6.9310,160.3820,0.00,VEHICLE,0,0,
-2646.1704,1364.6995,6.9329,179.9322,0.00,VEHICLE,0,0,
-2646.1704,1364.6995,6.9329,179.9322,0.00,VEHICLE,0,0,
route,xh4.csv,-2645.8997,1364.5770,6.9347,181.6147,0.00,VEHICLE,0,0,
-2645.8997,1364.5770,6.9347,181.6147,0.00,VEHICLE,0,0,
-2645.9912,1362.5765,6.9385,203.5946,0.00,VEHICLE,0,0,
-2644.9207,1360.8197,6.9320,237.4462,0.00,VEHICLE,0,0,
-2643.1472,1359.7595,6.9224,243.2831,0.00,VEHICLE,0,0,
-2641.1028,1358.5638,6.9122,257.4805,0.00,VEHICLE,0,0,
-2639.1069,1358.1121,6.9066,288.5972,0.00,VEHICLE,0,0,
-2637.2263,1359.0768,6.8940,303.4882,0.00,VEHICLE,0,0,
-2635.5024,1360.3710,6.8888,306.4603,0.00,VEHICLE,0,0,
-2633.6121,1361.7161,6.8803,318.8954,0.00,VEHICLE,0,0,
-2632.3279,1363.3429,6.8750,325.1486,0.00,VEHICLE,0,0,
-2631.0598,1365.2992,6.8696,326.5795,0.00,VEHICLE,0,0,
-2629.8252,1367.1763,6.8616,326.7815,0.00,VEHICLE,0,0,
-2628.5840,1369.0496,6.8599,326.8224,0.00,VEHICLE,0,0,
-2627.1726,1371.2196,6.8525,326.8374,0.00,VEHICLE,0,0,
-2626.0159,1372.9935,6.8609,326.8365,0.00,VEHICLE,0,0,
-2624.7510,1374.7157,6.8767,331.8872,0.00,VEHICLE,0,0,
-2623.7778,1376.6429,6.8934,341.8931,0.00,VEHICLE,0,0,
-2623.1165,1379.0049,6.9103,346.2704,0.00,VEHICLE,0,0,
-2622.6960,1380.9801,6.9307,346.9532,0.00,VEHICLE,0,0,
-2622.2041,1383.0687,6.9501,347.0407,0.00,VEHICLE,0,0,
-2621.6484,1385.4458,6.9406,347.0682,0.00,VEHICLE,0,0,
-2621.0403,1388.1533,6.8924,347.0509,0.00,VEHICLE,0,0,
-2620.5825,1390.1506,6.8730,347.0315,0.00,VEHICLE,0,0,
-2620.1130,1392.1566,6.8641,347.0128,0.00,VEHICLE,0,0,
-2619.6519,1394.1361,6.8667,347.0097,0.00,VEHICLE,0,0,
-2619.1641,1396.2585,6.8660,347.0107,0.00,VEHICLE,0,0,
-2618.6345,1398.5665,6.8660,347.0078,0.00,VEHICLE,0,0,
-2618.0933,1400.9106,6.8662,347.0061,0.00,VEHICLE,0,0,
-2617.5022,1403.4448,6.8761,347.1075,0.00,VEHICLE,0,0,
-2616.9028,1406.0170,6.8803,353.3424,0.00,VEHICLE,0,0,
-2616.7004,1408.3430,6.8778,358.0920,0.00,VEHICLE,0,0,
-2616.6785,1410.6923,6.8770,359.5369,0.00,VEHICLE,0,0,
-2616.6211,1413.1390,6.8783,2.7181,0.00,VEHICLE,0,0,
-2616.7466,1415.5137,6.8727,16.5351,0.00,VEHICLE,0,0,
-2617.5107,1417.6528,6.8640,21.1283,0.00,VEHICLE,0,0,
-2618.4153,1419.8691,6.8624,21.5276,0.00,VEHICLE,0,0,
-2619.1924,1421.8987,6.8605,21.5641,0.00,VEHICLE,0,0,
-2620.1299,1424.2869,6.8588,21.5861,0.00,VEHICLE,0,0,
-2620.8823,1426.3121,6.8556,23.5461,0.00,VEHICLE,0,0,
-2621.7439,1428.1354,6.8568,39.9151,0.00,VEHICLE,0,0,
-2623.1880,1429.5996,6.8606,45.7004,0.00,VEHICLE,0,0,
-2624.5789,1431.1917,6.8665,60.1473,0.00,VEHICLE,0,0,
-2626.3943,1432.0419,6.8629,93.2163,0.00,VEHICLE,0,0,
-2628.5874,1431.7943,6.8663,98.2469,0.00,VEHICLE,0,0,
-2630.9324,1431.2888,6.8654,91.9966,0.00,VEHICLE,0,0,
-2632.9575,1431.3599,6.8632,61.9298,0.00,VEHICLE,0,0,
-2634.8740,1432.5209,6.8670,66.5479,0.00,VEHICLE,0,0,
-2636.8943,1433.3602,6.8648,67.8435,0.00,VEHICLE,0,0,
-2638.8074,1434.1156,6.8604,67.6780,0.00,VEHICLE,0,0,
-2640.8679,1435.0051,6.8594,33.4218,0.00,VEHICLE,0,0,
-2641.9866,1436.9153,6.8619,350.4119,0.00,VEHICLE,0,0,
-2641.5391,1438.9635,6.8660,311.6859,0.00,VEHICLE,0,0,
-2639.9290,1440.2833,6.8633,269.5556,0.00,VEHICLE,0,0,
-2637.7268,1439.6821,6.8656,217.3829,0.00,VEHICLE,0,0,
-2636.7544,1437.8573,6.8683,206.4627,0.00,VEHICLE,0,0,
-2635.8264,1435.7776,6.8669,227.3865,0.00,VEHICLE,0,0,
-2634.1201,1434.3710,6.8660,235.6948,0.00,VEHICLE,0,0,
-2632.3809,1433.1991,6.8671,252.8467,0.00,VEHICLE,0,0,
-2630.1577,1432.6564,6.8656,259.7859,0.00,VEHICLE,0,0,
-2627.9033,1432.3258,6.8664,261.0946,0.00,VEHICLE,0,0,
-2625.5808,1432.1942,6.8651,251.9373,0.00,VEHICLE,0,0,
-2623.6816,1431.5267,6.8663,239.4105,0.00,VEHICLE,0,0,
-2621.6096,1430.1022,6.8623,233.0686,0.00,VEHICLE,0,0,
-2619.8740,1428.7024,6.8671,231.9672,0.00,VEHICLE,0,0,
-2618.2734,1427.4749,6.8682,231.6477,0.00,VEHICLE,0,0,
-2616.4636,1426.2833,6.8864,220.8441,0.00,VEHICLE,0,0,
-2615.1748,1424.6359,6.9092,206.9553,0.00,VEHICLE,0,0,
-2614.1719,1422.2296,6.9197,199.9574,0.00,VEHICLE,0,0,
-2613.4722,1420.3281,6.9233,195.6505,0.00,VEHICLE,0,0,
-2612.9407,1418.2415,6.9224,183.4390,0.00,VEHICLE,0,0,
-2612.8984,1416.2089,6.9153,177.5260,0.00,VEHICLE,0,0,
-2613.0386,1414.0453,6.9134,174.5200,0.00,VEHICLE,0,0,
-2613.2839,1411.9685,6.9098,168.1559,0.00,VEHICLE,0,0,
-2613.8438,1409.5929,6.9082,164.9778,0.00,VEHICLE,0,0,
-2614.4314,1407.3698,6.9058,163.2488,0.00,VEHICLE,0,0,
-2615.0408,1405.4375,6.8931,157.9874,0.00,VEHICLE,0,0,
-2615.8066,1403.5541,6.8821,154.9933,0.00,VEHICLE,0,0,
-2616.6833,1401.3334,6.8658,135.0660,0.00,VEHICLE,0,0,
-2618.3879,1399.9875,6.8653,121.2908,0.00,VEHICLE,0,0,
-2620.2996,1398.9517,6.8668,118.6133,0.00,VEHICLE,0,0,
-2622.4321,1397.8029,6.8664,118.3791,0.00,VEHICLE,0,0,
-2624.5752,1396.7104,6.8668,131.1306,0.00,VEHICLE,0,0,
-2626.1836,1395.1492,6.8655,139.1868,0.00,VEHICLE,0,0,
-2627.5049,1393.4836,6.8659,141.6916,0.00,VEHICLE,0,0,
-2628.8508,1391.7111,6.8660,142.3228,0.00,VEHICLE,0,0,
-2630.1226,1390.0693,6.8662,142.4662,0.00,VEHICLE,0,0,
-2631.5276,1388.2689,6.8759,142.5165,0.00,VEHICLE,0,0,
-2632.9021,1386.4902,6.9151,142.5316,0.00,VEHICLE,0,0,
-2634.4226,1384.5968,6.9495,145.3221,0.00,VEHICLE,0,0,
-2635.6145,1382.7354,6.9455,152.0934,0.00,VEHICLE,0,0,
-2636.6638,1380.5861,6.9283,154.7612,0.00,VEHICLE,0,0,
-2637.5154,1378.7209,6.9129,155.2011,0.00,VEHICLE,0,0,
-2638.4326,1376.4744,6.8971,149.5446,0.00,VEHICLE,0,0,
-2639.7104,1374.5762,6.9050,139.5996,0.00,VEHICLE,0,0,
-2641.0671,1373.1064,6.9145,137.1792,0.00,VEHICLE,0,0,
-2642.7083,1371.4381,6.9189,139.4676,0.00,VEHICLE,0,0,
-2644.0203,1369.7842,6.9240,143.6527,0.00,VEHICLE,0,0,
-2645.2522,1368.1813,6.9319,156.9391,0.00,VEHICLE,0,0,
-2645.9033,1366.2433,6.9339,162.4464,0.00,VEHICLE,0,0,
-2645.9033,1366.2433,6.9339,162.4464,0.00,VEHICLE,0,0,
route,xh3.csv,-2644.9524,1364.7275,6.9307,139.0437,0.00,VEHICLE,0,0,
-2644.9524,1364.7275,6.9307,139.0437,0.00,VEHICLE,0,0,
-2645.0837,1362.7302,6.9315,214.6159,0.00,VEHICLE,0,0,
-2643.8181,1361.0848,6.9256,218.1684,0.00,VEHICLE,0,0,
-2642.3030,1359.1768,6.9194,218.6635,0.00,VEHICLE,0,0,
-2640.9316,1357.4573,6.9132,218.7510,0.00,VEHICLE,0,0,
-2639.3767,1355.5253,6.9064,218.7675,0.00,VEHICLE,0,0,
-2637.8228,1353.5923,6.8992,218.7632,0.00,VEHICLE,0,0,
-2636.2876,1351.6779,6.8924,218.7576,0.00,VEHICLE,0,0,
-2634.8889,1349.9349,6.8864,218.7537,0.00,VEHICLE,0,0,
-2633.3750,1348.0490,6.8797,218.7490,0.00,VEHICLE,0,0,
-2631.9998,1346.2091,6.8932,221.4676,0.00,VEHICLE,0,0,
-2630.4507,1344.3112,6.9227,235.8474,0.00,VEHICLE,0,0,
-2628.7537,1343.2397,6.9380,245.5241,0.00,VEHICLE,0,0,
-2626.6543,1342.4259,6.9560,251.2146,0.00,VEHICLE,0,0,
-2624.6509,1341.8452,6.9600,253.4354,0.00,VEHICLE,0,0,
-2622.0562,1341.0811,6.9592,254.0580,0.00,VEHICLE,0,0,
-2619.6089,1340.3678,6.9575,254.2291,0.00,VEHICLE,0,0,
-2617.6226,1339.7119,6.9607,258.1509,0.00,VEHICLE,0,0,
-2615.5376,1339.2639,6.9604,269.6231,0.00,VEHICLE,0,0,
-2612.9773,1339.3625,6.9565,275.0912,0.00,VEHICLE,0,0,
-2610.6682,1339.6432,6.9567,276.3192,0.00,VEHICLE,0,0,
-2608.3298,1339.9048,6.9568,276.4946,0.00,VEHICLE,0,0,
-2606.1794,1340.1384,6.9561,276.5289,0.00,VEHICLE,0,0,
-2603.4680,1340.4518,6.9569,276.5435,0.00,VEHICLE,0,0,
-2601.4380,1340.5742,6.9513,280.2102,0.00,VEHICLE,0,0,
-2599.3921,1340.8162,6.8412,287.2539,0.00,VEHICLE,0,0,
-2597.3418,1341.5170,6.8008,291.9077,0.00,VEHICLE,0,0,
-2595.1602,1342.5166,6.8079,293.5268,0.00,VEHICLE,0,0,
-2592.6221,1343.6376,6.8073,293.9349,0.00,VEHICLE,0,0,
-2590.7747,1344.4331,6.8068,294.0170,0.00,VEHICLE,0,0,
-2588.2751,1345.5430,6.8058,294.0641,0.00,VEHICLE,0,0,
-2586.1460,1346.5057,6.8049,294.0723,0.00,VEHICLE,0,0,
-2584.0171,1347.4622,6.8041,294.0687,0.00,VEHICLE,0,0,
-2581.8323,1348.4349,6.8021,294.0663,0.00,VEHICLE,0,0,
-2579.4807,1349.4819,6.8007,294.0739,0.00,VEHICLE,0,0,
-2577.0938,1350.5499,6.8015,294.0791,0.00,VEHICLE,0,0,
-2575.0862,1351.4484,6.8013,294.0757,0.00,VEHICLE,0,0,
-2573.0601,1352.3516,6.8015,294.0760,0.00,VEHICLE,0,0,
-2570.9863,1353.1145,6.8033,303.2668,0.00,VEHICLE,0,0,
-2569.2356,1354.5311,6.8035,313.7509,0.00,VEHICLE,0,0,
-2567.6294,1356.1071,6.8041,314.2888,0.00,VEHICLE,0,0,
-2566.0022,1357.4977,6.8037,325.2410,0.00,VEHICLE,0,0,
-2564.8728,1359.3232,6.8033,333.4557,0.00,VEHICLE,0,0,
-2563.8750,1361.5212,6.8038,335.4098,0.00,VEHICLE,0,0,
-2562.8125,1363.8949,6.8036,335.6758,0.00,VEHICLE,0,0,
-2561.8760,1365.9349,6.8036,335.7162,0.00,VEHICLE,0,0,
-2560.9880,1367.7822,6.8035,337.0957,0.00,VEHICLE,0,0,
-2560.0740,1369.9277,6.8018,348.1092,0.00,VEHICLE,0,0,
-2559.6631,1372.3599,6.8298,352.1057,0.00,VEHICLE,0,0,
-2558.7559,1374.1938,6.9364,327.1467,0.00,VEHICLE,0,0,
-2557.1912,1375.8367,6.8626,314.3312,0.00,VEHICLE,0,0,
-2555.4407,1376.9888,6.9211,335.9424,0.00,VEHICLE,0,0,
-2554.9856,1378.9530,6.9503,22.1847,0.00,VEHICLE,0,0,
-2555.9382,1380.7195,6.9537,61.9216,0.00,VEHICLE,0,0,
-2557.9353,1381.3666,6.9545,75.6608,0.00,VEHICLE,0,0,
-2559.9355,1381.8051,6.9485,65.7574,0.00,VEHICLE,0,0,
-2561.7549,1382.8175,6.9527,57.1295,0.00,VEHICLE,0,0,
-2563.5798,1384.0618,6.9524,51.0903,0.00,VEHICLE,0,0,
-2565.1433,1385.3719,6.9494,50.4247,0.00,VEHICLE,0,0,
-2566.7764,1386.7186,6.9527,77.4330,0.00,VEHICLE,0,0,
-2568.8430,1386.9196,6.9539,87.7650,0.00,VEHICLE,0,0,
-2571.0969,1387.0072,6.9518,88.0647,0.00,VEHICLE,0,0,
-2573.4248,1387.0826,6.9360,88.1030,0.00,VEHICLE,0,0,
-2575.5959,1387.1442,6.9230,88.0902,0.00,VEHICLE,0,0,
-2578.0425,1387.2329,6.9252,88.0785,0.00,VEHICLE,0,0,
-2580.0833,1387.3042,6.9229,88.0707,0.00,VEHICLE,0,0,
-2582.2556,1387.3751,6.9195,88.0578,0.00,VEHICLE,0,0,
-2584.8569,1387.4614,6.9194,88.0394,0.00,VEHICLE,0,0,
-2586.9155,1387.5332,6.9187,88.0359,0.00,VEHICLE,0,0,
-2589.0752,1387.6085,6.9184,88.0253,0.00,VEHICLE,0,0,
-2591.2668,1387.6835,6.9203,88.0180,0.00,VEHICLE,0,0,
-2593.6670,1387.7643,6.9313,88.0144,0.00,VEHICLE,0,0,
-2596.0942,1387.8483,6.9427,88.0037,0.00,VEHICLE,0,0,
-2598.6118,1387.9373,6.9528,87.9896,0.00,VEHICLE,0,0,
-2601.3953,1388.0471,6.9459,87.9792,0.00,VEHICLE,0,0,
-2604.0645,1388.1498,6.9287,88.0090,0.00,VEHICLE,0,0,
-2606.5476,1388.2327,6.9180,88.0350,0.00,VEHICLE,0,0,
-2609.1101,1388.3159,6.9160,88.0429,0.00,VEHICLE,0,0,
-2611.5254,1388.3989,6.9165,88.0587,0.00,VEHICLE,0,0,
-2614.0662,1388.4877,6.9126,88.0695,0.00,VEHICLE,0,0,
-2616.5718,1388.5719,6.9001,88.1127,0.00,VEHICLE,0,0,
-2618.6660,1388.6401,6.8949,88.1344,0.00,VEHICLE,0,0,
-2620.7656,1388.7084,6.8904,88.1301,0.00,VEHICLE,0,0,
-2623.0608,1388.7833,6.8808,88.1518,0.00,VEHICLE,0,0,
-2625.4143,1388.8589,6.8707,88.1984,0.00,VEHICLE,0,0,
-2627.6819,1388.9574,6.8709,92.0530,0.00,VEHICLE,0,0,
-2629.9668,1388.8235,6.8722,95.0831,0.00,VEHICLE,0,0,
-2632.1638,1388.6046,6.8734,95.7581,0.00,VEHICLE,0,0,
-2634.4512,1388.4666,6.8776,105.3025,0.00,VEHICLE,0,0,
-2636.6233,1387.7394,6.8873,111.6641,0.00,VEHICLE,0,0,
-2638.5588,1386.9315,6.9069,112.0790,0.00,VEHICLE,0,0,
-2640.6877,1386.0817,6.9234,112.1559,0.00,VEHICLE,0,0,
-2642.7439,1385.2358,6.9369,112.2465,0.00,VEHICLE,0,0,
-2644.7725,1384.5406,6.9491,128.2199,0.00,VEHICLE,0,0,
-2646.1504,1382.9194,6.9474,163.4588,0.00,VEHICLE,0,0,
-2646.5217,1380.8027,6.9372,183.7478,0.00,VEHICLE,0,0,
-2646.3069,1378.7362,6.9339,187.3592,0.00,VEHICLE,0,0,
-2645.9529,1376.6226,6.9359,186.2721,0.00,VEHICLE,0,0,
-2645.8589,1374.5599,6.9340,177.4162,0.00,VEHICLE,0,0,
-2645.9749,1372.2898,6.9330,177.2292,0.00,VEHICLE,0,0,
-2646.0605,1370.1080,6.9346,181.2520,0.00,VEHICLE,0,0,
-2645.9939,1367.9496,6.9336,181.6509,0.00,VEHICLE,0,0,
-2645.9341,1365.7592,6.9331,181.6604,0.00,VEHICLE,0,0,
-2645.9341,1365.7592,6.9331,181.6604,0.00,VEHICLE,0,0,
route,xh2.csv,-2646.1501,1364.8181,6.9374,181.8165,0.00,VEHICLE,0,0,
-2646.1501,1364.8181,6.9374,181.8165,0.00,VEHICLE,0,0,
-2645.3350,1362.7935,6.9334,221.0708,0.00,VEHICLE,0,0,
-2643.7852,1361.4652,6.9252,208.3960,0.00,VEHICLE,0,0,
-2643.0037,1359.3041,6.9216,192.1607,0.00,VEHICLE,0,0,
-2642.6675,1357.3275,6.9192,189.5033,0.00,VEHICLE,0,0,
-2642.3069,1355.1716,6.9197,189.1125,0.00,VEHICLE,0,0,
-2642.0615,1353.1511,6.9177,197.6195,0.00,VEHICLE,0,0,
-2641.1404,1350.7255,6.9139,204.6091,0.00,VEHICLE,0,0,
-2640.1104,1348.6237,6.9095,205.9750,0.00,VEHICLE,0,0,
-2639.2178,1346.8246,6.9054,206.2814,0.00,VEHICLE,0,0,
-2638.1362,1344.4486,6.9000,212.6801,0.00,VEHICLE,0,0,
-2636.6824,1342.4023,6.8998,220.4629,0.00,VEHICLE,0,0,
-2635.2190,1340.8044,6.9284,222.4491,0.00,VEHICLE,0,0,
-2633.4880,1338.9583,6.9550,222.8760,0.00,VEHICLE,0,0,
-2631.9595,1337.3070,6.9615,222.7468,0.00,VEHICLE,0,0,
-2630.2161,1335.4320,6.9584,212.5282,0.00,VEHICLE,0,0,
-2629.1328,1333.5685,6.9569,206.0479,0.00,VEHICLE,0,0,
-2628.2051,1331.4878,6.9611,204.3416,0.00,VEHICLE,0,0,
-2627.2297,1329.2858,6.9602,204.0394,0.00,VEHICLE,0,0,
-2626.3789,1327.4056,6.9597,203.9953,0.00,VEHICLE,0,0,
-2625.4097,1325.2427,6.9559,204.2165,0.00,VEHICLE,0,0,
-2624.5803,1323.3905,6.9487,204.3283,0.00,VEHICLE,0,0,
-2623.6738,1321.3804,6.9532,204.3704,0.00,VEHICLE,0,0,
-2622.8589,1319.4664,6.9508,207.1459,0.00,VEHICLE,0,0,
-2621.6567,1317.2560,6.8137,211.2692,0.00,VEHICLE,0,0,
-2620.5566,1315.3210,6.8004,216.5529,0.00,VEHICLE,0,0,
-2619.2925,1313.7535,6.8006,228.3067,0.00,VEHICLE,0,0,
-2617.6050,1312.4172,6.8015,233.2344,0.00,VEHICLE,0,0,
-2615.9126,1311.0503,6.8044,251.7620,0.00,VEHICLE,0,0,
-2613.7266,1310.6335,6.8053,263.3579,0.00,VEHICLE,0,0,
-2611.4661,1310.3835,6.8287,264.2292,0.00,VEHICLE,0,0,
-2609.2290,1309.9897,6.9616,277.9930,0.00,VEHICLE,0,0,
-2607.1738,1310.3785,6.9529,294.5622,0.00,VEHICLE,0,0,
-2605.1987,1311.3846,6.9533,334.3851,0.00,VEHICLE,0,0,
-2604.3979,1313.3829,6.9524,10.6411,0.00,VEHICLE,0,0,
-2605.0178,1315.3655,6.9496,46.4005,0.00,VEHICLE,0,0,
-2606.7920,1316.4447,6.8033,60.9317,0.00,VEHICLE,0,0,
-2608.7107,1317.2865,6.8032,52.1442,0.00,VEHICLE,0,0,
-2610.5168,1318.7596,6.8035,23.3806,0.00,VEHICLE,0,0,
-2611.2502,1321.0059,6.8038,17.0661,0.00,VEHICLE,0,0,
-2612.0212,1323.2358,6.8032,12.6661,0.00,VEHICLE,0,0,
-2612.4578,1325.1896,6.8010,357.1815,0.00,VEHICLE,0,0,
-2612.1731,1327.5190,6.8046,352.2308,0.00,VEHICLE,0,0,
-2611.8560,1329.5444,6.8251,351.7594,0.00,VEHICLE,0,0,
-2611.4675,1331.8462,6.9296,351.4971,0.00,VEHICLE,0,0,
-2611.1614,1334.3019,6.9517,352.2415,0.00,VEHICLE,0,0,
-2610.8706,1336.9353,6.9534,352.3456,0.00,VEHICLE,0,0,
-2610.4717,1339.3470,6.9542,356.7553,0.00,VEHICLE,0,0,
-2610.3979,1341.6766,6.9601,1.4313,0.00,VEHICLE,0,0,
-2610.5254,1344.3105,6.9602,2.3198,0.00,VEHICLE,0,0,
-2610.6228,1346.3815,6.9594,2.4084,0.00,VEHICLE,0,0,
-2610.7336,1349.3728,6.9602,2.4395,0.00,VEHICLE,0,0,
-2610.8264,1351.6556,6.9593,2.4523,0.00,VEHICLE,0,0,
-2610.9038,1354.2114,6.9345,3.6558,0.00,VEHICLE,0,0,
-2610.9546,1356.4823,6.9052,19.1149,0.00,VEHICLE,0,0,
-2612.0020,1358.7554,6.8839,39.9301,0.00,VEHICLE,0,0,
-2613.7556,1360.5056,6.8618,46.4769,0.00,VEHICLE,0,0,
-2615.6836,1362.2117,6.8419,47.3126,0.00,VEHICLE,0,0,
-2617.2061,1363.6377,6.8199,47.3983,0.00,VEHICLE,0,0,
-2618.8394,1365.1732,6.8126,47.4402,0.00,VEHICLE,0,0,
-2620.4771,1366.6744,6.8234,47.4569,0.00,VEHICLE,0,0,
-2622.2734,1368.3052,6.8294,47.4605,0.00,VEHICLE,0,0,
-2623.9849,1369.8719,6.8391,47.4580,0.00,VEHICLE,0,0,
-2625.6541,1371.4067,6.8474,47.4555,0.00,VEHICLE,0,0,
-2627.1531,1372.8472,6.8579,49.5709,0.00,VEHICLE,0,0,
-2628.9888,1374.2473,6.8745,60.6531,0.00,VEHICLE,0,0,
-2630.9626,1375.2750,6.8789,63.4598,0.00,VEHICLE,0,0,
-2632.7861,1376.1882,6.8882,64.9464,0.00,VEHICLE,0,0,
-2634.6406,1377.0160,6.8991,86.8005,0.00,VEHICLE,0,0,
-2636.9307,1376.9402,6.8947,95.4306,0.00,VEHICLE,0,0,
-2639.1165,1376.6139,6.9068,113.2573,0.00,VEHICLE,0,0,
-2641.0479,1375.8311,6.9148,136.6125,0.00,VEHICLE,0,0,
-2642.2893,1374.1809,6.9163,178.6563,0.00,VEHICLE,0,0,
-2642.3533,1372.0184,6.9202,163.6507,0.00,VEHICLE,0,0,
-2642.9639,1369.8634,6.9220,164.0864,0.00,VEHICLE,0,0,
-2643.5664,1367.7067,6.9254,163.7275,0.00,VEHICLE,0,0,
-2644.1221,1365.7178,6.9242,145.0481,0.00,VEHICLE,0,0,
-2644.1221,1365.7178,6.9242,145.0481,0.00,VEHICLE,0,0,