route,route2.csv,-1574.5012,81.6468,3.5382,155.8742,0.00,VEHICLE,0,0,
-1574.5012,81.6468,3.5382,155.8742,0.00,VEHICLE,0,0,
-1575.9841,80.0084,3.5485,143.0058,0.00,VEHICLE,0,0,
-1577.9399,78.5318,3.5488,132.4493,0.00,VEHICLE,0,0,
-1579.5189,77.1480,3.5487,131.9608,0.00,VEHICLE,0,0,
-1581.2867,75.5609,3.5487,131.9119,0.00,VEHICLE,0,0,
-1582.7837,74.2091,3.5485,131.9047,0.00,VEHICLE,0,0,
-1584.6919,72.4897,3.5487,131.9037,0.00,VEHICLE,0,0,
-1586.3915,70.9632,3.5488,131.9049,0.00,VEHICLE,0,0,
-1588.2653,69.2830,3.5482,131.9064,0.00,VEHICLE,0,0,
-1590.2194,67.5315,3.5478,131.9072,0.00,VEHICLE,0,0,
-1592.2834,65.6802,3.5477,131.9072,0.00,VEHICLE,0,0,
-1594.4537,63.7324,3.5477,131.9068,0.00,VEHICLE,0,0,
-1595.9844,62.3584,3.5477,131.9065,0.00,VEHICLE,0,0,
-1597.5847,60.9218,3.5477,131.9063,0.00,VEHICLE,0,0,
-1599.2552,59.4222,3.5477,131.9063,0.00,VEHICLE,0,0,
-1601.0099,57.8472,3.5477,131.9063,0.00,VEHICLE,0,0,
-1602.7413,56.2933,3.5477,131.9064,0.00,VEHICLE,0,0,
-1604.4851,54.7286,3.5477,131.9065,0.00,VEHICLE,0,0,
-1606.1807,53.2070,3.5477,131.9066,0.00,VEHICLE,0,0,
-1607.7710,51.8340,3.5474,131.1950,0.00,VEHICLE,0,0,
-1609.5120,50.5154,3.5463,128.2852,0.00,VEHICLE,0,0,
-1611.2616,49.3258,3.5452,125.0605,0.00,VEHICLE,0,0,
-1613.2104,48.0407,3.5447,123.6807,0.00,VEHICLE,0,0,
-1614.9161,46.9319,3.5447,123.3733,0.00,VEHICLE,0,0,
-1617.2899,45.3906,3.5497,123.2792,0.00,VEHICLE,0,0,
-1619.1899,44.1533,3.5483,123.2673,0.00,VEHICLE,0,0,
-1621.6973,42.5104,3.5501,123.2613,0.00,VEHICLE,0,0,
-1623.4498,41.3621,3.5511,123.2621,0.00,VEHICLE,0,0,
-1625.3107,40.1431,3.5509,123.2618,0.00,VEHICLE,0,0,
-1627.1163,38.9632,3.5579,123.2615,0.00,VEHICLE,0,0,
-1628.9880,37.7386,3.5531,123.2604,0.00,VEHICLE,0,0,
-1630.9679,36.4272,3.5487,123.4082,0.00,VEHICLE,0,0,
-1632.7703,35.1330,3.5472,124.9904,0.00,VEHICLE,0,0,
-1634.6079,33.7858,3.5468,125.9691,0.00,VEHICLE,0,0,
-1636.4417,32.4326,3.5467,126.2582,0.00,VEHICLE,0,0,
-1638.3578,31.0155,3.5464,126.3449,0.00,VEHICLE,0,0,
-1640.4888,29.4394,3.5456,126.3696,0.00,VEHICLE,0,0,
-1642.4553,27.9868,3.5450,126.3743,0.00,VEHICLE,0,0,
-1644.4086,26.5467,3.5447,126.3757,0.00,VEHICLE,0,0,
-1646.3220,25.1377,3.5445,126.3773,0.00,VEHICLE,0,0,
-1648.3553,23.6238,3.5448,126.6114,0.00,VEHICLE,0,0,
-1650.2458,22.1609,3.5456,127.5118,0.00,VEHICLE,0,0,
-1652.0635,20.7493,3.5462,127.8116,0.00,VEHICLE,0,0,
-1653.8339,19.3726,3.5447,127.7687,0.00,VEHICLE,0,0,
-1655.5232,18.0607,3.5438,127.6576,0.00,VEHICLE,0,0,
-1657.1963,16.7650,3.5450,127.6547,0.00,VEHICLE,0,0,
-1659.2877,15.1487,3.5461,127.6573,0.00,VEHICLE,0,0,
-1661.3983,13.5208,3.5466,127.6597,0.00,VEHICLE,0,0,
-1663.4237,11.9600,3.5469,127.6615,0.00,VEHICLE,0,0,
-1665.3279,10.4592,3.5470,128.1125,0.00,VEHICLE,0,0,
-1667.3175,8.7211,3.5468,130.6724,0.00,VEHICLE,0,0,
-1669.2278,6.9697,3.5466,132.3523,0.00,VEHICLE,0,0,
-1671.2987,5.0417,3.5465,132.8533,0.00,VEHICLE,0,0,
-1673.2639,3.2009,3.5466,132.9594,0.00,VEHICLE,0,0,
-1675.2711,1.3180,3.5473,132.9825,0.00,VEHICLE,0,0,
-1677.0161,-0.3172,3.5476,132.9883,0.00,VEHICLE,0,0,
-1679.1010,-2.2435,3.5479,132.7164,0.00,VEHICLE,0,0,
-1681.0410,-3.8942,3.5481,130.8334,0.00,VEHICLE,0,0,
-1683.3136,-5.6937,3.5479,128.5686,0.00,VEHICLE,0,0,
-1685.6251,-7.4822,3.5534,127.8792,0.00,VEHICLE,0,0,
-1687.9821,-9.2865,3.5552,127.7169,0.00,VEHICLE,0,0,
-1690.4197,-11.1450,3.5600,127.6678,0.00,VEHICLE,0,0,
-1692.7892,-12.8858,3.5527,126.6304,0.00,VEHICLE,0,0,
-1695.1343,-14.4777,3.5493,124.3697,0.00,VEHICLE,0,0,
-1697.8315,-16.2631,3.5470,123.2840,0.00,VEHICLE,0,0,
-1700.2267,-17.8253,3.5458,123.0593,0.00,VEHICLE,0,0,
-1702.6344,-19.3877,3.5451,123.0056,0.00,VEHICLE,0,0,
-1705.0134,-20.9273,3.5447,122.9944,0.00,VEHICLE,0,0,
-1707.3813,-22.4589,3.5446,122.9942,0.00,VEHICLE,0,0,
-1709.5378,-23.8534,3.5446,122.9802,0.00,VEHICLE,0,0,
-1711.8226,-25.3251,3.5446,122.8553,0.00,VEHICLE,0,0,
-1714.0593,-26.7666,3.5446,122.8075,0.00,VEHICLE,0,0,
-1716.3032,-28.2135,3.5446,122.7934,0.00,VEHICLE,0,0,
-1718.6162,-29.7051,3.5454,122.7892,0.00,VEHICLE,0,0,
-1720.8302,-31.1296,3.5496,122.7908,0.00,VEHICLE,0,0,
-1723.1106,-32.5987,3.5555,122.7891,0.00,VEHICLE,0,0,
-1725.1949,-33.9747,3.5530,123.2573,0.00,VEHICLE,0,0,
-1727.0491,-35.3457,3.5574,125.6595,0.00,VEHICLE,0,0,
-1729.0699,-36.9999,3.5492,128.8012,0.00,VEHICLE,0,0,
-1731.0334,-38.6508,3.5456,129.8470,0.00,VEHICLE,0,0,
-1732.8242,-40.1788,3.5449,130.1548,0.00,VEHICLE,0,0,
-1734.5468,-41.7446,3.5447,131.5350,0.00,VEHICLE,0,0,
-1736.5865,-43.6641,3.5447,132.9526,0.00,VEHICLE,0,0,
-1738.4218,-45.4012,3.5447,133.2467,0.00,VEHICLE,0,0,
-1740.1691,-47.0731,3.5450,133.5321,0.00,VEHICLE,0,0,
-1741.7689,-48.7923,3.5457,136.1280,0.00,VEHICLE,0,0,
-1743.2417,-50.6598,3.5458,140.5357,0.00,VEHICLE,0,0,
-1744.4034,-52.4537,3.5452,145.3326,0.00,VEHICLE,0,0,
-1745.5035,-54.6187,3.5441,151.4761,0.00,VEHICLE,0,0,
-1746.3004,-56.7424,3.5433,157.7096,0.00,VEHICLE,0,0,
-1746.8944,-59.1988,3.5428,165.0693,0.00,VEHICLE,0,0,
-1747.1580,-61.8153,3.5428,173.0664,0.00,VEHICLE,0,0,
-1747.1707,-64.1027,3.5432,178.6176,0.00,VEHICLE,0,0,
-1747.1306,-66.1793,3.5445,180.6184,0.00,VEHICLE,0,0,
-1747.0320,-69.1445,3.5460,181.2543,0.00,VEHICLE,0,0,
-1746.9556,-71.5791,3.5464,181.3333,0.00,VEHICLE,0,0,
-1746.8873,-74.0935,3.5466,181.3561,0.00,VEHICLE,0,0,
-1746.8287,-76.5882,3.5467,181.3671,0.00,VEHICLE,0,0,
-1746.7710,-79.2875,3.5469,181.3755,0.00,VEHICLE,0,0,
-1746.7043,-82.4549,3.5470,181.3816,0.00,VEHICLE,0,0,
-1746.6493,-84.9578,3.5468,181.3835,0.00,VEHICLE,0,0,
-1746.5911,-87.4701,3.5460,181.3841,0.00,VEHICLE,0,0,
-1746.5300,-89.9868,3.5452,181.3829,0.00,VEHICLE,0,0,
-1746.4685,-92.4393,3.5447,181.3810,0.00,VEHICLE,0,0,
-1746.4037,-95.0134,3.5445,181.3790,0.00,VEHICLE,0,0,
-1746.3362,-97.7301,3.5445,181.3777,0.00,VEHICLE,0,0,
-1746.2771,-100.1576,3.5445,181.3774,0.00,VEHICLE,0,0,
-1746.2743,-102.4910,3.5444,180.4639,0.00,VEHICLE,0,0,
-1746.4530,-104.7122,3.5443,176.7751,0.00,VEHICLE,0,0,
-1746.8450,-106.8414,3.5437,171.4894,0.00,VEHICLE,0,0,
-1747.4575,-108.8087,3.5427,165.2715,0.00,VEHICLE,0,0,
-1748.3242,-110.6800,3.5416,157.9808,0.00,VEHICLE,0,0,
-1750.0032,-113.0463,3.5409,146.1532,0.00,VEHICLE,0,0,
-1751.5448,-114.4677,3.5408,136.2554,0.00,VEHICLE,0,0,
-1753.7660,-115.7378,3.5437,122.7591,0.00,VEHICLE,0,0,
-1756.1968,-116.4357,3.5494,109.2299,0.00,VEHICLE,0,0,
-1758.9126,-117.0642,3.5626,103.8727,0.00,VEHICLE,0,0,
-1761.9222,-117.7371,3.5739,103.3375,0.00,VEHICLE,0,0,
-1764.1011,-118.2369,3.5840,103.2422,0.00,VEHICLE,0,0,
-1767.0056,-118.7091,3.5987,99.6173,0.00,VEHICLE,0,0,
-1769.7606,-118.8314,3.6119,93.3752,0.00,VEHICLE,0,0,
-1772.4794,-118.8436,3.6634,90.7312,0.00,VEHICLE,0,0,
-1775.4790,-118.8362,3.7975,90.2661,0.00,VEHICLE,0,0,
-1777.9315,-118.8266,4.0634,90.1950,0.00,VEHICLE,0,0,
-1779.9788,-118.8344,4.3329,90.3889,0.00,VEHICLE,0,0,
-1782.8612,-119.0634,4.7744,94.2239,0.00,VEHICLE,0,0,
-1785.0171,-119.3495,5.0747,96.8888,0.00,VEHICLE,0,0,
-1788.0208,-119.7780,5.3974,97.6660,0.00,VEHICLE,0,0,
-1790.7239,-120.2796,5.4962,99.6538,0.00,VEHICLE,0,0,
-1793.0795,-120.9640,5.5081,104.7604,0.00,VEHICLE,0,0,
-1795.1458,-121.9392,5.4878,112.8035,0.00,VEHICLE,0,0,
-1797.2786,-123.6207,5.4856,125.7766,0.00,VEHICLE,0,0,
-1798.7112,-125.5361,5.4960,139.2464,0.00,VEHICLE,0,0,
-1799.4938,-127.4500,5.5543,152.2005,0.00,VEHICLE,0,0,
-1799.8362,-129.4725,5.6416,164.9310,0.00,VEHICLE,0,0,
-1800.1997,-131.9664,5.7844,170.3610,0.00,VEHICLE,0,0,
-1800.5613,-134.4781,5.9198,170.9240,0.00,VEHICLE,0,0,
-1800.9768,-137.1887,6.0622,171.0014,0.00,VEHICLE,0,0,
-1801.4352,-140.0481,6.2123,171.0194,0.00,VEHICLE,0,0,
-1801.7365,-142.9730,6.3653,174.0140,0.00,VEHICLE,0,0,
-1801.6956,-145.9369,6.5562,180.1842,0.00,VEHICLE,0,0,
-1801.5847,-148.5623,6.8252,181.9619,0.00,VEHICLE,0,0,
-1801.4851,-150.6411,7.1084,182.2280,0.00,VEHICLE,0,0,
-1801.3444,-153.5677,7.5233,182.2892,0.00,VEHICLE,0,0,
-1801.2458,-155.7772,7.8251,182.2991,0.00,VEHICLE,0,0,
-1801.1617,-157.8120,8.1008,182.3055,0.00,VEHICLE,0,0,
-1801.0800,-159.9084,8.3844,182.3119,0.00,VEHICLE,0,0,
-1801.0039,-161.8999,8.6538,182.3162,0.00,VEHICLE,0,0,
-1800.9268,-163.9097,8.9255,182.3189,0.00,VEHICLE,0,0,
-1800.8457,-165.9800,9.2331,182.3262,0.00,VEHICLE,0,0,
-1800.7347,-168.7176,9.6892,182.3420,0.00,VEHICLE,0,0,
-1800.6212,-171.4057,10.1969,182.3430,0.00,VEHICLE,0,0,
-1800.5098,-174.0611,10.7012,182.3438,0.00,VEHICLE,0,0,
-1800.4275,-176.1447,11.0928,182.2835,0.00,VEHICLE,0,0,
-1800.4116,-178.2428,11.4854,180.9864,0.00,VEHICLE,0,0,
-1800.4086,-181.1076,12.0204,180.1519,0.00,VEHICLE,0,0,
-1800.4125,-183.9328,12.5480,180.0037,0.00,VEHICLE,0,0,
-1800.4182,-186.6583,13.0357,179.9806,0.00,VEHICLE,0,0,
-1800.4225,-188.9202,13.4183,179.9769,0.00,VEHICLE,0,0,
-1800.4252,-191.1048,13.7640,179.9757,0.00,VEHICLE,0,0,
-1800.4264,-193.4137,14.1280,179.9745,0.00,VEHICLE,0,0,
-1800.4269,-195.7184,14.4952,179.9734,0.00,VEHICLE,0,0,
-1800.4269,-198.0448,14.8672,179.9726,0.00,VEHICLE,0,0,
-1800.4271,-200.5913,15.2750,179.9722,0.00,VEHICLE,0,0,
-1800.4279,-203.2903,15.7074,179.9724,0.00,VEHICLE,0,0,
-1800.4287,-205.6715,16.0678,179.9727,0.00,VEHICLE,0,0,
-1800.4302,-208.0245,16.3651,179.9731,0.00,VEHICLE,0,0,
-1800.4316,-210.3746,16.6175,179.9734,0.00,VEHICLE,0,0,
-1800.4330,-212.6672,16.8398,179.9736,0.00,VEHICLE,0,0,
-1800.4344,-215.3362,17.1059,179.9736,0.00,VEHICLE,0,0,
-1800.4352,-217.5356,17.3283,179.9736,0.00,VEHICLE,0,0,
-1800.4362,-219.9169,17.5705,179.9735,0.00,VEHICLE,0,0,
-1800.4376,-222.7592,17.8602,179.9733,0.00,VEHICLE,0,0,
-1800.4385,-225.0580,18.0909,179.9733,0.00,VEHICLE,0,0,
-1800.4393,-227.3681,18.2275,179.9734,0.00,VEHICLE,0,0,
-1800.4408,-230.1825,18.2963,179.9735,0.00,VEHICLE,0,0,
-1800.4419,-232.7252,18.2486,179.9734,0.00,VEHICLE,0,0,
-1800.4426,-234.9851,18.2252,179.9734,0.00,VEHICLE,0,0,
-1800.4437,-237.3153,18.2198,179.9735,0.00,VEHICLE,0,0,
-1800.4452,-239.7367,18.2190,179.9735,0.00,VEHICLE,0,0,
-1800.4467,-242.2362,18.2189,179.9735,0.00,VEHICLE,0,0,
-1800.4481,-244.7777,18.2189,179.9735,0.00,VEHICLE,0,0,
-1800.4496,-247.5850,18.3486,179.9733,0.00,VEHICLE,0,0,
-1800.4507,-250.1346,18.5485,179.9732,0.00,VEHICLE,0,0,
-1800.4519,-252.5039,18.8015,179.9732,0.00,VEHICLE,0,0,
-1800.4536,-255.1888,19.0784,179.9700,0.00,VEHICLE,0,0,
-1800.4835,-257.9386,19.3518,179.4714,0.00,VEHICLE,0,0,
-1800.5258,-260.2624,19.5806,179.0387,0.00,VEHICLE,0,0,
-1800.5728,-262.6475,19.8147,178.8972,0.00,VEHICLE,0,0,
-1800.6216,-265.0367,20.0553,178.8554,0.00,VEHICLE,0,0,
-1800.6785,-267.7389,20.4269,178.8334,0.00,VEHICLE,0,0,
-1800.7372,-270.4905,20.8745,178.8240,0.00,VEHICLE,0,0,
-1800.7853,-272.7698,21.2925,178.8238,0.00,VEHICLE,0,0,
-1800.8400,-275.1462,21.7180,178.7458,0.00,VEHICLE,0,0,
-1800.9940,-277.6096,22.1505,176.9267,0.00,VEHICLE,0,0,
-1801.2024,-279.9872,22.5652,175.2639,0.00,VEHICLE,0,0,
-1801.4537,-282.6689,23.0324,174.7204,0.00,VEHICLE,0,0,
-1801.6799,-285.0084,23.4368,174.6061,0.00,VEHICLE,0,0,
-1801.9014,-287.2847,23.7407,174.5980,0.00,VEHICLE,0,0,
-1802.1757,-290.1338,24.0210,174.6356,0.00,VEHICLE,0,0,
-1802.4148,-292.7072,24.1664,174.7278,0.00,VEHICLE,0,0,
-1802.5552,-295.3387,24.3393,176.4582,0.00,VEHICLE,0,0,
-1802.6061,-298.0154,24.5336,178.5483,0.00,VEHICLE,0,0,
-1802.6411,-300.8907,24.7471,179.1633,0.00,VEHICLE,0,0,
-1802.6631,-303.2050,24.9195,179.2661,0.00,VEHICLE,0,0,
-1802.6871,-305.7908,25.0964,179.2970,0.00,VEHICLE,0,0,
-1802.7148,-308.6458,25.1435,179.3133,0.00,VEHICLE,0,0,
-1802.7402,-311.1653,25.0470,179.3049,0.00,VEHICLE,0,0,
-1802.8026,-313.7673,24.8635,178.8440,0.00,VEHICLE,0,0,
-1802.9731,-316.6686,24.6810,177.0386,0.00,VEHICLE,0,0,
-1803.1467,-319.3276,24.5552,176.4146,0.00,VEHICLE,0,0,
-1803.3213,-321.9087,24.4341,176.2710,0.00,VEHICLE,0,0,
-1803.5164,-324.7717,24.2986,176.2319,0.00,VEHICLE,0,0,
-1803.7225,-327.8055,24.0817,176.2101,0.00,VEHICLE,0,0,
-1803.9208,-330.7841,23.7228,176.1759,0.00,VEHICLE,0,0,
-1804.0942,-333.4213,23.3058,176.1774,0.00,VEHICLE,0,0,
-1804.2614,-335.9938,22.9017,176.1837,0.00,VEHICLE,0,0,
-1804.4338,-338.6356,22.5151,176.1849,0.00,VEHICLE,0,0,
-1804.6104,-341.3174,22.1304,176.1876,0.00,VEHICLE,0,0,
-1804.7955,-344.1012,21.7325,176.1840,0.00,VEHICLE,0,0,
-1805.0627,-347.2391,21.2948,175.2308,0.00,VEHICLE,0,0,
-1805.5428,-350.9037,20.8171,172.4828,0.00,VEHICLE,0,0,
-1805.9999,-354.0121,20.4300,171.6328,0.00,VEHICLE,0,0,
-1806.4562,-357.0041,20.0556,171.4282,0.00,VEHICLE,0,0,
-1806.9218,-360.0255,19.6753,171.3782,0.00,VEHICLE,0,0,
-1807.4063,-363.1683,19.2788,171.3686,0.00,VEHICLE,0,0,
-1807.9482,-366.7027,18.8497,171.3728,0.00,VEHICLE,0,0,
-1808.4629,-370.0757,18.5208,171.4010,0.00,VEHICLE,0,0,
-1808.9482,-373.2687,18.2756,171.4059,0.00,VEHICLE,0,0,
-1809.4404,-376.5205,18.0284,171.4013,0.00,VEHICLE,0,0,
-1809.9707,-379.8414,17.7669,170.9275,0.00,VEHICLE,0,0,
-1810.3494,-381.9017,17.6021,169.9660,0.00,VEHICLE,0,0,
-1810.7516,-383.9505,17.4377,169.0002,0.00,VEHICLE,0,0,
-1811.5232,-387.6995,17.1460,168.2488,0.00,VEHICLE,0,0,
-1812.1838,-390.8277,16.9217,168.1004,0.00,VEHICLE,0,0,
-1812.9250,-394.3054,16.6855,168.0580,0.00,VEHICLE,0,0,
-1813.6951,-397.9105,16.4393,168.0498,0.00,VEHICLE,0,0,
-1814.1165,-399.8854,16.3034,168.0487,0.00,VEHICLE,0,0,
-1814.9657,-403.8769,16.0272,168.0500,0.00,VEHICLE,0,0,
-1815.6779,-407.2335,15.8104,168.0543,0.00,VEHICLE,0,0,
-1816.3636,-410.4713,15.6421,168.0633,0.00,VEHICLE,0,0,
-1817.0767,-413.8431,15.5015,168.0655,0.00,VEHICLE,0,0,
-1817.8212,-417.3695,15.3547,168.0657,0.00,VEHICLE,0,0,
-1818.4943,-420.5596,15.2185,168.0658,0.00,VEHICLE,0,0,
-1819.1122,-423.4892,15.0921,168.0663,0.00,VEHICLE,0,0,
-1819.7096,-426.3206,14.9777,168.0659,0.00,VEHICLE,0,0,
-1820.2181,-428.7250,14.9286,168.0610,0.00,VEHICLE,0,0,
-1820.9093,-431.9765,14.9246,168.0661,0.00,VEHICLE,0,0,
-1821.4919,-434.7162,14.9384,168.0687,0.00,VEHICLE,0,0,
-1822.0802,-437.4861,14.9455,168.0708,0.00,VEHICLE,0,0,
-1822.8292,-441.0205,14.9491,168.0718,0.00,VEHICLE,0,0,
-1823.4426,-443.9231,14.9501,168.0714,0.00,VEHICLE,0,0,
-1824.1681,-447.3838,14.9506,168.1426,0.00,VEHICLE,0,0,
-1824.7617,-450.6244,14.9507,169.5408,0.00,VEHICLE,0,0,
-1825.2479,-453.5426,14.9508,170.5017,0.00,VEHICLE,0,0,
-1825.7039,-456.3679,14.9508,170.7770,0.00,VEHICLE,0,0,
-1826.1652,-459.2592,14.9508,170.8523,0.00,VEHICLE,0,0,
-1826.6632,-462.3892,14.9508,170.8712,0.00,VEHICLE,0,0,
-1826.7341,-464.6747,14.9509,177.0896,0.00,VEHICLE,0,0,
-1826.5370,-467.1571,14.9497,186.8422,0.00,VEHICLE,0,0,
-1826.3053,-469.4438,14.9497,192.0212,0.00,VEHICLE,0,0,
-1825.9126,-471.4757,14.9504,195.1042,0.00,VEHICLE,0,0,
-1825.3792,-473.4879,14.9514,196.4803,0.00,VEHICLE,0,0,
-1824.7881,-475.4873,14.9522,196.6276,0.00,VEHICLE,0,0,
-1824.2467,-477.4567,14.9529,195.7131,0.00,VEHICLE,0,0,
-1823.7673,-479.7756,14.9535,192.3522,0.00,VEHICLE,0,0,
-1823.4740,-482.2605,14.9530,187.5064,0.00,VEHICLE,0,0,
-1823.2937,-484.5229,14.9523,184.8045,0.00,VEHICLE,0,0,
-1823.1417,-486.8934,14.9523,183.9657,0.00,VEHICLE,0,0,
-1823.0161,-489.0537,14.9527,183.7878,0.00,VEHICLE,0,0,
-1822.8583,-491.8136,14.9531,183.7368,0.00,VEHICLE,0,0,
-1822.7034,-494.4224,14.9532,183.7279,0.00,VEHICLE,0,0,
-1822.5616,-496.6933,14.9532,183.7243,0.00,VEHICLE,0,0,
-1822.4094,-499.0380,14.9531,183.7199,0.00,VEHICLE,0,0,
-1822.2472,-501.4765,14.9531,183.7152,0.00,VEHICLE,0,0,
-1822.0879,-503.8508,14.9532,183.7115,0.00,VEHICLE,0,0,
-1821.9882,-506.3380,14.9532,183.6187,0.00,VEHICLE,0,0,
-1822.0183,-508.8594,14.9534,182.8962,0.00,VEHICLE,0,0,
-1821.8958,-511.7175,14.9523,182.7648,0.00,VEHICLE,0,0,
-1821.7572,-514.3781,14.9523,182.7425,0.00,VEHICLE,0,0,
-1821.6248,-516.7367,14.9528,182.7290,0.00,VEHICLE,0,0,
-1821.4907,-519.1085,14.9526,182.7169,0.00,VEHICLE,0,0,
-1821.3618,-521.4807,14.9518,182.7070,0.00,VEHICLE,0,0,
-1821.2422,-523.8335,14.9511,182.7038,0.00,VEHICLE,0,0,
-1821.1318,-526.1559,14.9512,182.7077,0.00,VEHICLE,0,0,
-1821.0240,-528.5244,14.9520,182.7133,0.00,VEHICLE,0,0,
-1820.9171,-530.9127,14.9700,182.7197,0.00,VEHICLE,0,0,
-1820.8066,-533.3544,15.0325,182.7274,0.00,VEHICLE,0,0,
-1820.6814,-535.9055,15.1366,182.8381,0.00,VEHICLE,0,0,
-1820.4468,-538.4494,15.2598,184.7571,0.00,VEHICLE,0,0,
-1820.1068,-541.0831,15.3805,187.0664,0.00,VEHICLE,0,0,
-1819.7240,-543.8226,15.5184,187.8017,0.00,VEHICLE,0,0,
-1819.3896,-546.1422,15.6436,187.9495,0.00,VEHICLE,0,0,
-1819.0520,-548.4745,15.7783,187.9869,0.00,VEHICLE,0,0,
-1818.7002,-550.9016,15.9175,188.0403,0.00,VEHICLE,0,0,
-1818.2809,-553.2586,16.0413,189.5189,0.00,VEHICLE,0,0,
-1817.7637,-555.4998,16.1205,192.2683,0.00,VEHICLE,0,0,
-1817.1699,-557.9185,16.1764,193.7100,0.00,VEHICLE,0,0,
-1816.4779,-560.6519,16.2199,194.1448,0.00,VEHICLE,0,0,
-1815.8507,-562.8397,16.2592,195.3579,0.00,VEHICLE,0,0,
-1815.0959,-564.8900,16.2966,198.7929,0.00,VEHICLE,0,0,
-1814.2043,-566.7633,16.3197,203.5064,0.00,VEHICLE,0,0,
-1813.1292,-568.4518,16.3481,209.9164,0.00,VEHICLE,0,0,
-1811.2078,-570.6078,16.3757,220.5986,0.00,VEHICLE,0,0,
-1809.3660,-572.1038,16.3623,228.5747,0.00,VEHICLE,0,0,
-1807.7330,-573.2648,16.3102,233.0758,0.00,VEHICLE,0,0,
-1805.4552,-574.7877,16.1191,234.6953,0.00,VEHICLE,0,0,
-1803.6838,-575.8805,16.0109,235.9536,0.00,VEHICLE,0,0,
-1801.6177,-576.8340,15.9843,241.8784,0.00,VEHICLE,0,0,
-1799.1672,-577.5729,16.0632,251.0444,0.00,VEHICLE,0,0,
-1796.3112,-578.0384,16.1460,259.8296,0.00,VEHICLE,0,0,
-1793.9530,-578.3685,16.2060,261.9673,0.00,VEHICLE,0,0,
-1791.5931,-578.6671,16.2649,262.3608,0.00,VEHICLE,0,0,
-1789.4691,-578.9323,16.3088,262.4282,0.00,VEHICLE,0,0,
-1787.2778,-579.2085,16.3312,262.4484,0.00,VEHICLE,0,0,
-1785.1991,-579.4746,16.3393,262.4539,0.00,VEHICLE,0,0,
-1782.3379,-579.8947,16.3327,261.7245,0.00,VEHICLE,0,0,
-1779.8447,-580.4429,16.3289,258.4518,0.00,VEHICLE,0,0,
-1777.3624,-581.2281,16.3265,253.4879,0.00,VEHICLE,0,0,
-1775.3483,-581.9453,16.3256,251.0078,0.00,VEHICLE,0,0,
-1773.3500,-582.6854,16.3257,250.2594,0.00,VEHICLE,0,0,
-1771.1171,-583.5885,16.3260,248.9199,0.00,VEHICLE,0,0,
-1769.1482,-584.5830,16.3258,244.9901,0.00,VEHICLE,0,0,
-1767.3917,-585.7097,16.3252,239.6156,0.00,VEHICLE,0,0,
-1765.2385,-587.6001,16.3236,230.1805,0.00,VEHICLE,0,0,
-1763.4413,-590.0192,16.3222,217.8426,0.00,VEHICLE,0,0,
-1762.3535,-592.5234,16.3219,205.5253,0.00,VEHICLE,0,0,
-1761.8677,-595.0359,16.3057,193.7626,0.00,VEHICLE,0,0,
-1761.8379,-597.7719,16.2761,182.6298,0.00,VEHICLE,0,0,
-1761.9036,-600.4930,16.2374,179.4934,0.00,VEHICLE,0,0,
-1761.9625,-602.6485,16.2077,179.1677,0.00,VEHICLE,0,0,
-1762.0063,-604.6490,16.1801,179.0964,0.00,VEHICLE,0,0,
-1762.0549,-607.5605,16.1493,179.0721,0.00,VEHICLE,0,0,
-1762.0844,-609.5969,16.2047,179.0581,0.00,VEHICLE,0,0,
-1762.1132,-611.7294,16.2954,179.0491,0.00,VEHICLE,0,0,
-1762.1422,-613.8243,16.4367,179.0479,0.00,VEHICLE,0,0,
-1762.1744,-615.9902,16.5798,179.0482,0.00,VEHICLE,0,0,
-1762.2097,-618.1937,16.7187,179.0490,0.00,VEHICLE,0,0,
-1762.2528,-620.7459,16.8814,179.0500,0.00,VEHICLE,0,0,
-1762.3005,-623.4478,17.0750,179.0490,0.00,VEHICLE,0,0,
-1762.3402,-625.6582,17.2473,179.0494,0.00,VEHICLE,0,0,
-1762.3800,-627.9425,17.4311,179.0494,0.00,VEHICLE,0,0,
-1762.4175,-630.1599,17.6075,179.0487,0.00,VEHICLE,0,0,
-1762.4612,-632.8036,17.8165,179.0475,0.00,VEHICLE,0,0,
-1762.5035,-635.3982,18.0215,179.0462,0.00,VEHICLE,0,0,
-1762.5394,-637.6010,18.1957,179.0455,0.00,VEHICLE,0,0,
-1762.5846,-640.2768,18.4478,179.0445,0.00,VEHICLE,0,0,
-1762.6276,-642.8196,18.7241,179.0386,0.00,VEHICLE,0,0,
-1762.6655,-645.0680,19.0058,179.0379,0.00,VEHICLE,0,0,
-1762.7024,-647.2589,19.2797,179.0377,0.00,VEHICLE,0,0,
-1762.7482,-649.9791,19.6124,179.0362,0.00,VEHICLE,0,0,
-1762.7924,-652.5873,19.9290,179.0352,0.00,VEHICLE,0,0,
-1762.8293,-654.7596,20.1918,179.0344,0.00,VEHICLE,0,0,
-1762.8723,-657.2698,20.4991,179.0324,0.00,VEHICLE,0,0,
-1762.9182,-659.9366,20.8417,179.0276,0.00,VEHICLE,0,0,
-1762.9552,-662.0858,21.1290,179.0260,0.00,VEHICLE,0,0,
-1762.9937,-664.3290,21.4323,179.0253,0.00,VEHICLE,0,0,
-1763.0387,-666.9755,21.7881,179.0244,0.00,VEHICLE,0,0,
-1763.0795,-669.3903,22.1126,179.0244,0.00,VEHICLE,0,0,
-1763.1207,-671.8615,22.4449,179.0233,0.00,VEHICLE,0,0,
-1763.1584,-674.1255,22.7532,179.0230,0.00,VEHICLE,0,0,
-1763.1956,-676.3518,23.0643,179.0219,0.00,VEHICLE,0,0,
-1763.2117,-679.1265,23.4608,179.5248,0.00,VEHICLE,0,0,
-1763.0547,-681.7477,23.8375,182.7100,0.00,VEHICLE,0,0,
-1762.7583,-683.8832,24.1420,186.5860,0.00,VEHICLE,0,0,
-1762.3203,-686.1771,24.4675,190.0872,0.00,VEHICLE,0,0,
-1761.8192,-688.6107,24.8539,191.3453,0.00,VEHICLE,0,0,
-1761.3711,-690.7054,25.2161,191.6348,0.00,VEHICLE,0,0,
-1760.9355,-692.7237,25.6009,191.7094,0.00,VEHICLE,0,0,
-1760.4817,-694.8417,26.0050,191.7254,0.00,VEHICLE,0,0,
-1760.0184,-697.0452,26.4119,191.7669,0.00,VEHICLE,0,0,
-1759.4773,-699.2452,26.8042,193.3723,0.00,VEHICLE,0,0,
-1758.8225,-701.3105,27.1645,196.7776,0.00,VEHICLE,0,0,
-1758.0526,-703.3043,27.5089,200.3833,0.00,VEHICLE,0,0,
-1757.2416,-705.3140,27.8525,201.7976,0.00,VEHICLE,0,0,
-1756.3549,-707.3000,28.1907,203.2860,0.00,VEHICLE,0,0,
-1755.3446,-709.1859,28.5179,206.6303,0.00,VEHICLE,0,0,
-1754.2491,-710.9125,28.8185,210.6436,0.00,VEHICLE,0,0,
-1753.1115,-712.6442,29.1204,212.5774,0.00,VEHICLE,0,0,
-1751.8811,-714.4478,29.4388,213.6469,0.00,VEHICLE,0,0,
-1750.5481,-716.1442,29.7481,216.7043,0.00,VEHICLE,0,0,
-1749.2042,-717.7595,30.0481,218.9096,0.00,VEHICLE,0,0,
-1747.8396,-719.3884,30.3463,219.5817,0.00,VEHICLE,0,0,
-1746.2439,-721.2963,30.6905,219.7796,0.00,VEHICLE,0,0,
-1744.6786,-723.1783,31.0185,219.8297,0.00,VEHICLE,0,0,
-1743.3391,-724.7943,31.3193,219.8323,0.00,VEHICLE,0,0,
-1741.8409,-726.6045,31.6692,219.8464,0.00,VEHICLE,0,0,
-1740.3870,-728.3575,32.0343,219.8489,0.00,VEHICLE,0,0,
-1738.7722,-730.1892,32.4189,221.1607,0.00,VEHICLE,0,0,
-1737.2397,-731.7185,32.7459,224.1564,0.00,VEHICLE,0,0,
-1735.4358,-733.2889,33.0967,228.1859,0.00,VEHICLE,0,0,
-1733.7074,-734.7347,33.4511,229.8154,0.00,VEHICLE,0,0,
-1732.0199,-736.1222,33.8171,230.2407,0.00,VEHICLE,0,0,
-1730.3726,-737.4695,34.2012,230.3448,0.00,VEHICLE,0,0,
-1728.6462,-738.8658,34.6015,230.5966,0.00,VEHICLE,0,0,
-1726.8400,-740.1712,34.9906,233.0691,0.00,VEHICLE,0,0,
-1725.1067,-741.2784,35.3428,236.3068,0.00,VEHICLE,0,0,
-1723.3002,-742.4067,35.6856,237.7397,0.00,VEHICLE,0,0,
-1721.6154,-743.4483,35.9977,238.1060,0.00,VEHICLE,0,0,
-1719.8545,-744.5323,36.3092,238.2129,0.00,VEHICLE,0,0,
-1718.0289,-745.6573,36.6299,238.2381,0.00,VEHICLE,0,0,
-1716.0785,-746.7889,36.9630,239.3865,0.00,VEHICLE,0,0,
-1714.0870,-747.7789,37.2875,242.5905,0.00,VEHICLE,0,0,
-1712.1073,-748.7033,37.5704,244.6131,0.00,VEHICLE,0,0,
-1710.0884,-749.6317,37.8406,245.1789,0.00,VEHICLE,0,0,
-1708.0609,-750.5560,38.0835,245.3263,0.00,VEHICLE,0,0,
-1705.9058,-751.5347,38.3404,245.3647,0.00,VEHICLE,0,0,
-1703.7471,-752.5884,38.6052,244.2022,0.00,VEHICLE,0,0,
-1701.6805,-753.7284,38.8655,241.6552,0.00,VEHICLE,0,0,
-1699.6509,-754.8766,39.1142,240.6689,0.00,VEHICLE,0,0,
-1697.6295,-756.0339,39.3581,240.4139,0.00,VEHICLE,0,0,
-1695.6398,-757.1780,39.5928,240.3504,0.00,VEHICLE,0,0,
-1693.5912,-758.3560,39.8350,240.3344,0.00,VEHICLE,0,0,
-1691.5645,-759.5187,40.0748,240.3294,0.00,VEHICLE,0,0,
-1689.5699,-760.6588,40.3044,240.3265,0.00,VEHICLE,0,0,
-1687.5497,-761.8102,40.5269,240.3259,0.00,VEHICLE,0,0,
-1685.5172,-762.9659,40.7412,240.3231,0.00,VEHICLE,0,0,
-1683.4635,-764.1337,40.9543,240.3199,0.00,VEHICLE,0,0,
-1681.4242,-765.2939,41.1668,240.3173,0.00,VEHICLE,0,0,
-1679.4054,-766.4441,41.3774,240.3156,0.00,VEHICLE,0,0,
-1677.3658,-767.6074,41.5815,240.3165,0.00,VEHICLE,0,0,
-1675.3088,-768.7809,41.7796,240.3190,0.00,VEHICLE,0,0,
-1673.0643,-769.9875,41.9834,241.4303,0.00,VEHICLE,0,0,
-1670.9407,-770.9789,42.1707,244.2343,0.00,VEHICLE,0,0,
-1668.7502,-771.9578,42.3633,245.6975,0.00,VEHICLE,0,0,
-1666.5757,-772.9139,42.5533,246.0992,0.00,VEHICLE,0,0,
-1664.3103,-773.9037,42.7477,246.2065,0.00,VEHICLE,0,0,
-1662.0305,-774.8985,42.9408,246.2321,0.00,VEHICLE,0,0,
-1659.5963,-775.9629,43.1450,246.2380,0.00,VEHICLE,0,0,
-1657.3099,-776.9662,43.3371,246.2399,0.00,VEHICLE,0,0,
-1655.0364,-777.9673,43.5280,246.2413,0.00,VEHICLE,0,0,
-1652.7681,-778.9686,43.7226,246.2426,0.00,VEHICLE,0,0,
-1650.4436,-779.9954,43.9273,246.2426,0.00,VEHICLE,0,0,
-1648.1569,-781.0049,44.1349,246.2428,0.00,VEHICLE,0,0,
-1645.8770,-782.0103,44.3423,246.2424,0.00,VEHICLE,0,0,
-1643.5105,-783.0526,44.5562,246.2409,0.00,VEHICLE,0,0,
-1641.1838,-784.0768,44.7663,246.2391,0.00,VEHICLE,0,0,
-1638.9265,-785.0706,44.9772,246.2357,0.00,VEHICLE,0,0,
-1636.6001,-786.0951,45.1998,246.2334,0.00,VEHICLE,0,0,
-1634.2939,-787.1108,45.4247,246.2325,0.00,VEHICLE,0,0,
-1631.9840,-788.1284,45.6492,246.2314,0.00,VEHICLE,0,0,
-1629.5370,-789.2066,45.8859,246.2299,0.00,VEHICLE,0,0,
-1627.2371,-790.2205,46.1039,246.2293,0.00,VEHICLE,0,0,
-1624.9076,-791.2473,46.3191,246.2299,0.00,VEHICLE,0,0,
-1622.5249,-792.2974,46.5335,246.2289,0.00,VEHICLE,0,0,
-1620.3059,-793.2751,46.7325,246.2274,0.00,VEHICLE,0,0,
-1618.0913,-794.2510,46.9314,246.2257,0.00,VEHICLE,0,0,
-1615.8777,-795.2266,47.1295,246.2239,0.00,VEHICLE,0,0,
-1613.3099,-796.3583,47.3514,246.2239,0.00,VEHICLE,0,0,
-1610.4727,-797.6084,47.5886,246.2237,0.00,VEHICLE,0,0,
-1608.1661,-798.6205,47.7762,246.2778,0.00,VEHICLE,0,0,
-1605.7415,-799.5812,47.9715,247.9731,0.00,VEHICLE,0,0,
-1603.4287,-800.4030,48.1556,250.0609,0.00,VEHICLE,0,0,
-1601.0477,-801.2268,48.3482,250.8289,0.00,VEHICLE,0,0,
-1598.6321,-802.0516,48.5573,251.0449,0.00,VEHICLE,0,0,
-1596.2379,-802.8645,48.7761,251.1033,0.00,VEHICLE,0,0,
-1593.8347,-803.6796,49.0000,251.1176,0.00,VEHICLE,0,0,
-1591.4720,-804.4822,49.2178,251.1195,0.00,VEHICLE,0,0,
-1589.0840,-805.2960,49.4367,251.1200,0.00,VEHICLE,0,0,
-1586.7069,-806.1088,49.6576,251.1203,0.00,VEHICLE,0,0,
-1584.3439,-806.9185,49.8870,251.1181,0.00,VEHICLE,0,0,
-1581.9330,-807.7454,50.1308,251.1175,0.00,VEHICLE,0,0,
-1579.5120,-808.5682,50.3777,251.2386,0.00,VEHICLE,0,0,
-1576.8120,-809.3618,50.6474,253.3136,0.00,VEHICLE,0,0,
-1574.2975,-809.9838,50.8944,255.7659,0.00,VEHICLE,0,0,
-1571.7263,-810.5877,51.1601,256.6895,0.00,VEHICLE,0,0,
-1569.1599,-811.1755,51.4352,256.9409,0.00,VEHICLE,0,0,
-1566.5907,-811.7583,51.7212,257.0071,0.00,VEHICLE,0,0,
-1563.9988,-812.3459,52.0081,257.0232,0.00,VEHICLE,0,0,
-1561.4093,-812.9359,52.2920,257.0267,0.00,VEHICLE,0,0,
-1558.8536,-813.5219,52.5747,257.0283,0.00,VEHICLE,0,0,
-1556.2830,-814.1145,52.8773,257.0292,0.00,VEHICLE,0,0,
-1553.6943,-814.7131,53.1970,257.0307,0.00,VEHICLE,0,0,
-1551.0945,-815.3152,53.5246,257.0316,0.00,VEHICLE,0,0,
-1548.5176,-815.9120,53.8459,257.0318,0.00,VEHICLE,0,0,
-1545.9583,-816.5040,54.1626,257.0310,0.00,VEHICLE,0,0,
-1543.4352,-817.0867,54.4869,257.0282,0.00,VEHICLE,0,0,
-1540.8363,-817.6855,54.8424,257.0331,0.00,VEHICLE,0,0,
-1538.0909,-818.2347,55.2377,258.4248,0.00,VEHICLE,0,0,
-1535.5625,-818.6010,55.5979,261.2455,0.00,VEHICLE,0,0,
-1533.1118,-818.9154,55.9419,262.5301,0.00,VEHICLE,0,0,
-1530.6456,-819.2153,56.2864,262.9195,0.00,VEHICLE,0,0,
-1528.1447,-819.5109,56.6688,263.0375,0.00,VEHICLE,0,0,
-1525.6919,-819.7992,57.0698,263.0778,0.00,VEHICLE,0,0,
-1523.2423,-820.0884,57.5038,263.0886,0.00,VEHICLE,0,0,
-1520.8351,-820.3756,57.9293,263.0907,0.00,VEHICLE,0,0,
-1518.2640,-820.6865,58.3776,263.0935,0.00,VEHICLE,0,0,
-1515.8060,-820.9865,58.8030,263.0958,0.00,VEHICLE,0,0,
-1513.4124,-821.2795,59.2659,263.1062,0.00,VEHICLE,0,0,
-1511.0389,-821.5691,59.7741,263.1199,0.00,VEHICLE,0,0,
-1508.9625,-821.8215,60.2707,263.1227,0.00,VEHICLE,0,0,
-1506.6686,-822.0991,60.8171,263.1223,0.00,VEHICLE,0,0,
-1504.2957,-822.3847,61.3749,263.1219,0.00,VEHICLE,0,0,
-1501.4880,-822.7083,62.0311,263.3390,0.00,VEHICLE,0,0,
-1499.0005,-822.8775,62.6185,265.5190,0.00,VEHICLE,0,0,
-1496.7767,-822.9654,63.1679,267.3352,0.00,VEHICLE,0,0,
-1494.6139,-823.0366,63.7211,267.9161,0.00,VEHICLE,0,0,
-1492.4645,-823.1010,64.2824,268.0850,0.00,VEHICLE,0,0,
-1490.3484,-823.1620,64.8319,268.1351,0.00,VEHICLE,0,0,
-1488.2692,-823.2226,65.3696,268.1519,0.00,VEHICLE,0,0,
-1486.1931,-823.2874,65.8988,268.1463,0.00,VEHICLE,0,0,
-1484.1576,-823.3587,66.4119,268.1376,0.00,VEHICLE,0,0,
-1482.1008,-823.4406,66.9229,268.1601,0.00,VEHICLE,0,0,
-1480.0229,-823.5317,67.4375,268.1843,0.00,VEHICLE,0,0,
-1477.9640,-823.6193,67.9386,268.2307,0.00,VEHICLE,0,0,
-1475.8727,-823.6134,68.4483,269.9728,0.00,VEHICLE,0,0,
-1473.7953,-823.4844,68.9522,272.8863,0.00,VEHICLE,0,0,
-1471.7920,-823.3279,69.4412,274.1203,0.00,VEHICLE,0,0,
-1468.8748,-823.0768,70.1734,274.4931,0.00,VEHICLE,0,0,
-1466.8749,-822.9002,70.6837,274.5311,0.00,VEHICLE,0,0,
-1464.8995,-822.7289,71.1914,274.5362,0.00,VEHICLE,0,0,
-1462.9592,-822.5667,71.6891,274.5388,0.00,VEHICLE,0,0,
-1461.0209,-822.4105,72.1848,274.5420,0.00,VEHICLE,0,0,
-1459.0520,-822.2566,72.6874,274.5434,0.00,VEHICLE,0,0,
-1457.0171,-822.1111,73.2058,274.3486,0.00,VEHICLE,0,0,
-1454.9634,-821.9844,73.7259,273.8641,0.00,VEHICLE,0,0,
-1452.8154,-821.8535,74.2684,273.7026,0.00,VEHICLE,0,0,
-1450.8444,-821.7349,74.7650,273.6631,0.00,VEHICLE,0,0,
-1448.8818,-821.6172,75.2595,273.6496,0.00,VEHICLE,0,0,
-1446.8280,-821.5106,75.7738,273.3498,0.00,VEHICLE,0,0,
-1444.7512,-821.5243,76.2842,270.8280,0.00,VEHICLE,0,0,
-1442.8059,-821.6066,76.7445,268.4794,0.00,VEHICLE,0,0,
-1440.8328,-821.6882,77.1221,267.8983,0.00,VEHICLE,0,0,
-1438.8578,-821.7720,77.4673,267.8878,0.00,VEHICLE,0,0,
-1436.8756,-821.8521,77.7426,267.8317,0.00,VEHICLE,0,0,
-1434.7942,-821.9359,78.0291,267.7784,0.00,VEHICLE,0,0,
-1432.4551,-821.9955,78.3672,268.3465,0.00,VEHICLE,0,0,
-1430.3715,-821.9729,78.6771,270.0240,0.00,VEHICLE,0,0,
-1428.3217,-821.9465,78.9819,270.6159,0.00,VEHICLE,0,0,
-1426.1968,-821.9163,79.2979,270.7783,0.00,VEHICLE,0,0,
-1424.1194,-821.8853,79.6060,270.8116,0.00,VEHICLE,0,0,
-1422.0161,-821.8542,79.9175,270.8121,0.00,VEHICLE,0,0,
-1419.8867,-821.8231,80.2318,270.8032,0.00,VEHICLE,0,0,
-1417.7587,-821.7928,80.5459,270.7921,0.00,VEHICLE,0,0,
-1415.4399,-821.7509,80.8890,270.9430,0.00,VEHICLE,0,0,
-1413.2042,-821.6381,81.2238,272.3735,0.00,VEHICLE,0,0,
-1410.9897,-821.5087,81.4726,273.1967,0.00,VEHICLE,0,0,
-1408.7539,-821.3619,81.5872,273.7795,0.00,VEHICLE,0,0,
-1406.5167,-821.2078,81.5138,274.2857,0.00,VEHICLE,0,0,
-1404.2543,-821.0408,81.4208,274.7509,0.00,VEHICLE,0,0,
-1401.9978,-820.8402,81.3767,274.9826,0.00,VEHICLE,0,0,
-1399.5399,-820.6431,81.3821,274.5056,0.00,VEHICLE,0,0,
-1397.1083,-820.5994,81.3779,271.5646,0.00,VEHICLE,0,0,
-1394.7406,-820.6212,81.3690,269.5876,0.00,VEHICLE,0,0,
-1392.7140,-820.6519,81.3622,269.0446,0.00,VEHICLE,0,0,
-1390.2756,-820.7039,81.3555,268.8905,0.00,VEHICLE,0,0,
-1387.6608,-820.6920,81.3500,270.1613,0.00,VEHICLE,0,0,
-1385.0206,-820.5124,81.3487,273.5032,0.00,VEHICLE,0,0,
-1382.5605,-820.1515,81.3525,277.5998,0.00,VEHICLE,0,0,
-1380.1625,-819.6760,81.2814,280.9052,0.00,VEHICLE,0,0,
-1377.7085,-819.1130,81.0829,282.7895,0.00,VEHICLE,0,0,
-1375.1813,-818.5087,80.7376,283.9674,0.00,VEHICLE,0,0,
-1372.6257,-817.8586,80.3486,285.2716,0.00,VEHICLE,0,0,
-1369.8246,-817.1256,79.9908,284.6523,0.00,VEHICLE,0,0,
-1367.0908,-816.5760,79.6549,281.4873,0.00,VEHICLE,0,0,
-1364.3248,-816.1442,79.3129,278.8858,0.00,VEHICLE,0,0,
-1361.4260,-815.7344,78.9522,278.0837,0.00,VEHICLE,0,0,
-1358.4788,-815.3361,78.5861,277.8953,0.00,VEHICLE,0,0,
-1355.4946,-814.9367,78.2155,277.8530,0.00,VEHICLE,0,0,
-1352.4366,-814.5237,77.8357,277.8410,0.00,VEHICLE,0,0,
-1349.3025,-814.0941,77.4446,277.8466,0.00,VEHICLE,0,0,
-1345.6797,-813.5918,77.0022,277.8549,0.00,VEHICLE,0,0,
-1342.6335,-813.1677,76.6507,277.8561,0.00,VEHICLE,0,0,
-1339.4714,-812.7278,76.2996,277.8553,0.00,VEHICLE,0,0,
-1336.2332,-812.2787,75.9387,277.8561,0.00,VEHICLE,0,0,
-1332.8615,-811.8128,75.5612,277.8582,0.00,VEHICLE,0,0,
-1329.4095,-811.3370,75.1741,277.8609,0.00,VEHICLE,0,0,
-1325.8915,-810.8527,74.7793,277.8634,0.00,VEHICLE,0,0,
-1322.3883,-810.3701,74.3866,277.8657,0.00,VEHICLE,0,0,
-1318.9404,-809.8942,73.9996,277.8664,0.00,VEHICLE,0,0,
-1315.7551,-809.4319,73.6412,278.2372,0.00,VEHICLE,0,0,
-1312.0359,-808.7478,73.2179,280.5462,0.00,VEHICLE,0,0,
-1308.4487,-807.8594,72.7806,284.1419,0.00,VEHICLE,0,0,
-1303.6835,-806.4380,72.1620,287.3478,0.00,VEHICLE,0,0,
-1301.7678,-805.8231,71.9137,287.7821,0.00,VEHICLE,0,0,
-1299.5961,-805.1104,71.6368,287.9696,0.00,VEHICLE,0,0,
-1295.8629,-803.8678,71.1677,288.0547,0.00,VEHICLE,0,0,
-1292.3666,-802.6981,70.7379,288.0761,0.00,VEHICLE,0,0,
-1288.8383,-801.4711,70.3076,288.8913,0.00,VEHICLE,0,0,
-1285.4714,-800.1213,69.8884,291.8386,0.00,VEHICLE,0,0,
-1282.0170,-798.6261,69.5047,293.6233,0.00,VEHICLE,0,0,
-1278.5392,-797.0756,69.1781,294.1003,0.00,VEHICLE,0,0,
-1275.3270,-795.6254,68.8897,294.2037,0.00,VEHICLE,0,0,
-1272.4520,-794.3196,68.6323,294.2305,0.00,VEHICLE,0,0,
-1269.4730,-792.9540,68.3656,294.3736,0.00,VEHICLE,0,0,
-1266.2417,-791.3416,68.0706,296.3466,0.00,VEHICLE,0,0,
-1263.3265,-789.6566,67.7923,299.9815,0.00,VEHICLE,0,0,
-1260.5033,-787.8751,67.5135,302.7705,0.00,VEHICLE,0,0,
-1257.7321,-786.0330,67.2037,303.6794,0.00,VEHICLE,0,0,
-1255.0636,-784.2302,66.8471,303.8408,0.00,VEHICLE,0,0,
-1252.4958,-782.4913,66.4631,303.8134,0.00,VEHICLE,0,0,
-1250.1790,-780.9265,66.1217,303.8102,0.00,VEHICLE,0,0,
-1247.8102,-779.3325,65.7800,303.8092,0.00,VEHICLE,0,0,
-1245.7139,-777.9265,65.4799,303.8105,0.00,VEHICLE,0,0,
-1243.0773,-776.1630,65.1027,303.8123,0.00,VEHICLE,0,0,
-1240.8671,-774.6865,64.7861,303.8168,0.00,VEHICLE,0,0,
-1238.3923,-773.0333,64.4327,303.8209,0.00,VEHICLE,0,0,
-1235.9840,-771.4227,64.0889,303.8231,0.00,VEHICLE,0,0,
-1233.5087,-769.7658,63.9013,303.8231,0.00,VEHICLE,0,0,
-1231.1581,-768.1888,63.8449,303.8474,0.00,VEHICLE,0,0,
-1228.9056,-766.5791,63.8730,305.1683,0.00,VEHICLE,0,0,
-1226.5565,-764.6396,63.8866,309.2050,0.00,VEHICLE,0,0,
-1224.4805,-762.8189,63.8762,311.1378,0.00,VEHICLE,0,0,
-1222.5402,-761.0726,63.7397,311.7812,0.00,VEHICLE,0,0,
-1220.5199,-759.2341,63.3819,312.2129,0.00,VEHICLE,0,0,
-1218.4056,-757.2183,62.8824,313.3480,0.00,VEHICLE,0,0,
-1216.7103,-755.3865,62.4433,316.0655,0.00,VEHICLE,0,0,
-1214.8380,-753.2444,62.0602,318.2706,0.00,VEHICLE,0,0,
-1213.1490,-751.2830,61.7248,318.8225,0.00,VEHICLE,0,0,
-1211.5449,-749.4233,61.3984,318.9573,0.00,VEHICLE,0,0,
-1209.9581,-747.5923,61.0723,319.0051,0.00,VEHICLE,0,0,
-1208.3392,-745.7316,60.7397,319.0269,0.00,VEHICLE,0,0,
-1206.6152,-743.7552,60.3868,319.0387,0.00,VEHICLE,0,0,
-1204.8702,-741.6745,60.0237,319.9473,0.00,VEHICLE,0,0,
-1203.2499,-739.4958,59.6569,322.9221,0.00,VEHICLE,0,0,
-1202.0183,-737.5966,59.3420,326.1535,0.00,VEHICLE,0,0,
-1200.1619,-734.4222,58.8139,330.0762,0.00,VEHICLE,0,0,
-1198.7158,-731.7974,58.3790,330.9882,0.00,VEHICLE,0,0,
-1197.5529,-729.6193,58.0221,331.4293,0.00,VEHICLE,0,0,
-1196.3745,-727.1771,57.6312,333.4502,0.00,VEHICLE,0,0,
-1195.3722,-724.8395,57.2661,336.1959,0.00,VEHICLE,0,0,
-1193.9249,-721.3171,56.7205,337.6939,0.00,VEHICLE,0,0,
-1192.7679,-718.4407,56.2762,337.9368,0.00,VEHICLE,0,0,
-1191.6658,-715.6919,55.8513,337.9822,0.00,VEHICLE,0,0,
-1190.2755,-712.2266,55.3152,337.9905,0.00,VEHICLE,0,0,
-1188.9700,-708.9815,54.7948,338.0023,0.00,VEHICLE,0,0,
-1187.8184,-706.1253,54.2892,338.0065,0.00,VEHICLE,0,0,
-1186.6522,-703.2040,53.7354,338.1966,0.00,VEHICLE,0,0,
-1185.5189,-700.0984,53.1572,339.9125,0.00,VEHICLE,0,0,
-1184.4989,-697.1526,52.6182,340.9672,0.00,VEHICLE,0,0,
-1183.4958,-694.1968,52.0811,341.2809,0.00,VEHICLE,0,0,
-1182.3915,-690.9177,51.4865,341.3633,0.00,VEHICLE,0,0,
-1181.3253,-687.7444,50.9115,341.3766,0.00,VEHICLE,0,0,
-1180.2899,-684.6645,50.3535,341.3763,0.00,VEHICLE,0,0,
-1179.1749,-681.3510,49.7554,341.3802,0.00,VEHICLE,0,0,
-1177.9567,-677.7316,49.0918,341.3802,0.00,VEHICLE,0,0,
-1176.9547,-674.7556,48.4923,341.3894,0.00,VEHICLE,0,0,
-1175.9297,-671.7160,47.8274,341.3870,0.00,VEHICLE,0,0,
-1174.8743,-668.5895,47.1378,341.3835,0.00,VEHICLE,0,0,
-1173.8163,-665.4558,46.4532,341.3813,0.00,VEHICLE,0,0,
-1172.8450,-662.5784,45.8272,341.3864,0.00,VEHICLE,0,0,
-1171.8660,-659.6763,45.1958,341.3847,0.00,VEHICLE,0,0,
-1170.9055,-656.8274,44.5784,341.3822,0.00,VEHICLE,0,0,
-1169.8882,-653.8039,43.9253,341.3778,0.00,VEHICLE,0,0,
-1168.9097,-650.8948,43.3422,341.3670,0.00,VEHICLE,0,0,
-1167.9847,-648.1484,42.8990,341.3358,0.00,VEHICLE,0,0,
-1166.9724,-645.1465,42.5112,341.3298,0.00,VEHICLE,0,0,
-1166.0208,-642.3271,42.1468,341.3318,0.00,VEHICLE,0,0,
-1165.1021,-639.6088,41.7845,341.3297,0.00,VEHICLE,0,0,
-1164.2042,-636.9539,41.4266,341.3276,0.00,VEHICLE,0,0,
-1163.1836,-633.9378,41.0183,341.3255,0.00,VEHICLE,0,0,
-1162.2004,-631.0338,40.6242,341.3275,0.00,VEHICLE,0,0,
-1161.4658,-628.7900,40.3193,341.7232,0.00,VEHICLE,0,0,
-1160.6462,-625.9846,39.9434,343.5012,0.00,VEHICLE,0,0,
-1159.9611,-623.5751,39.6230,344.0705,0.00,VEHICLE,0,0,
-1159.1970,-620.8546,39.2624,344.2395,0.00,VEHICLE,0,0,
-1158.4764,-618.2776,38.9206,344.2750,0.00,VEHICLE,0,0,
-1157.8407,-616.0080,38.6055,344.2879,0.00,VEHICLE,0,0,
-1157.0447,-613.1721,38.1494,344.3243,0.00,VEHICLE,0,0,
-1156.4196,-610.9509,37.7449,344.3638,0.00,VEHICLE,0,0,
-1155.7601,-608.6877,37.3190,344.0245,0.00,VEHICLE,0,0,
-1154.9713,-606.5075,36.9067,341.1061,0.00,VEHICLE,0,0,
-1154.0706,-604.4732,36.5141,337.2306,0.00,VEHICLE,0,0,
-1153.1293,-602.4332,36.1179,335.6329,0.00,VEHICLE,0,0,
-1151.8237,-599.6735,35.5782,335.0323,0.00,VEHICLE,0,0,
-1150.5298,-597.2766,35.1080,332.4930,0.00,VEHICLE,0,0,
-1149.2891,-595.2802,34.7399,328.8722,0.00,VEHICLE,0,0,
-1147.9396,-593.3367,34.4096,324.9009,0.00,VEHICLE,0,0,
-1146.5133,-591.3705,34.0825,323.0928,0.00,VEHICLE,0,0,
-1144.7920,-589.0846,33.7294,322.5463,0.00,VEHICLE,0,0,
-1142.8705,-586.6572,33.2952,322.0287,0.00,VEHICLE,0,0,
-1141.2479,-584.7199,32.9023,321.7214,0.00,VEHICLE,0,0,
-1139.5718,-582.8612,32.5352,319.8198,0.00,VEHICLE,0,0,
-1137.9722,-581.2458,32.2038,317.0198,0.00,VEHICLE,0,0,
-1136.0654,-579.4382,31.8088,314.3000,0.00,VEHICLE,0,0,
-1134.1945,-577.6840,31.4147,313.4575,0.00,VEHICLE,0,0,
-1132.4561,-576.0308,31.1206,313.4018,0.00,VEHICLE,0,0,
-1130.6180,-574.2352,31.0012,313.8773,0.00,VEHICLE,0,0,
-1128.7109,-572.3448,31.0539,314.0220,0.00,VEHICLE,0,0,
-1126.4059,-570.0707,31.1721,314.0013,0.00,VEHICLE,0,0,
-1124.5511,-568.2635,31.2489,314.0074,0.00,VEHICLE,0,0,
-1122.6854,-566.5079,31.3208,313.4653,0.00,VEHICLE,0,0,
-1120.7275,-564.8008,31.4007,311.6614,0.00,VEHICLE,0,0,
-1118.7922,-563.1711,31.4819,310.4491,0.00,VEHICLE,0,0,
-1116.5784,-561.3248,31.5758,310.0428,0.00,VEHICLE,0,0,
-1114.6022,-559.6783,31.6649,309.9757,0.00,VEHICLE,0,0,
-1112.6998,-558.0864,31.7748,310.0393,0.00,VEHICLE,0,0,
-1110.7975,-556.5035,31.8629,309.9526,0.00,VEHICLE,0,0,
-1108.8726,-554.9941,31.9345,308.6941,0.00,VEHICLE,0,0,
-1106.9757,-553.6472,31.9665,306.3929,0.00,VEHICLE,0,0,
-1104.6941,-552.2372,31.9947,302.7742,0.00,VEHICLE,0,0,
-1102.6322,-551.1707,32.0023,298.9857,0.00,VEHICLE,0,0,
-1100.7220,-550.3594,32.0032,295.0046,0.00,VEHICLE,0,0,
-1098.5449,-549.6406,31.9995,290.0588,0.00,VEHICLE,0,0,
-1096.5547,-549.1796,31.9975,285.2970,0.00,VEHICLE,0,0,
-1093.6016,-548.6222,31.9973,281.0931,0.00,VEHICLE,0,0,
-1091.3422,-548.2224,31.9984,280.4165,0.00,VEHICLE,0,0,
-1089.1829,-547.8416,31.9995,280.3053,0.00,VEHICLE,0,0,
-1086.9825,-547.4926,32.0002,279.5421,0.00,VEHICLE,0,0,
-1084.7343,-547.2468,32.0005,277.1201,0.00,VEHICLE,0,0,
-1082.1715,-547.1223,32.0003,273.4954,0.00,VEHICLE,0,0,
-1079.7065,-547.1333,31.9998,270.3779,0.00,VEHICLE,0,0,
-1077.6500,-547.1646,31.9998,269.4084,0.00,VEHICLE,0,0,
-1075.1633,-547.2174,31.9999,269.0883,0.00,VEHICLE,0,0,
-1072.8107,-547.2746,31.9999,268.9708,0.00,VEHICLE,0,0,
-1070.5623,-547.3983,31.9993,267.6518,0.00,VEHICLE,0,0,
-1068.2733,-547.6456,31.9985,264.8454,0.00,VEHICLE,0,0,
-1066.1466,-548.0168,31.9979,261.3659,0.00,VEHICLE,0,0,
-1064.0404,-548.5237,31.9973,257.6683,0.00,VEHICLE,0,0,
-1061.8392,-549.0912,31.9973,255.8968,0.00,VEHICLE,0,0,
-1059.7307,-549.6548,31.9977,255.4660,0.00,VEHICLE,0,0,
-1056.9545,-550.4005,31.9978,255.3476,0.00,VEHICLE,0,0,
-1055.0272,-550.9789,31.9977,254.2251,0.00,VEHICLE,0,0,
-1052.2787,-552.0307,31.9977,249.6969,0.00,VEHICLE,0,0,
-1050.3931,-552.9498,31.9981,245.5824,0.00,VEHICLE,0,0,
-1048.4805,-554.0854,31.9982,240.9118,0.00,VEHICLE,0,0,
-1046.7529,-555.3159,31.9980,236.3054,0.00,VEHICLE,0,0,
-1045.1040,-556.7236,31.9978,231.3392,0.00,VEHICLE,0,0,
-1043.6176,-558.3125,31.9971,225.4444,0.00,VEHICLE,0,0,
-1042.4003,-559.9979,31.9962,218.6059,0.00,VEHICLE,0,0,
-1041.1337,-562.5989,31.9949,207.5675,0.00,VEHICLE,0,0,
-1040.5902,-564.5321,31.9949,199.2318,0.00,VEHICLE,0,0,
-1040.3340,-566.7715,31.9954,189.3971,0.00,VEHICLE,0,0,
-1040.5044,-569.2243,31.9950,178.7284,0.00,VEHICLE,0,0,
-1040.8767,-572.2343,31.9972,173.7841,0.00,VEHICLE,0,0,
-1041.0767,-574.9935,31.9982,176.2209,0.00,VEHICLE,0,0,
-1040.8939,-578.0065,31.9980,182.9378,0.00,VEHICLE,0,0,
-1040.6832,-580.2288,31.9982,184.7785,0.00,VEHICLE,0,0,
-1040.4629,-582.3331,31.9986,185.1354,0.00,VEHICLE,0,0,
-1040.0642,-584.8640,31.9994,187.8361,0.00,VEHICLE,0,0,
-1039.6226,-587.5015,32.0001,189.0981,0.00,VEHICLE,0,0,
-1039.1504,-590.3716,32.0005,189.3106,0.00,VEHICLE,0,0,
-1038.8242,-592.3632,32.0007,189.3369,0.00,VEHICLE,0,0,
-1038.3478,-595.2705,32.0001,189.3456,0.00,VEHICLE,0,0,
-1038.0024,-597.3733,31.9989,189.3470,0.00,VEHICLE,0,0,
-1037.5316,-600.2332,31.9988,189.3467,0.00,VEHICLE,0,0,
-1037.0485,-603.1656,32.0000,189.3462,0.00,VEHICLE,0,0,
-1036.6943,-605.3134,32.0005,189.3460,0.00,VEHICLE,0,0,
-1036.3352,-607.4953,32.0007,189.3429,0.00,VEHICLE,0,0,
-1035.9822,-609.7552,32.0008,188.9956,0.00,VEHICLE,0,0,
-1035.6554,-611.9051,32.0003,188.7221,0.00,VEHICLE,0,0,
-1035.3296,-614.0577,31.9992,188.6408,0.00,VEHICLE,0,0,
-1034.9613,-616.4955,31.9983,188.6174,0.00,VEHICLE,0,0,
-1034.6324,-618.6744,31.9987,188.6133,0.00,VEHICLE,0,0,
-1034.3193,-620.7466,32.0000,188.6123,0.00,VEHICLE,0,0,
-1033.9927,-622.9056,32.0011,188.6118,0.00,VEHICLE,0,0,
-1033.6659,-625.5204,32.0014,187.4462,0.00,VEHICLE,0,0,
-1033.4736,-627.5967,32.0002,185.7934,0.00,VEHICLE,0,0,
-1033.2795,-629.8035,31.9990,185.1866,0.00,VEHICLE,0,0,
-1033.0774,-632.1689,31.9984,185.0211,0.00,VEHICLE,0,0,
-1032.8979,-634.2808,31.9993,184.9891,0.00,VEHICLE,0,0,
-1032.7209,-636.3572,32.0005,184.9810,0.00,VEHICLE,0,0,
-1032.5219,-638.6738,32.0014,184.9777,0.00,VEHICLE,0,0,
-1032.2960,-640.9285,32.0012,185.4764,0.00,VEHICLE,0,0,
-1031.9366,-643.1504,32.0000,188.1918,0.00,VEHICLE,0,0,
-1031.4606,-645.2675,31.9985,191.5884,0.00,VEHICLE,0,0,
-1030.9009,-647.6176,31.9978,193.0510,0.00,VEHICLE,0,0,
-1030.4117,-649.6173,31.9979,193.3554,0.00,VEHICLE,0,0,
-1029.9152,-651.6423,31.9983,193.4294,0.00,VEHICLE,0,0,
-1029.2747,-654.2733,31.9993,193.4518,0.00,VEHICLE,0,0,
-1028.7559,-656.4242,31.9992,193.4559,0.00,VEHICLE,0,0,
-1028.2892,-658.3756,31.9986,193.4581,0.00,VEHICLE,0,0,
-1027.7743,-660.5406,31.9980,193.4613,0.00,VEHICLE,0,0,
-1027.2621,-662.6965,31.9977,193.4645,0.00,VEHICLE,0,0,
-1026.7902,-664.6797,31.9976,193.4665,0.00,VEHICLE,0,0,
-1026.3243,-666.6318,31.9976,193.4673,0.00,VEHICLE,0,0,
-1025.6265,-669.5456,31.9978,193.4663,0.00,VEHICLE,0,0,
-1025.0742,-671.8464,31.9987,193.4652,0.00,VEHICLE,0,0,
-1024.4347,-674.5134,31.9985,193.4643,0.00,VEHICLE,0,0,
-1023.6813,-677.1747,31.9978,195.5126,0.00,VEHICLE,0,0,
-1022.7021,-679.7998,31.9975,199.6782,0.00,VEHICLE,0,0,
-1021.8178,-682.1436,31.9978,200.3405,0.00,VEHICLE,0,0,
-1020.9962,-684.3164,31.9978,200.4133,0.00,VEHICLE,0,0,
-1020.2355,-686.3408,31.9976,200.4230,0.00,VEHICLE,0,0,
-1019.3704,-688.6213,31.9976,200.6694,0.00,VEHICLE,0,0,
-1018.3193,-690.6878,31.9974,205.4431,0.00,VEHICLE,0,0,
-1016.9670,-692.3826,31.9961,214.9392,0.00,VEHICLE,0,0,
-1015.5264,-693.9321,31.9964,220.7043,0.00,VEHICLE,0,0,
-1014.1212,-695.4081,31.9979,222.0764,0.00,VEHICLE,0,0,
-1012.2448,-696.8433,31.9975,229.7663,0.00,VEHICLE,0,0,
-1010.0800,-697.6381,31.9957,244.5800,0.00,VEHICLE,0,0,
-1007.9352,-697.7611,31.9953,259.5303,0.00,VEHICLE,0,0,
-1005.5008,-697.2409,31.9978,276.0558,0.00,VEHICLE,0,0,
-1003.6242,-696.3126,31.9988,289.5814,0.00,VEHICLE,0,0,
-1001.6094,-694.5928,31.9984,306.0183,0.00,VEHICLE,0,0,
-1000.3959,-692.8787,31.9974,318.7904,0.00,VEHICLE,0,0,
-999.1095,-690.8753,31.9980,325.1790,0.00,VEHICLE,0,0,
-997.9440,-689.0632,31.9991,326.0755,0.00,VEHICLE,0,0,
-996.8332,-686.8069,32.0008,332.0869,0.00,VEHICLE,0,0,
-996.0793,-684.2752,32.0003,341.5155,0.00,VEHICLE,0,0,
-995.8226,-681.8590,31.9983,351.1353,0.00,VEHICLE,0,0,
-996.1283,-678.9489,31.9965,4.2043,0.00,VEHICLE,0,0,
-996.9161,-676.6880,31.9958,15.7078,0.00,VEHICLE,0,0,
-998.2283,-674.5744,31.9959,28.3947,0.00,VEHICLE,0,0,
-999.7924,-672.6751,31.9970,37.4508,0.00,VEHICLE,0,0,
-1001.3869,-670.7912,31.9991,39.3584,0.00,VEHICLE,0,0,
-1003.0785,-668.6596,31.9999,38.1160,0.00,VEHICLE,0,0,
-1004.5834,-666.2266,31.9993,32.5006,0.00,VEHICLE,0,0,
-1005.6768,-663.8375,31.9982,26.0929,0.00,VEHICLE,0,0,
-1006.8503,-661.0806,31.9993,23.6726,0.00,VEHICLE,0,0,
-1007.6413,-659.1947,32.0000,23.4379,0.00,VEHICLE,0,0,
-1008.4406,-657.3031,32.0004,23.3812,0.00,VEHICLE,0,0,
-1009.2465,-655.4155,32.0005,23.3640,0.00,VEHICLE,0,0,
-1010.1656,-653.2836,32.0006,23.3541,0.00,VEHICLE,0,0,
-1011.0645,-651.2117,32.0007,23.3476,0.00,VEHICLE,0,0,
-1011.9686,-649.1320,32.0008,23.3433,0.00,VEHICLE,0,0,
-1012.9569,-646.8566,32.0008,23.3410,0.00,VEHICLE,0,0,
-1013.9090,-644.6586,32.0005,23.3407,0.00,VEHICLE,0,0,
-1014.9151,-642.3300,32.0004,23.3423,0.00,VEHICLE,0,0,
-1015.8853,-640.0797,32.0008,23.3438,0.00,VEHICLE,0,0,
-1016.8638,-637.8077,32.0005,23.3448,0.00,VEHICLE,0,0,
-1017.7194,-635.8215,31.9995,23.3458,0.00,VEHICLE,0,0,
-1018.6650,-633.7281,31.9985,24.0432,0.00,VEHICLE,0,0,
-1019.7770,-631.4835,31.9986,25.9487,0.00,VEHICLE,0,0,
-1020.8617,-629.3206,31.9995,26.5319,0.00,VEHICLE,0,0,
-1021.9351,-627.1940,32.0003,26.6715,0.00,VEHICLE,0,0,
-1023.0436,-625.0035,32.0003,26.7086,0.00,VEHICLE,0,0,
-1023.9940,-623.0920,31.9993,26.4504,0.00,VEHICLE,0,0,
-1025.0065,-620.8837,31.9984,24.9468,0.00,VEHICLE,0,0,
-1026.0083,-618.6619,31.9982,24.3414,0.00,VEHICLE,0,0,
-1026.9955,-616.4559,31.9994,24.2015,0.00,VEHICLE,0,0,
-1027.8632,-614.5110,32.0000,24.1718,0.00,VEHICLE,0,0,
-1028.7332,-612.5596,31.9996,24.1646,0.00,VEHICLE,0,0,
-1029.6976,-610.3992,31.9986,24.1639,0.00,VEHICLE,0,0,
-1030.5950,-608.3948,31.9980,24.1639,0.00,VEHICLE,0,0,
-1031.4270,-606.5533,31.9977,24.2495,0.00,VEHICLE,0,0,
-1032.3573,-604.6106,31.9976,25.1915,0.00,VEHICLE,0,0,
-1033.2921,-602.6712,31.9976,25.5900,0.00,VEHICLE,0,0,
-1034.2277,-600.7366,31.9977,25.6927,0.00,VEHICLE,0,0,
-1035.1199,-598.8919,31.9976,25.7167,0.00,VEHICLE,0,0,
-1036.0909,-596.8823,31.9976,25.7226,0.00,VEHICLE,0,0,
-1037.2875,-594.4003,31.9976,25.7242,0.00,VEHICLE,0,0,
-1038.4338,-592.0194,31.9975,25.7253,0.00,VEHICLE,0,0,
-1039.8484,-589.9418,31.9950,34.2660,0.00,VEHICLE,0,0,
-1042.0166,-588.4459,32.0069,44.9297,0.00,VEHICLE,0,0,
-1043.2554,-586.6647,32.0005,39.1780,0.00,VEHICLE,0,0,
-1044.8035,-584.6576,31.9990,38.8497,0.00,VEHICLE,0,0,
-1046.0509,-583.0828,31.9977,38.8562,0.00,VEHICLE,0,0,
-1047.5371,-581.2565,31.9988,38.9216,0.00,VEHICLE,0,0,
-1049.1462,-579.5380,32.0007,41.8031,0.00,VEHICLE,0,0,
-1050.9591,-577.9813,32.0011,47.4463,0.00,VEHICLE,0,0,
-1052.9069,-576.6694,32.0005,53.8573,0.00,VEHICLE,0,0,
-1055.3359,-575.4669,31.9995,61.7830,0.00,VEHICLE,0,0,
-1057.6896,-574.5460,31.9985,67.0399,0.00,VEHICLE,0,0,
-1059.9749,-573.6800,31.9988,68.2295,0.00,VEHICLE,0,0,
-1062.5950,-572.9216,31.9998,72.6586,0.00,VEHICLE,0,0,
-1065.3481,-572.4590,31.9997,79.2807,0.00,VEHICLE,0,0,
-1067.9424,-572.3600,31.9988,86.1949,0.00,VEHICLE,0,0,
-1070.4167,-572.5894,31.9973,93.2452,0.00,VEHICLE,0,0,
-1073.0042,-572.8979,31.9977,95.8444,0.00,VEHICLE,0,0,
-1075.5438,-573.1989,31.9989,96.0999,0.00,VEHICLE,0,0,
-1078.3889,-573.5142,32.0001,96.1421,0.00,VEHICLE,0,0,
-1081.2557,-573.8171,32.0007,96.1550,0.00,VEHICLE,0,0,
-1084.0581,-574.1107,32.0008,96.1602,0.00,VEHICLE,0,0,
-1086.8302,-574.4048,32.0008,96.1609,0.00,VEHICLE,0,0,
-1089.9149,-574.7371,32.0008,96.1590,0.00,VEHICLE,0,0,
-1092.4098,-575.0081,32.0008,96.1571,0.00,VEHICLE,0,0,
-1094.6312,-575.2496,32.0009,96.1561,0.00,VEHICLE,0,0,
-1096.7786,-575.4827,32.0009,96.1557,0.00,VEHICLE,0,0,
-1098.9390,-575.7164,32.0008,96.1558,0.00,VEHICLE,0,0,
-1101.1556,-575.9557,32.0012,96.1563,0.00,VEHICLE,0,0,
-1103.4369,-576.2014,32.0013,96.1568,0.00,VEHICLE,0,0,
-1105.8212,-576.4582,32.0014,96.1572,0.00,VEHICLE,0,0,
-1108.4686,-576.7433,32.0012,96.1574,0.00,VEHICLE,0,0,
-1110.7635,-576.9905,32.0003,96.1575,0.00,VEHICLE,0,0,
-1113.0583,-577.2409,31.9991,96.2055,0.00,VEHICLE,0,0,
-1115.5212,-577.5920,31.9983,97.6326,0.00,VEHICLE,0,0,
-1117.8903,-578.0688,31.9978,100.6208,0.00,VEHICLE,0,0,
-1119.9812,-578.5302,31.9965,102.0652,0.00,VEHICLE,0,0,
-1122.3405,-579.0510,31.9474,102.5489,0.00,VEHICLE,0,0,
-1124.9458,-579.6273,31.8198,102.7097,0.00,VEHICLE,0,0,
-1127.2159,-580.1216,31.6537,102.7475,0.00,VEHICLE,0,0,
-1129.5226,-580.6722,31.5232,103.4622,0.00,VEHICLE,0,0,
-1132.1931,-581.4839,31.6455,106.3042,0.00,VEHICLE,0,0,
-1134.3829,-582.3682,31.9593,110.8406,0.00,VEHICLE,0,0,
-1136.2585,-583.3185,32.2945,115.3933,0.00,VEHICLE,0,0,
-1138.3226,-584.5979,32.6654,120.6301,0.00,VEHICLE,0,0,
-1140.3896,-586.1387,33.0431,126.0971,0.00,VEHICLE,0,0,
-1141.9548,-587.4830,33.3349,129.7736,0.00,VEHICLE,0,0,
-1143.5756,-588.9256,33.6409,131.4798,0.00,VEHICLE,0,0,
-1145.3457,-590.5193,33.9604,131.9356,0.00,VEHICLE,0,0,
-1147.0336,-592.0253,34.2316,132.1842,0.00,VEHICLE,0,0,
-1148.6392,-593.5039,34.4622,132.8572,0.00,VEHICLE,0,0,
-1150.2528,-595.1471,34.7543,135.0159,0.00,VEHICLE,0,0,
-1151.6382,-596.8258,35.0895,138.7515,0.00,VEHICLE,0,0,
-1152.8290,-598.5932,35.4674,143.7082,0.00,VEHICLE,0,0,
-1153.7872,-600.4003,35.8357,149.2296,0.00,VEHICLE,0,0,
-1154.8303,-603.0446,36.3397,156.8855,0.00,VEHICLE,0,0,
-1155.7858,-605.6615,36.8305,159.0912,0.00,VEHICLE,0,0,
-1156.7646,-608.3336,37.3297,159.3953,0.00,VEHICLE,0,0,
-1157.7592,-611.0024,37.8291,159.4493,0.00,VEHICLE,0,0,
-1158.8143,-613.8022,38.3508,159.4654,0.00,VEHICLE,0,0,
-1159.5154,-615.6561,38.6516,159.4617,0.00,VEHICLE,0,0,
-1160.2582,-617.6233,38.9569,159.4539,0.00,VEHICLE,0,0,
-1161.0518,-619.8451,39.2534,160.1459,0.00,VEHICLE,0,0,
-1161.6362,-621.7769,39.5043,162.2912,0.00,VEHICLE,0,0,
-1162.2344,-623.8101,39.7727,163.3132,0.00,VEHICLE,0,0,
-1162.8840,-626.0451,40.0701,163.6126,0.00,VEHICLE,0,0,
-1163.4843,-628.1216,40.3467,163.6796,0.00,VEHICLE,0,0,
-1164.0786,-630.1790,40.6199,163.6906,0.00,VEHICLE,0,0,
-1164.7438,-632.4714,40.9237,163.6885,0.00,VEHICLE,0,0,
-1165.5431,-635.2087,41.2876,163.6973,0.00,VEHICLE,0,0,
-1166.3800,-638.0625,41.6700,163.7111,0.00,VEHICLE,0,0,
-1166.9854,-640.1250,41.9468,163.7153,0.00,VEHICLE,0,0,
-1167.6626,-642.4353,42.2556,163.7202,0.00,VEHICLE,0,0,
-1168.4030,-644.9642,42.5927,163.7206,0.00,VEHICLE,0,0,
-1169.0183,-647.0698,42.8731,163.7236,0.00,VEHICLE,0,0,
-1169.6592,-649.2669,43.1665,163.7268,0.00,VEHICLE,0,0,
-1170.3810,-651.7555,43.5909,163.7850,0.00,VEHICLE,0,0,
-1171.0560,-654.0939,44.0423,163.8320,0.00,VEHICLE,0,0,
-1171.6493,-656.1571,44.4988,163.8346,0.00,VEHICLE,0,0,
-1172.3546,-658.6089,45.0345,163.8367,0.00,VEHICLE,0,0,
-1173.1082,-661.2216,45.5955,163.8406,0.00,VEHICLE,0,0,
-1173.7605,-663.4759,46.0769,163.8485,0.00,VEHICLE,0,0,
-1174.3970,-665.6730,46.5457,163.8516,0.00,VEHICLE,0,0,
-1175.0554,-667.9431,47.0297,163.8591,0.00,VEHICLE,0,0,
-1175.7202,-670.2346,47.5183,163.8612,0.00,VEHICLE,0,0,
-1176.3812,-672.5162,48.0046,163.8678,0.00,VEHICLE,0,0,
-1177.1281,-675.0965,48.5541,163.8685,0.00,VEHICLE,0,0,
-1177.9498,-677.9334,49.1295,163.8584,0.00,VEHICLE,0,0,
-1178.6136,-680.2249,49.5642,163.8381,0.00,VEHICLE,0,0,
-1179.1648,-682.1274,49.8984,163.8380,0.00,VEHICLE,0,0,
-1179.8035,-684.3357,50.2773,163.8437,0.00,VEHICLE,0,0,
-1180.6149,-687.0109,50.7511,163.2098,0.00,VEHICLE,0,0,
-1181.3560,-689.2765,51.1594,162.0726,0.00,VEHICLE,0,0,
-1182.2778,-692.0530,51.6617,161.6267,0.00,VEHICLE,0,0,
-1183.2379,-694.9167,52.1803,161.5199,0.00,VEHICLE,0,0,
-1184.0579,-697.3518,52.6212,161.5019,0.00,VEHICLE,0,0,
-1184.8994,-699.8478,53.0732,161.5002,0.00,VEHICLE,0,0,
-1185.8384,-702.6370,53.5782,161.5039,0.00,VEHICLE,0,0,
-1186.8992,-705.7979,54.1519,161.5113,0.00,VEHICLE,0,0,
-1187.9562,-708.9598,54.7213,161.5154,0.00,VEHICLE,0,0,
-1188.8275,-711.5634,55.1510,161.4450,0.00,VEHICLE,0,0,
-1189.8250,-714.2922,55.5689,160.0289,0.00,VEHICLE,0,0,
-1190.9868,-717.0278,55.9843,157.1185,0.00,VEHICLE,0,0,
-1192.3972,-719.9618,56.4475,154.2471,0.00,VEHICLE,0,0,
-1194.0082,-723.1783,56.9646,153.3818,0.00,VEHICLE,0,0,
-1195.2965,-725.7033,57.3734,153.2133,0.00,VEHICLE,0,0,
-1196.5015,-727.9482,57.7410,152.3292,0.00,VEHICLE,0,0,
-1197.8867,-730.2571,58.1286,149.7904,0.00,VEHICLE,0,0,
-1198.9946,-731.9168,58.4145,147.3759,0.00,VEHICLE,0,0,
-1200.6091,-734.2080,58.8151,145.1719,0.00,VEHICLE,0,0,
-1202.2804,-736.5228,59.2219,144.4517,0.00,VEHICLE,0,0,
-1204.4042,-739.4385,59.7298,144.2130,0.00,VEHICLE,0,0,
-1206.3164,-742.0618,60.1788,144.1689,0.00,VEHICLE,0,0,
-1207.9679,-744.3346,60.5628,144.1550,0.00,VEHICLE,0,0,
-1209.7625,-746.8156,60.9783,144.1662,0.00,VEHICLE,0,0,
-1211.5830,-749.3460,61.3986,144.1623,0.00,VEHICLE,0,0,
-1213.3755,-751.8464,61.8129,144.1446,0.00,VEHICLE,0,0,
-1215.3361,-754.5446,62.2624,143.7361,0.00,VEHICLE,0,0,
-1217.3512,-757.0759,62.6986,141.3422,0.00,VEHICLE,0,0,
-1219.4940,-759.4471,63.1334,137.8316,0.00,VEHICLE,0,0,
-1220.9121,-760.8412,63.4111,135.2958,0.00,VEHICLE,0,0,
-1223.3223,-763.0670,63.8618,132.1740,0.00,VEHICLE,0,0,
-1225.5848,-765.0394,64.1561,130.9362,0.00,VEHICLE,0,0,
-1227.9751,-767.0875,64.2276,130.0345,0.00,VEHICLE,0,0,
-1230.5602,-769.2929,64.0322,129.0114,0.00,VEHICLE,0,0,
-1232.9863,-771.2089,63.9044,126.9212,0.00,VEHICLE,0,0,
-1235.6346,-772.8828,64.0836,122.8017,0.00,VEHICLE,0,0,
-1238.2933,-774.2444,64.4363,118.0480,0.00,VEHICLE,0,0,
-1240.9652,-775.5338,64.8295,116.2845,0.00,VEHICLE,0,0,
-1243.7137,-776.8378,65.2064,115.8093,0.00,VEHICLE,0,0,
-1246.4982,-778.1585,65.5740,115.6818,0.00,VEHICLE,0,0,
-1249.3678,-779.5579,65.9504,116.1036,0.00,VEHICLE,0,0,
-1252.0754,-781.0649,66.3166,118.9026,0.00,VEHICLE,0,0,
-1254.5022,-782.5639,66.6547,121.4950,0.00,VEHICLE,0,0,
-1256.9401,-784.1180,66.9991,122.3773,0.00,VEHICLE,0,0,
-1259.3392,-785.6664,67.3180,122.5826,0.00,VEHICLE,0,0,
-1261.8815,-787.3018,67.6048,122.5099,0.00,VEHICLE,0,0,
-1264.5265,-788.8760,67.8512,120.7169,0.00,VEHICLE,0,0,
-1267.1312,-790.3295,68.0898,119.0906,0.00,VEHICLE,0,0,
-1269.7074,-791.7343,68.3290,118.6065,0.00,VEHICLE,0,0,
-1272.2876,-793.1268,68.5725,118.4797,0.00,VEHICLE,0,0,
-1274.9584,-794.5639,68.8272,118.4464,0.00,VEHICLE,0,0,
-1277.6461,-796.0125,69.0862,118.4387,0.00,VEHICLE,0,0,
-1280.2938,-797.4442,69.3435,118.4407,0.00,VEHICLE,0,0,
-1283.1001,-798.9651,69.6205,118.4316,0.00,VEHICLE,0,0,
-1286.0040,-800.4705,69.9511,117.3873,0.00,VEHICLE,0,0,
-1289.0310,-801.8041,70.3322,113.7870,0.00,VEHICLE,0,0,
-1291.8712,-802.8552,70.6922,110.3890,0.00,VEHICLE,0,0,
-1294.7411,-803.8449,71.0473,109.0611,0.00,VEHICLE,0,0,
-1297.7244,-804.8428,71.4164,108.6909,0.00,VEHICLE,0,0,
-1300.6843,-805.8250,71.7868,108.5961,0.00,VEHICLE,0,0,
-1303.7087,-806.8314,72.1722,108.5690,0.00,VEHICLE,0,0,
-1306.9697,-807.8529,72.5916,107.4703,0.00,VEHICLE,0,0,
-1310.2609,-808.7314,73.0121,104.9282,0.00,VEHICLE,0,0,
-1313.4545,-809.5330,73.3985,103.9872,0.00,VEHICLE,0,0,
-1316.6283,-810.3088,73.7626,103.7438,0.00,VEHICLE,0,0,
-1319.8617,-811.0898,74.1294,103.6825,0.00,VEHICLE,0,0,
-1323.2744,-811.8917,74.5184,103.3668,0.00,VEHICLE,0,0,
-1326.7823,-812.5686,74.9161,101.0080,0.00,VEHICLE,0,0,
-1330.1179,-813.0423,75.2906,98.1153,0.00,VEHICLE,0,0,
-1333.5802,-813.4703,75.6774,97.0059,0.00,VEHICLE,0,0,
-1336.8492,-813.8489,76.0415,96.7263,0.00,VEHICLE,0,0,
-1340.2671,-814.2344,76.4215,96.6208,0.00,VEHICLE,0,0,
-1343.6388,-814.5636,76.7955,95.7642,0.00,VEHICLE,0,0,
-1346.7806,-814.7643,77.1500,93.8653,0.00,VEHICLE,0,0,
-1349.7667,-814.9241,77.5042,93.1031,0.00,VEHICLE,0,0,
-1352.6449,-815.0684,77.8602,92.9088,0.00,VEHICLE,0,0,
-1355.4286,-815.2056,78.2056,92.8568,0.00,VEHICLE,0,0,
-1358.2209,-815.3422,78.5509,92.8407,0.00,VEHICLE,0,0,
-1361.0759,-815.4782,78.9029,92.7795,0.00,VEHICLE,0,0,
-1363.7457,-815.5044,79.2305,90.9840,0.00,VEHICLE,0,0,
-1365.7563,-815.4634,79.4765,89.3295,0.00,VEHICLE,0,0,
-1367.8582,-815.4108,79.7336,88.5976,0.00,VEHICLE,0,0,
-1370.2052,-815.3354,80.0205,88.3736,0.00,VEHICLE,0,0,
-1372.6624,-815.2150,80.3224,87.6782,0.00,VEHICLE,0,0,
-1374.9292,-814.9464,80.5990,84.4322,0.00,VEHICLE,0,0,
-1377.0107,-814.6335,80.8558,82.0637,0.00,VEHICLE,0,0,
-1379.0598,-814.3134,81.1110,81.3091,0.00,VEHICLE,0,0,
-1381.0249,-814.0028,81.3527,81.1078,0.00,VEHICLE,0,0,
-1383.0978,-813.6787,81.5044,81.0832,0.00,VEHICLE,0,0,
-1385.3130,-813.3813,81.6029,81.9009,0.00,VEHICLE,0,0,
-1387.5385,-813.1851,81.6021,84.0705,0.00,VEHICLE,0,0,
-1389.7499,-813.1430,81.5937,87.5804,0.00,VEHICLE,0,0,
-1391.9546,-813.2171,81.6001,90.8753,0.00,VEHICLE,0,0,
-1394.2054,-813.3134,81.6142,91.9838,0.00,VEHICLE,0,0,
-1396.6128,-813.4280,81.6315,92.2639,0.00,VEHICLE,0,0,
-1399.2035,-813.5886,81.6505,92.9366,0.00,VEHICLE,0,0,
-1401.8337,-813.9094,81.6644,96.0190,0.00,VEHICLE,0,0,
-1404.3087,-814.3618,81.6729,99.5317,0.00,VEHICLE,0,0,
-1406.8680,-814.8673,81.6801,100.9589,0.00,VEHICLE,0,0,
-1409.5150,-815.4058,81.6869,101.3426,0.00,VEHICLE,0,0,
-1412.2809,-815.9747,81.6805,101.4370,0.00,VEHICLE,0,0,
-1415.2059,-816.5768,81.5428,101.4147,0.00,VEHICLE,0,0,
-1418.1963,-817.1901,81.1426,101.3625,0.00,VEHICLE,0,0,
-1421.0499,-817.7750,80.4836,101.2925,0.00,VEHICLE,0,0,
-1423.8851,-818.3024,79.8697,100.6736,0.00,VEHICLE,0,0,
-1426.7181,-818.8080,79.4013,100.2448,0.00,VEHICLE,0,0,
-1429.5952,-819.3141,78.9517,100.1206,0.00,VEHICLE,0,0,
-1432.4958,-819.7786,78.4949,99.3529,0.00,VEHICLE,0,0,
-1435.5081,-820.0831,78.0266,96.1324,0.00,VEHICLE,0,0,
-1438.2589,-820.1577,77.6102,92.0677,0.00,VEHICLE,0,0,
-1440.9083,-820.1043,77.2136,88.9505,0.00,VEHICLE,0,0,
-1443.5564,-819.9947,76.7296,87.5695,0.00,VEHICLE,0,0,
-1446.2832,-819.8468,76.1102,86.9576,0.00,VEHICLE,0,0,
-1449.0863,-819.6842,75.3743,86.5467,0.00,VEHICLE,0,0,
-1451.9347,-819.4939,74.6188,86.2442,0.00,VEHICLE,0,0,
-1454.7939,-819.2967,73.9057,86.2445,0.00,VEHICLE,0,0,
-1457.8196,-819.0961,73.1591,86.2597,0.00,VEHICLE,0,0,
-1460.8949,-818.8961,72.3956,86.2540,0.00,VEHICLE,0,0,
-1464.0590,-818.6875,71.6016,86.2500,0.00,VEHICLE,0,0,
-1467.3912,-818.4633,70.7512,86.2379,0.00,VEHICLE,0,0,
-1470.7446,-818.2368,69.8880,86.2456,0.00,VEHICLE,0,0,
-1474.2249,-818.0047,68.9937,86.2565,0.00,VEHICLE,0,0,
-1477.8174,-817.7685,68.0733,86.2634,0.00,VEHICLE,0,0,
-1479.8859,-817.6321,67.5373,86.2605,0.00,VEHICLE,0,0,
-1481.9705,-817.4913,66.9887,86.2515,0.00,VEHICLE,0,0,
-1484.1388,-817.3389,66.4101,86.2530,0.00,VEHICLE,0,0,
-1486.1039,-817.1945,65.8726,86.2568,0.00,VEHICLE,0,0,
-1489.7419,-816.9187,64.8509,86.2322,0.00,VEHICLE,0,0,
-1493.4775,-816.6394,63.7809,86.2489,0.00,VEHICLE,0,0,
-1497.2087,-816.3740,62.7211,86.2505,0.00,VEHICLE,0,0,
-1501.0098,-816.1142,61.7519,86.1466,0.00,VEHICLE,0,0,
-1503.0045,-815.9824,61.2974,86.1299,0.00,VEHICLE,0,0,
-1505.0403,-815.8516,60.8532,86.1254,0.00,VEHICLE,0,0,
-1507.0278,-815.7266,60.4247,86.1250,0.00,VEHICLE,0,0,
-1510.8778,-815.4877,59.5944,86.1148,0.00,VEHICLE,0,0,
-1514.7932,-815.2396,58.8059,86.0820,0.00,VEHICLE,0,0,
-1516.8190,-815.1077,58.4340,86.0624,0.00,VEHICLE,0,0,
-1519.0372,-814.9572,58.0571,86.0116,0.00,VEHICLE,0,0,
-1521.2167,-814.7853,57.6917,85.6274,0.00,VEHICLE,0,0,
-1523.3639,-814.5720,57.3278,84.6878,0.00,VEHICLE,0,0,
-1525.5983,-814.2858,56.9431,83.1317,0.00,VEHICLE,0,0,
-1527.6749,-813.9591,56.5858,81.4845,0.00,VEHICLE,0,0,
-1529.7933,-813.5912,56.2472,80.1775,0.00,VEHICLE,0,0,
-1531.8926,-813.1985,55.9323,79.3654,0.00,VEHICLE,0,0,
-1533.9999,-812.7836,55.6379,78.9509,0.00,VEHICLE,0,0,
-1536.2002,-812.3390,55.3342,78.7325,0.00,VEHICLE,0,0,
-1538.2737,-811.9138,55.0457,78.6285,0.00,VEHICLE,0,0,
-1540.4015,-811.4740,54.7461,78.5755,0.00,VEHICLE,0,0,
-1542.5479,-811.0291,54.4490,78.5518,0.00,VEHICLE,0,0,
-1544.7795,-810.5667,54.1527,78.5438,0.00,VEHICLE,0,0,
-1546.9406,-810.1201,53.8804,78.5419,0.00,VEHICLE,0,0,
-1549.0653,-809.6826,53.6201,78.5410,0.00,VEHICLE,0,0,
-1551.4492,-809.1935,53.3284,78.5407,0.00,VEHICLE,0,0,
-1554.2002,-808.6317,52.9891,78.5394,0.00,VEHICLE,0,0,
-1558.5038,-807.7579,52.4689,78.5363,0.00,VEHICLE,0,0,
-1560.5709,-807.3398,52.2345,78.5340,0.00,VEHICLE,0,0,
-1562.7505,-806.8995,51.9977,78.5279,0.00,VEHICLE,0,0,
-1564.8690,-806.4671,51.7692,78.4465,0.00,VEHICLE,0,0,
-1567.0215,-806.0080,51.5356,78.0701,0.00,VEHICLE,0,0,
-1569.2264,-805.5103,51.2938,77.3842,0.00,VEHICLE,0,0,
-1571.2670,-805.0374,51.0704,76.9277,0.00,VEHICLE,0,0,
-1573.2594,-804.5668,50.8608,76.6710,0.00,VEHICLE,0,0,
-1575.2242,-804.0972,50.6610,76.5347,0.00,VEHICLE,0,0,
-1577.2189,-803.6169,50.4654,76.4631,0.00,VEHICLE,0,0,
-1579.2089,-803.1353,50.2716,76.4262,0.00,VEHICLE,0,0,
-1581.1840,-802.6554,50.0785,76.4075,0.00,VEHICLE,0,0,
-1583.1799,-802.1694,49.8821,76.3988,0.00,VEHICLE,0,0,
-1585.1165,-801.6974,49.6927,76.3945,0.00,VEHICLE,0,0,
-1587.2052,-801.1877,49.4951,76.3883,0.00,VEHICLE,0,0,
-1589.3013,-800.6660,49.3023,76.2197,0.00,VEHICLE,0,0,
-1591.3883,-800.1169,49.1155,75.6206,0.00,VEHICLE,0,0,
-1593.5795,-799.4793,48.9190,74.2776,0.00,VEHICLE,0,0,
-1595.4906,-798.8833,48.7460,72.9784,0.00,VEHICLE,0,0,
-1597.4493,-798.2497,48.5673,72.1261,0.00,VEHICLE,0,0,
-1601.1736,-797.0047,48.2403,71.4347,0.00,VEHICLE,0,0,
-1604.8843,-795.7404,47.9389,71.2495,0.00,VEHICLE,0,0,
-1608.5122,-794.4965,47.6534,71.2048,0.00,VEHICLE,0,0,
-1612.2100,-793.2272,47.3585,71.1962,0.00,VEHICLE,0,0,
-1616.0936,-791.8964,47.0323,71.1955,0.00,VEHICLE,0,0,
-1618.2631,-791.1547,46.8420,71.1960,0.00,VEHICLE,0,0,
-1620.4969,-790.3925,46.6446,71.1963,0.00,VEHICLE,0,0,
-1622.4470,-789.7281,46.4722,71.1956,0.00,VEHICLE,0,0,
-1624.4102,-789.0546,46.2986,71.1191,0.00,VEHICLE,0,0,
-1626.3113,-788.3814,46.1292,70.7156,0.00,VEHICLE,0,0,
-1629.9760,-787.0003,45.7893,69.1971,0.00,VEHICLE,0,0,
-1631.8918,-786.2567,45.6059,68.7520,0.00,VEHICLE,0,0,
-1633.7460,-785.5281,45.4272,68.5181,0.00,VEHICLE,0,0,
-1635.6178,-784.7869,45.2469,68.3942,0.00,VEHICLE,0,0,
-1639.1586,-783.3757,44.9070,68.3012,0.00,VEHICLE,0,0,
-1642.7943,-781.9204,44.5714,68.2777,0.00,VEHICLE,0,0,
-1644.7028,-781.1552,44.4016,68.2673,0.00,VEHICLE,0,0,
-1646.6760,-780.3506,44.2270,68.0624,0.00,VEHICLE,0,0,
-1648.5416,-779.5574,44.0608,67.3973,0.00,VEHICLE,0,0,
-1650.3700,-778.7416,43.8960,66.3769,0.00,VEHICLE,0,0,
-1653.8754,-777.1343,43.5831,65.2613,0.00,VEHICLE,0,0,
-1657.2828,-775.5410,43.2896,64.9323,0.00,VEHICLE,0,0,
-1660.6388,-773.9613,43.0065,64.8444,0.00,VEHICLE,0,0,
-1662.4678,-773.0986,42.8516,64.8281,0.00,VEHICLE,0,0,
-1664.3237,-772.2207,42.6934,64.7924,0.00,VEHICLE,0,0,
-1666.1267,-771.3516,42.5366,64.5273,0.00,VEHICLE,0,0,
-1668.0093,-770.4019,42.3687,63.6969,0.00,VEHICLE,0,0,
-1669.9242,-769.3648,42.1929,62.1272,0.00,VEHICLE,0,0,
-1671.7177,-768.3589,42.0263,60.8871,0.00,VEHICLE,0,0,
-1674.9138,-766.5132,41.7277,59.8879,0.00,VEHICLE,0,0,
-1677.8917,-764.7646,41.4379,59.6220,0.00,VEHICLE,0,0,
-1681.1001,-762.8693,41.1044,59.5450,0.00,VEHICLE,0,0,
-1684.2881,-760.9835,40.7623,59.5330,0.00,VEHICLE,0,0,
-1687.3907,-759.1500,40.4308,59.5335,0.00,VEHICLE,0,0,
-1690.5017,-757.3148,40.0798,59.5292,0.00,VEHICLE,0,0,
-1693.6199,-755.4789,39.7051,59.5277,0.00,VEHICLE,0,0,
-1696.7369,-753.6462,39.3261,59.5265,0.00,VEHICLE,0,0,
-1699.9476,-751.7593,38.9322,59.5238,0.00,VEHICLE,0,0,
-1702.9243,-750.0099,38.5542,59.5209,0.00,VEHICLE,0,0,
-1706.1371,-748.1210,38.1359,59.5207,0.00,VEHICLE,0,0,
-1708.9067,-746.4812,37.7744,59.3905,0.00,VEHICLE,0,0,
-1711.8394,-744.6589,37.3431,58.1674,0.00,VEHICLE,0,0,
-1714.6002,-742.8882,36.8674,57.2755,0.00,VEHICLE,0,0,
-1717.4974,-741.0050,36.3194,56.9804,0.00,VEHICLE,0,0,
-1720.3615,-739.1288,35.7707,56.8978,0.00,VEHICLE,0,0,
-1723.2806,-737.2078,35.1757,56.8804,0.00,VEHICLE,0,0,
-1726.3148,-735.1727,34.5200,56.3474,0.00,VEHICLE,0,0,
-1729.2300,-733.0250,33.8543,53.6958,0.00,VEHICLE,0,0,
-1731.9003,-730.8954,33.2437,51.4333,0.00,VEHICLE,0,0,
-1734.5121,-728.7512,32.6853,50.6956,0.00,VEHICLE,0,0,
-1737.3280,-726.4083,32.1194,50.3859,0.00,VEHICLE,0,0,
-1740.0486,-724.0054,31.5419,48.7503,0.00,VEHICLE,0,0,
-1742.5847,-721.4561,30.9769,45.0148,0.00,VEHICLE,0,0,
-1744.8212,-718.8013,30.4708,40.1918,0.00,VEHICLE,0,0,
-1746.8563,-716.0172,29.9824,35.9298,0.00,VEHICLE,0,0,
-1748.7360,-713.2578,29.4867,34.2680,0.00,VEHICLE,0,0,
-1750.6643,-710.3068,28.9348,33.6810,0.00,VEHICLE,0,0,
-1752.5376,-707.2002,28.3591,31.6313,0.00,VEHICLE,0,0,
-1754.1913,-704.0213,27.7900,27.7364,0.00,VEHICLE,0,0,
-1755.5238,-700.9058,27.2318,23.3614,0.00,VEHICLE,0,0,
-1756.6038,-697.7255,26.6407,18.7666,0.00,VEHICLE,0,0,
-1757.5068,-694.1326,25.9603,13.4839,0.00,VEHICLE,0,0,
-1758.1100,-690.6732,25.2971,9.3581,0.00,VEHICLE,0,0,
-1758.5302,-687.6018,24.7133,7.6480,0.00,VEHICLE,0,0,
-1758.8928,-684.4928,24.2015,7.0317,0.00,VEHICLE,0,0,
-1759.2498,-681.3188,23.7601,6.9286,0.00,VEHICLE,0,0,
-1759.7739,-676.7540,23.1259,6.8999,0.00,VEHICLE,0,0,
-1760.1536,-673.5380,22.6726,6.8848,0.00,VEHICLE,0,0,
-1760.5420,-670.3232,22.2332,6.8670,0.00,VEHICLE,0,0,
-1760.9698,-666.6396,21.7443,6.4706,0.00,VEHICLE,0,0,
-1761.2404,-663.0891,21.2715,4.1278,0.00,VEHICLE,0,0,
-1761.3988,-659.3758,20.7748,2.0932,0.00,VEHICLE,0,0,
-1761.5060,-655.5449,20.2803,1.4744,0.00,VEHICLE,0,0,
-1761.5762,-652.2959,19.8848,1.3476,0.00,VEHICLE,0,0,
-1761.6396,-648.7881,19.4645,1.2428,0.00,VEHICLE,0,0,
-1761.6389,-646.6453,19.2060,0.5776,0.00,VEHICLE,0,0,
-1761.4915,-643.0771,18.7741,357.7470,0.00,VEHICLE,0,0,
-1761.2902,-639.9105,18.4021,356.3966,0.00,VEHICLE,0,0,
-1761.0615,-636.7203,18.0950,355.9731,0.00,VEHICLE,0,0,
-1760.8221,-633.5107,17.8491,355.8437,0.00,VEHICLE,0,0,
-1760.5848,-630.3692,17.6147,355.8117,0.00,VEHICLE,0,0,
-1760.3378,-627.0866,17.3620,355.8044,0.00,VEHICLE,0,0,
-1760.0900,-623.7565,17.1006,355.8062,0.00,VEHICLE,0,0,
-1759.8857,-620.6511,16.8696,356.1853,0.00,VEHICLE,0,0,
-1759.8662,-617.6282,16.6708,359.2581,0.00,VEHICLE,0,0,
-1759.9930,-614.9011,16.5087,2.5466,0.00,VEHICLE,0,0,
-1760.1792,-612.1317,16.3422,3.8176,0.00,VEHICLE,0,0,
-1760.3943,-609.3200,16.1788,4.1597,0.00,VEHICLE,0,0,
-1760.6165,-606.5066,16.1215,4.2342,0.00,VEHICLE,0,0,
-1760.8318,-603.7817,16.1476,4.2609,0.00,VEHICLE,0,0,
-1761.1542,-600.6866,16.2183,5.6165,0.00,VEHICLE,0,0,
-1761.8052,-597.2772,16.2772,10.7370,0.00,VEHICLE,0,0,
-1762.7229,-594.2871,16.3156,16.7860,0.00,VEHICLE,0,0,
-1763.7910,-591.7831,16.3294,22.5595,0.00,VEHICLE,0,0,
-1765.0477,-589.5124,16.3289,28.4635,0.00,VEHICLE,0,0,
-1766.9198,-586.9262,16.3247,36.2455,0.00,VEHICLE,0,0,
-1768.8925,-584.8704,16.3232,43.4688,0.00,VEHICLE,0,0,
-1770.8572,-583.2881,16.3230,50.1048,0.00,VEHICLE,0,0,
-1772.9426,-581.9851,16.3232,56.6505,0.00,VEHICLE,0,0,
-1775.2412,-580.9005,16.3237,63.5028,0.00,VEHICLE,0,0,
-1777.6144,-580.0928,16.3241,70.0439,0.00,VEHICLE,0,0,
-1779.9409,-579.4169,16.3249,73.4494,0.00,VEHICLE,0,0,
-1782.2643,-578.7974,16.3258,74.4114,0.00,VEHICLE,0,0,
-1784.6038,-578.1802,16.3262,74.6171,0.00,VEHICLE,0,0,
-1786.9154,-577.5627,16.3259,74.6649,0.00,VEHICLE,0,0,
-1789.1869,-576.9471,16.3091,74.6813,0.00,VEHICLE,0,0,
-1791.5717,-576.3334,16.2735,75.3597,0.00,VEHICLE,0,0,
-1793.9209,-575.8502,16.2151,77.8388,0.00,VEHICLE,0,0,
-1796.2981,-575.3933,16.1524,79.0658,0.00,VEHICLE,0,0,
-1798.9928,-574.8909,16.0847,79.4112,0.00,VEHICLE,0,0,
-1801.8270,-574.3679,16.0148,79.4478,0.00,VEHICLE,0,0,
-1804.2462,-573.8142,16.0168,77.6222,0.00,VEHICLE,0,0,
-1806.6978,-572.9505,16.1319,71.8363,0.00,VEHICLE,0,0,
-1808.7102,-571.9186,16.2627,64.8801,0.00,VEHICLE,0,0,
-1810.6304,-570.5687,16.3703,56.7066,0.00,VEHICLE,0,0,
-1812.1167,-569.1646,16.3943,48.9530,0.00,VEHICLE,0,0,
-1813.3978,-567.5720,16.3876,40.9454,0.00,VEHICLE,0,0,
-1814.4563,-565.8281,16.3667,33.4539,0.00,VEHICLE,0,0,
-1815.6860,-563.0934,16.3100,26.0797,0.00,VEHICLE,0,0,
-1816.4620,-561.2446,16.2377,24.9910,0.00,VEHICLE,0,0,
-1817.3350,-559.1435,16.1791,24.6802,0.00,VEHICLE,0,0,
-1818.3192,-556.8453,16.1371,24.6141,0.00,VEHICLE,0,0,
-1819.1744,-554.9250,16.0969,24.5916,0.00,VEHICLE,0,0,
-1820.1078,-552.8824,16.0231,24.5688,0.00,VEHICLE,0,0,
-1821.1083,-550.5724,15.9168,23.4010,0.00,VEHICLE,0,0,
-1821.8301,-548.5939,15.7996,20.6800,0.00,VEHICLE,0,0,
-1822.6162,-545.6534,15.6253,15.0953,0.00,VEHICLE,0,0,
-1823.0096,-543.0098,15.4766,9.2505,0.00,VEHICLE,0,0,
-1823.2400,-540.4878,15.3512,5.2771,0.00,VEHICLE,0,0,
-1823.3855,-538.2178,15.2495,4.0827,0.00,VEHICLE,0,0,
-1823.5220,-535.7270,15.1441,3.8150,0.00,VEHICLE,0,0,
-1823.6696,-533.0823,15.0299,3.7540,0.00,VEHICLE,0,0,
-1823.8284,-530.4178,14.9577,3.7408,0.00,VEHICLE,0,0,
-1823.9768,-528.0898,14.9300,3.7329,0.00,VEHICLE,0,0,
-1824.1709,-525.1946,14.9410,3.7241,0.00,VEHICLE,0,0,
-1824.3597,-522.4246,14.9493,3.7176,0.00,VEHICLE,0,0,
-1824.5544,-519.5535,14.9521,3.7137,0.00,VEHICLE,0,0,
-1824.7201,-517.0764,14.9529,3.7127,0.00,VEHICLE,0,0,
-1824.8802,-514.4947,14.9531,3.5632,0.00,VEHICLE,0,0,
-1824.9385,-511.3866,14.9530,1.3107,0.00,VEHICLE,0,0,
-1824.8668,-508.4359,14.9528,358.8058,0.00,VEHICLE,0,0,
-1824.7789,-505.9601,14.9527,358.1358,0.00,VEHICLE,0,0,
-1824.6731,-503.2775,14.9528,357.9315,0.00,VEHICLE,0,0,
-1824.5443,-500.1193,14.9530,357.8715,0.00,VEHICLE,0,0,
-1824.4172,-496.9671,14.9532,357.8593,0.00,VEHICLE,0,0,
-1824.2997,-493.9572,14.9532,357.8559,0.00,VEHICLE,0,0,
-1824.1785,-490.7454,14.9532,357.8529,0.00,VEHICLE,0,0,
-1824.0667,-487.7179,14.9532,357.8502,0.00,VEHICLE,0,0,
-1823.9581,-484.7946,14.9532,357.8234,0.00,VEHICLE,0,0,
-1823.7850,-481.8737,14.9532,356.7253,0.00,VEHICLE,0,0,
-1823.5251,-479.0905,14.9531,354.8509,0.00,VEHICLE,0,0,
-1823.2205,-476.1334,14.9528,354.1055,0.00,VEHICLE,0,0,
-1822.9148,-473.3027,14.9532,353.9124,0.00,VEHICLE,0,0,
-1822.5712,-470.1776,14.9537,353.8570,0.00,VEHICLE,0,0,
-1822.2141,-466.9397,14.9542,353.8438,0.00,VEHICLE,0,0,
-1821.8997,-464.0761,14.9542,353.8413,0.00,VEHICLE,0,0,
-1821.5867,-461.2055,14.9537,353.8404,0.00,VEHICLE,0,0,
-1821.2454,-458.0497,14.9533,353.8389,0.00,VEHICLE,0,0,
-1820.8979,-454.8272,14.9531,353.8310,0.00,VEHICLE,0,0,
-1820.5358,-451.7600,14.9530,353.2752,0.00,VEHICLE,0,0,
-1820.1077,-448.4128,14.9529,352.6558,0.00,VEHICLE,0,0,
-1819.6924,-445.2505,14.9529,352.4926,0.00,VEHICLE,0,0,
-1819.2378,-441.8283,14.9529,352.4478,0.00,VEHICLE,0,0,
-1818.8114,-438.6381,14.9530,352.4390,0.00,VEHICLE,0,0,
-1818.4200,-435.7126,14.9530,352.4378,0.00,VEHICLE,0,0,
-1817.9655,-432.3111,14.9530,352.4379,0.00,VEHICLE,0,0,
-1817.4785,-428.6553,14.9530,352.4376,0.00,VEHICLE,0,0,
-1817.0317,-425.3895,15.0028,352.2311,0.00,VEHICLE,0,0,
-1816.5258,-422.1791,15.1208,351.1130,0.00,VEHICLE,0,0,
-1815.9502,-418.6900,15.2896,350.6223,0.00,VEHICLE,0,0,
-1815.3839,-415.3198,15.4446,350.5034,0.00,VEHICLE,0,0,
-1814.8274,-412.0280,15.5904,350.4742,0.00,VEHICLE,0,0,
-1814.2621,-408.6867,15.7362,350.4666,0.00,VEHICLE,0,0,
-1813.7406,-405.6051,15.8988,350.4543,0.00,VEHICLE,0,0,
-1813.1741,-402.2622,16.1177,350.4435,0.00,VEHICLE,0,0,
-1812.5627,-398.6482,16.3805,350.4420,0.00,VEHICLE,0,0,
-1812.0616,-395.6766,16.5921,350.4406,0.00,VEHICLE,0,0,
-1811.5499,-392.6378,16.8045,350.4382,0.00,VEHICLE,0,0,
-1811.0271,-389.5307,17.0199,350.4354,0.00,VEHICLE,0,0,
-1810.5040,-386.4251,17.2422,350.4304,0.00,VEHICLE,0,0,
-1809.9928,-383.3938,17.4749,350.4212,0.00,VEHICLE,0,0,
-1809.4380,-380.1099,17.7426,350.4188,0.00,VEHICLE,0,0,
-1808.8469,-376.6130,18.0271,350.4192,0.00,VEHICLE,0,0,
-1808.2850,-373.2903,18.2949,350.4194,0.00,VEHICLE,0,0,
-1807.7542,-370.1500,18.5472,350.4185,0.00,VEHICLE,0,0,
-1807.2389,-367.1050,18.8077,350.4066,0.00,VEHICLE,0,0,
-1806.6477,-363.6323,19.1881,350.3453,0.00,VEHICLE,0,0,
-1806.1276,-360.5950,19.5837,350.3405,0.00,VEHICLE,0,0,
-1805.6599,-357.8683,19.9399,350.3448,0.00,VEHICLE,0,0,
-1805.1593,-354.9457,20.3129,350.3448,0.00,VEHICLE,0,0,
-1804.7639,-352.6316,20.6056,350.3419,0.00,VEHICLE,0,0,
-1804.2803,-349.7961,20.9638,350.3339,0.00,VEHICLE,0,0,
-1803.8138,-347.0633,21.3156,350.3227,0.00,VEHICLE,0,0,
-1803.4091,-344.6948,21.6388,350.3017,0.00,VEHICLE,0,0,
-1802.9871,-342.2326,21.9903,350.2921,0.00,VEHICLE,0,0,
-1802.5551,-339.7122,22.3558,350.2895,0.00,VEHICLE,0,0,
-1802.1467,-337.1045,22.7310,350.9417,0.00,VEHICLE,0,0,
-1801.8967,-334.4932,23.1049,353.9267,0.00,VEHICLE,0,0,
-1801.8087,-332.0343,23.4561,357.2943,0.00,VEHICLE,0,0,
-1801.7646,-329.5799,23.8067,358.7209,0.00,VEHICLE,0,0,
-1801.7388,-327.1128,24.1377,359.1347,0.00,VEHICLE,0,0,
-1801.7212,-324.6787,24.3507,359.2447,0.00,VEHICLE,0,0,
-1801.7059,-322.0153,24.4943,359.2555,0.00,VEHICLE,0,0,
-1801.6825,-319.2164,24.5780,359.2327,0.00,VEHICLE,0,0,
-1801.6487,-316.4459,24.6969,359.2376,0.00,VEHICLE,0,0,
-1801.6121,-313.9373,24.8140,359.2433,0.00,VEHICLE,0,0,
-1801.5765,-311.6491,24.9224,359.2473,0.00,VEHICLE,0,0,
-1801.5409,-309.3507,25.0317,359.2500,0.00,VEHICLE,0,0,
-1801.5060,-306.9883,25.1226,359.2507,0.00,VEHICLE,0,0,
-1801.4719,-304.6332,25.1014,359.2451,0.00,VEHICLE,0,0,
-1801.4366,-302.1353,24.9356,359.2481,0.00,VEHICLE,0,0,
-1801.4037,-299.6743,24.7000,359.2789,0.00,VEHICLE,0,0,
-1801.3755,-297.0980,24.4633,359.2943,0.00,VEHICLE,0,0,
-1801.3480,-294.5495,24.2692,359.2926,0.00,VEHICLE,0,0,
-1801.3190,-291.9570,24.0763,359.2915,0.00,VEHICLE,0,0,
-1801.2876,-289.3193,23.8803,359.2919,0.00,VEHICLE,0,0,
-1801.2529,-286.6722,23.6689,359.2667,0.00,VEHICLE,0,0,
-1801.2053,-283.9667,23.3324,359.0457,0.00,VEHICLE,0,0,
-1801.1516,-281.3291,22.8749,358.8427,0.00,VEHICLE,0,0,
-1801.0931,-278.6627,22.3576,358.6791,0.00,VEHICLE,0,0,
-1801.0131,-275.2906,21.7511,358.6456,0.00,VEHICLE,0,0,
-1800.9392,-272.2124,21.2118,358.6415,0.00,VEHICLE,0,0,
-1800.8706,-269.3564,20.7135,358.6414,0.00,VEHICLE,0,0,
-1800.7971,-266.2831,20.2051,358.6432,0.00,VEHICLE,0,0,
-1800.7184,-262.9829,19.7995,358.6519,0.00,VEHICLE,0,0,
-1800.6432,-259.8004,19.5073,358.6532,0.00,VEHICLE,0,0,
-1800.5697,-256.6847,19.2193,358.6532,0.00,VEHICLE,0,0,
-1800.4946,-253.4995,18.9132,358.6535,0.00,VEHICLE,0,0,
-1800.4193,-250.2906,18.6004,358.6541,0.00,VEHICLE,0,0,
-1800.3450,-247.1113,18.3017,358.6540,0.00,VEHICLE,0,0,
-1800.2714,-243.9760,18.1619,358.6543,0.00,VEHICLE,0,0,
-1800.1866,-240.3923,18.1748,358.6553,0.00,VEHICLE,0,0,
-1800.1136,-237.3125,18.2023,358.6559,0.00,VEHICLE,0,0,
-1800.0399,-234.1943,18.2124,358.6564,0.00,VEHICLE,0,0,
-1799.9708,-231.2655,18.2153,358.6566,0.00,VEHICLE,0,0,
-1799.9028,-228.3719,18.2161,358.6567,0.00,VEHICLE,0,0,
-1799.8330,-225.3817,18.1400,358.6549,0.00,VEHICLE,0,0,
-1799.7648,-222.4492,17.9265,358.6419,0.00,VEHICLE,0,0,
-1799.6974,-219.5666,17.6008,358.6342,0.00,VEHICLE,0,0,
-1799.6309,-216.7375,17.2472,358.6318,0.00,VEHICLE,0,0,
-1799.5607,-213.7656,16.9395,358.6314,0.00,VEHICLE,0,0,
-1799.4932,-210.9189,16.6505,358.6312,0.00,VEHICLE,0,0,
-1799.4224,-207.9546,16.3488,358.6321,0.00,VEHICLE,0,0,
-1799.3477,-204.8295,15.9672,358.6284,0.00,VEHICLE,0,0,
-1799.2743,-201.7610,15.5028,358.6234,0.00,VEHICLE,0,0,
-1799.2130,-199.1997,15.0729,358.6239,0.00,VEHICLE,0,0,
-1799.1510,-196.6057,14.6445,358.6248,0.00,VEHICLE,0,0,
-1799.0734,-193.3578,14.1178,358.6258,0.00,VEHICLE,0,0,
-1798.9966,-190.1478,13.6017,358.6265,0.00,VEHICLE,0,0,
-1798.9180,-186.8610,13.0711,358.6263,0.00,VEHICLE,0,0,
-1798.8412,-183.6535,12.5102,358.6220,0.00,VEHICLE,0,0,
-1798.7689,-180.6381,11.9444,358.6210,0.00,VEHICLE,0,0,
-1798.6896,-177.3281,11.3166,358.6220,0.00,VEHICLE,0,0,
-1798.6112,-174.0573,10.7020,358.6227,0.00,VEHICLE,0,0,
-1798.5317,-170.7456,10.0826,358.6234,0.00,VEHICLE,0,0,
-1798.4521,-167.4256,9.4624,358.6243,0.00,VEHICLE,0,0,
-1798.4015,-165.3139,9.1130,358.6272,0.00,VEHICLE,0,0,
-1798.3313,-162.3858,8.6814,358.6310,0.00,VEHICLE,0,0,
-1798.2651,-159.6259,8.3229,358.6330,0.00,VEHICLE,0,0,
-1798.1874,-156.3739,7.8953,358.6349,0.00,VEHICLE,0,0,
-1798.1086,-153.0803,7.4549,358.6361,0.00,VEHICLE,0,0,
-1798.0397,-150.1770,7.0642,358.6358,0.00,VEHICLE,0,0,
-1797.9744,-147.4292,6.6980,358.6357,0.00,VEHICLE,0,0,
-1797.9103,-144.7431,6.4501,358.6392,0.00,VEHICLE,0,0,
-1797.8468,-142.0861,6.2753,358.6433,0.00,VEHICLE,0,0,
-1797.7832,-139.4190,6.1595,358.6435,0.00,VEHICLE,0,0,
-1797.7218,-136.8483,6.0354,358.6433,0.00,VEHICLE,0,0,
-1797.6620,-134.3348,5.9051,358.6435,0.00,VEHICLE,0,0,
-1797.6118,-132.2166,5.7939,358.6444,0.00,VEHICLE,0,0,
-1797.5487,-129.5995,5.6589,358.6281,0.00,VEHICLE,0,0,
-1797.3898,-127.1010,5.5410,356.8855,0.00,VEHICLE,0,0,
-1796.8644,-124.3952,5.4826,350.1450,0.00,VEHICLE,0,0,
-1795.8087,-121.8096,5.4764,339.5776,0.00,VEHICLE,0,0,
-1794.2236,-119.5846,5.4838,326.7790,0.00,VEHICLE,0,0,
-1792.5244,-118.1258,5.4853,314.8417,0.00,VEHICLE,0,0,
-1790.3123,-117.0549,5.4777,300.0319,0.00,VEHICLE,0,0,
-1787.7142,-116.6154,5.3434,283.8552,0.00,VEHICLE,0,0,
-1785.4879,-116.7262,5.1293,271.4940,0.00,VEHICLE,0,0,
-1783.2563,-116.8293,4.8369,265.3768,0.00,VEHICLE,0,0,
-1780.8239,-117.0357,4.4867,263.8182,0.00,VEHICLE,0,0,
-1778.2706,-117.0620,4.1197,268.2615,0.00,VEHICLE,0,0,
-1775.7697,-116.8419,3.8510,273.5423,0.00,VEHICLE,0,0,
-1772.9366,-116.5724,3.6470,274.8246,0.00,VEHICLE,0,0,
-1770.9377,-116.3792,3.6125,274.9850,0.00,VEHICLE,0,0,
-1768.2423,-116.1229,3.5856,275.0253,0.00,VEHICLE,0,0,
-1765.5267,-115.8765,3.5816,275.0326,0.00,VEHICLE,0,0,
-1763.3419,-115.6881,3.5800,275.0407,0.00,VEHICLE,0,0,
-1761.1964,-115.5080,3.5767,275.0383,0.00,VEHICLE,0,0,
-1758.3345,-115.2704,3.5759,275.0427,0.00,VEHICLE,0,0,
-1755.5061,-114.8872,3.5626,277.6063,0.00,VEHICLE,0,0,
-1752.8212,-114.1492,3.5530,284.2676,0.00,VEHICLE,0,0,
-1750.4449,-113.0048,3.5412,293.7413,0.00,VEHICLE,0,0,
-1748.4459,-111.4124,3.5403,305.6445,0.00,VEHICLE,0,0,
-1746.8599,-109.2171,3.5406,320.9954,0.00,VEHICLE,0,0,
-1746.0835,-107.1125,3.5413,334.7411,0.00,VEHICLE,0,0,
-1745.6345,-104.6602,3.5430,346.6766,0.00,VEHICLE,0,0,
-1745.1887,-102.0689,3.5459,349.3058,0.00,VEHICLE,0,0,
-1744.7546,-99.5844,3.5468,349.5252,0.00,VEHICLE,0,0,
-1744.3107,-96.8104,3.5473,350.6741,0.00,VEHICLE,0,0,
-1744.1619,-94.0469,3.5472,356.1754,0.00,VEHICLE,0,0,
-1744.2560,-90.9565,3.5463,1.2365,0.00,VEHICLE,0,0,
-1744.3524,-88.5469,3.5466,1.8878,0.00,VEHICLE,0,0,
-1744.4413,-86.4485,3.5472,1.9902,0.00,VEHICLE,0,0,
-1744.5598,-83.5284,3.5476,2.0143,0.00,VEHICLE,0,0,
-1744.6417,-81.3528,3.5476,2.0194,0.00,VEHICLE,0,0,
-1744.7200,-79.1430,3.5476,2.0235,0.00,VEHICLE,0,0,
-1744.7919,-77.0224,3.5472,2.0259,0.00,VEHICLE,0,0,
-1744.8635,-74.8850,3.5462,2.0287,0.00,VEHICLE,0,0,
-1744.9363,-72.7274,3.5453,2.0312,0.00,VEHICLE,0,0,
-1745.0056,-70.7121,3.5448,2.0324,0.00,VEHICLE,0,0,
-1745.1055,-67.8913,3.5445,2.0321,0.00,VEHICLE,0,0,
-1745.1807,-65.7908,3.5445,2.0309,0.00,VEHICLE,0,0,
-1745.2871,-62.8306,3.5445,2.0295,0.00,VEHICLE,0,0,
-1745.3939,-59.8396,3.5451,2.0291,0.00,VEHICLE,0,0,
-1745.4628,-57.7199,3.5462,1.9345,0.00,VEHICLE,0,0,
-1745.4069,-55.7033,3.5463,359.6445,0.00,VEHICLE,0,0,
-1745.0369,-53.1164,3.5447,353.1979,0.00,VEHICLE,0,0,
-1744.5220,-51.1812,3.5431,347.3839,0.00,VEHICLE,0,0,
-1743.7759,-48.5449,3.5439,344.8264,0.00,VEHICLE,0,0,
-1743.0121,-46.0363,3.5447,343.9535,0.00,VEHICLE,0,0,
-1741.9470,-43.5801,3.5453,338.0744,0.00,VEHICLE,0,0,
-1740.5073,-41.3380,3.5454,329.1546,0.00,VEHICLE,0,0,
-1738.7269,-39.5053,3.5433,318.4740,0.00,VEHICLE,0,0,
-1736.7827,-38.2386,3.5415,306.8555,0.00,VEHICLE,0,0,
-1734.6770,-37.0497,3.5435,300.9825,0.00,VEHICLE,0,0,
-1732.6166,-35.8972,3.5459,300.2935,0.00,VEHICLE,0,0,
-1730.4501,-34.6830,3.5500,299.8629,0.00,VEHICLE,0,0,
-1728.0917,-33.6398,3.5565,294.9053,0.00,VEHICLE,0,0,
-1725.7756,-32.8393,3.5488,290.1425,0.00,VEHICLE,0,0,
-1723.3630,-32.0114,3.5523,289.2852,0.00,VEHICLE,0,0,
-1721.1339,-31.2278,3.5469,289.5639,0.00,VEHICLE,0,0,
-1718.4865,-29.9283,3.5508,295.4971,0.00,VEHICLE,0,0,
-1716.3568,-28.5025,3.5511,302.1724,0.00,VEHICLE,0,0,
-1713.9962,-26.8559,3.5474,304.2873,0.00,VEHICLE,0,0,
-1711.6041,-25.1796,3.5474,304.5302,0.00,VEHICLE,0,0,
-1709.1891,-23.5012,3.5475,304.5636,0.00,VEHICLE,0,0,
-1706.7640,-21.8303,3.5476,304.5729,0.00,VEHICLE,0,0,
-1705.1000,-20.6879,3.5477,304.5769,0.00,VEHICLE,0,0,
-1703.4084,-19.5273,3.5477,304.5794,0.00,VEHICLE,0,0,
-1701.6406,-18.3131,3.5477,304.5806,0.00,VEHICLE,0,0,
-1699.6747,-16.9602,3.5477,304.5804,0.00,VEHICLE,0,0,
-1697.4965,-15.4589,3.5477,304.5791,0.00,VEHICLE,0,0,
-1695.6891,-14.2121,3.5476,304.5782,0.00,VEHICLE,0,0,
-1693.8514,-12.9440,3.5474,304.5773,0.00,VEHICLE,0,0,
-1691.9567,-11.6364,3.5471,304.5768,0.00,VEHICLE,0,0,
-1690.0452,-10.3181,3.5470,304.5766,0.00,VEHICLE,0,0,
-1688.1709,-9.0259,3.5470,304.5767,0.00,VEHICLE,0,0,
-1686.1194,-7.6082,3.5547,304.5706,0.00,VEHICLE,0,0,
-1684.0038,-6.1110,3.5538,305.0286,0.00,VEHICLE,0,0,
-1682.0679,-4.6377,3.5602,306.6471,0.00,VEHICLE,0,0,
-1680.0769,-3.1146,3.5523,307.3193,0.00,VEHICLE,0,0,
-1677.9025,-1.4471,3.5481,307.5156,0.00,VEHICLE,0,0,
-1675.6908,0.2518,3.5472,307.5653,0.00,VEHICLE,0,0,
-1673.6156,1.8495,3.5527,307.5929,0.00,VEHICLE,0,0,
-1671.2870,3.7774,3.5541,309.4037,0.00,VEHICLE,0,0,
-1669.0389,5.8756,3.5487,312.7949,0.00,VEHICLE,0,0,
-1667.1903,7.6663,3.5474,313.9307,0.00,VEHICLE,0,0,
-1665.1587,9.6584,3.5473,314.2616,0.00,VEHICLE,0,0,
-1663.0857,11.7077,3.5440,314.6422,0.00,VEHICLE,0,0,
-1661.0443,13.7385,3.5463,314.6712,0.00,VEHICLE,0,0,
-1659.0297,15.7397,3.5476,314.6761,0.00,VEHICLE,0,0,
-1657.0035,17.7474,3.5479,314.6790,0.00,VEHICLE,0,0,
-1654.9310,19.7973,3.5481,314.6812,0.00,VEHICLE,0,0,
-1652.8494,21.8531,3.5477,314.6833,0.00,VEHICLE,0,0,
-1650.6515,24.0228,3.5474,314.6851,0.00,VEHICLE,0,0,
-1648.1169,26.5260,3.5472,314.6860,0.00,VEHICLE,0,0,
-1645.9568,28.6611,3.5471,314.6860,0.00,VEHICLE,0,0,
-1643.8925,30.7026,3.5471,314.6856,0.00,VEHICLE,0,0,
-1641.7428,32.8294,3.5470,314.6850,0.00,VEHICLE,0,0,
-1639.5762,34.9734,3.5469,314.6844,0.00,VEHICLE,0,0,
-1637.4629,37.0644,3.5468,314.6841,0.00,VEHICLE,0,0,
-1635.3135,39.1908,3.5468,314.6840,0.00,VEHICLE,0,0,
-1633.1208,41.3595,3.5467,314.6840,0.00,VEHICLE,0,0,
-1630.9178,43.5383,3.5467,314.6842,0.00,VEHICLE,0,0,
-1628.6224,45.8083,3.5467,314.6844,0.00,VEHICLE,0,0,
-1626.3162,48.0889,3.5467,314.6845,0.00,VEHICLE,0,0,
-1624.7527,49.6350,3.5468,314.6846,0.00,VEHICLE,0,0,
-1622.4990,51.8639,3.5468,314.6846,0.00,VEHICLE,0,0,
-1620.1906,54.1471,3.5468,314.6846,0.00,VEHICLE,0,0,
-1617.6564,56.6536,3.5468,314.6845,0.00,VEHICLE,0,0,
-1615.0872,59.1950,3.5468,314.6844,0.00,VEHICLE,0,0,
-1612.7814,61.4755,3.5468,314.6844,0.00,VEHICLE,0,0,
-1610.3013,63.9284,3.5468,314.6844,0.00,VEHICLE,0,0,
-1607.6740,66.5270,3.5468,314.6844,0.00,VEHICLE,0,0,
-1605.6034,68.5749,3.5468,314.6844,0.00,VEHICLE,0,0,
-1603.2736,70.8792,3.5468,314.6844,0.00,VEHICLE,0,0,
-1600.8167,73.3092,3.5468,314.6845,0.00,VEHICLE,0,0,
-1598.1359,75.9606,3.5468,314.6844,0.00,VEHICLE,0,0,
-1595.5790,78.4895,3.5468,314.6844,0.00,VEHICLE,0,0,
-1593.0389,81.0017,3.5468,314.6844,0.00,VEHICLE,0,0,
-1590.4908,83.5217,3.5468,314.6844,0.00,VEHICLE,0,0,
-1587.9640,86.0210,3.5468,314.6844,0.00,VEHICLE,0,0,
-1585.7833,88.1779,3.5468,314.6844,0.00,VEHICLE,0,0,
-1584.0563,89.8860,3.5468,314.6844,0.00,VEHICLE,0,0,
-1581.9735,91.9459,3.5468,314.6844,0.00,VEHICLE,0,0,
-1579.3235,94.5669,3.5468,314.6844,0.00,VEHICLE,0,0,
-1577.6482,96.2238,3.5468,314.6844,0.00,VEHICLE,0,0,
-1575.1464,98.6981,3.5468,314.6844,0.00,VEHICLE,0,0,
-1572.6139,101.2029,3.5463,314.6844,0.00,VEHICLE,0,0,
-1570.4030,103.3899,3.5455,314.6844,0.00,VEHICLE,0,0,
-1568.2025,105.5663,3.5449,314.6844,0.00,VEHICLE,0,0,
-1566.0223,107.7228,3.5446,314.6844,0.00,VEHICLE,0,0,
-1563.5737,110.1445,3.5444,314.6844,0.00,VEHICLE,0,0,
-1561.1497,112.5421,3.5444,314.6844,0.00,VEHICLE,0,0,
-1558.6687,114.9960,3.5444,314.6844,0.00,VEHICLE,0,0,
-1556.2281,117.4100,3.5444,314.6844,0.00,VEHICLE,0,0,
-1553.8535,119.7585,3.5444,314.6844,0.00,VEHICLE,0,0,
-1551.4276,122.1580,3.5445,314.6844,0.00,VEHICLE,0,0,
-1549.4772,124.0870,3.5438,314.6844,0.00,VEHICLE,0,0,
-1547.5283,126.0145,3.5412,314.6844,0.00,VEHICLE,0,0,
-1545.8296,127.6949,3.5402,314.6952,0.00,VEHICLE,0,0,
-1543.8501,129.6548,3.5386,314.7543,0.00,VEHICLE,0,0,
-1542.1542,131.3370,3.5419,314.8136,0.00,VEHICLE,0,0,
-1540.5237,132.9552,3.5377,314.9141,0.00,VEHICLE,0,0,
-1540.5237,132.9552,3.5377,314.9141,0.00,VEHICLE,0,0,
