[duongdi_1]
-1589.6666259766,73.165962219238,3.5540409088135,8.0
-1594.5181884766,70.089904785156,3.5522832870483,8.0
-1598.763671875,67.244636535645,3.5561854839325,8.0
-1602.7900390625,64.025444030762,3.5478367805481,8.0
-1607.3195800781,60.419052124023,3.5465142726898,8.0
-1612.2916259766,56.498439788818,3.548574924469,8.0
-1617.5240478516,52.358276367188,3.5468978881836,8.0
-1621.4495849609,49.057628631592,3.5454659461975,8.0
-1625.6267089844,45.516860961914,3.54816198349,8.0
-1629.8065185547,41.85506439209,3.5486724376678,8.0
-1633.6760253906,38.346813201904,3.5476698875427,8.0
-1637.8664550781,34.54080581665,3.5486373901367,8.0
-1641.7905273438,30.980972290039,3.5467233657837,8.0
-1645.6379394531,27.492845535278,3.5449073314667,8.0
-1649.6196289063,23.88222694397,3.5452871322632,8.0
-1653.3536376953,20.495107650757,3.546852350235,8.0
-1657.4686279297,16.762357711792,3.5457170009613,8.0
-1661.5687255859,13.068076133728,3.5447859764099,8.0
-1665.3631591797,9.6621246337891,3.5447473526001,8.0
-1669.5659179688,5.919641494751,3.5469300746918,8.0
-1673.4459228516,2.4793040752411,3.5475590229034,8.0
-1677.5593261719,-1.0741806030273,3.5453727245331,8.0
-1682.4764404297,-4.6147193908691,3.54678606987,8.0
-1687.0792236328,-7.8284816741943,3.5497486591339,8.0
-1691.6767578125,-11.058961868286,3.5463290214539,8.0
-1696.0432128906,-14.145125389099,3.5448780059814,8.0
-1700.8680419922,-17.482177734375,3.5451021194458,8.0
-1705.2243652344,-20.418865203857,3.5471646785736,8.0
-1709.6606445313,-23.39898109436,3.5449395179749,8.0
-1714.6721191406,-26.612211227417,3.5450637340546,8.0
-1720.8657226563,-30.520751953125,3.5472145080566,8.0
-1725.5184326172,-33.453952789307,3.5643577575684,8.0
-1730.2548828125,-37.060054779053,3.5521471500397,8.0
-1734.9698486328,-41.425674438477,3.5467991828918,8.0
-1739.03125,-45.277103424072,3.5465626716614,8.0
-1742.70703125,-49.111530303955,3.5446979999542,8.0
-1745.3433837891,-53.42301940918,3.5413312911987,8.0
-1746.5651855469,-58.335201263428,3.5378913879395,8.0
-1747.0725097656,-63.849617004395,3.5473742485046,8.0
-1747.5455322266,-70.190887451172,3.5473210811615,8.0
-1747.9385986328,-76.797592163086,3.5474398136139,8.0
-1747.7739257813,-83.048866271973,3.5452716350555,8.0
-1747.5418701172,-88.428321838379,3.5449397563934,8.0
-1747.3021240234,-94.710441589355,3.5448634624481,8.0
-1747.1295166016,-99.892845153809,3.5450539588928,8.0
-1747.1561279297,-105.36756134033,3.5450503826141,8.0
-1748.7690429688,-110.89892578125,3.5404727458954,8.0
-1752.6333007813,-115.03969573975,3.5439715385437,8.0
-1758.05859375,-117.01132202148,3.5595951080322,8.0
-1763.7700195313,-118.51927947998,3.5831742286682,8.0
-1768.8959960938,-118.91244506836,3.6057124137878,8.0
-1775.3811035156,-118.55332946777,3.7915387153625,8.0
-1780.4166259766,-118.22077178955,4.4017558097839,8.0
-1785.6131591797,-118.41067504883,5.147807598114,8.0
-1791.7703857422,-119.51585388184,5.5215487480164,8.0
-1796.8702392578,-122.05093383789,5.4883418083191,8.0
-1799.8551025391,-126.14178466797,5.5082192420959,8.0
-1801.0627441406,-132.71267700195,5.8249778747559,8.0
-1801.8223876953,-138.69235229492,6.14124584198,8.0
-1801.7253417969,-144.76432800293,6.4582076072693,8.0
-1801.5545654297,-149.89143371582,7.0004115104675,8.0
-1801.3818359375,-156.01388549805,7.8579263687134,8.0
-1801.2176513672,-162.47453308105,8.7315769195557,8.0
-1801.0433349609,-168.73818969727,9.6914310455322,8.0
-1800.8763427734,-175.12010192871,10.900864601135,8.0
-1801.0899658203,-180.20324707031,11.851303100586,8.0
-1801.3836669922,-185.35981750488,12.809663772583,8.0
-1801.5225830078,-191.04342651367,13.754722595215,8.0
-1801.4036865234,-196.39086914063,14.601634979248,8.0
-1801.3142089844,-201.49307250977,15.416941642761,8.0
-1801.3332519531,-207.90731811523,16.352058410645,8.0
-1801.3599853516,-213.15840148926,16.887714385986,8.0
-1801.3767089844,-218.15548706055,17.392095565796,8.0
-1801.3897705078,-223.18623352051,17.904558181763,8.0
-1801.4040527344,-228.18212890625,18.261539459229,8.0
-1801.4208984375,-233.46484375,18.243141174316,8.0
-1801.4412841797,-239.45991516113,18.218702316284,8.0
-1801.4619140625,-245.67047119141,18.218587875366,8.0
-1801.4844970703,-252.47996520996,18.786874771118,8.0
-1801.5053710938,-258.69696044922,19.434547424316,8.0
-1801.5231933594,-263.99020385742,19.944820404053,8.0
-1801.6064453125,-269.28515625,20.64227104187,8.0
-1801.7113037109,-274.92568969727,21.692167282104,8.0
-1801.8181152344,-280.54238891602,22.660203933716,8.0
-1801.9251708984,-286.50076293945,23.663770675659,8.0
-1802.0268554688,-292.25183105469,24.099151611328,8.0
-1802.1530761719,-299.12316894531,24.615013122559,8.0
-1802.2690429688,-305.34527587891,25.078132629395,8.0
-1802.3820800781,-311.484375,25.005424499512,8.0
-1802.4814453125,-317.02890014648,24.653387069702,8.0
-1802.5802001953,-322.52285766602,24.40651512146,8.0
-1802.9498291016,-328.80130004883,23.966644287109,8.0
-1803.599609375,-334.97091674805,23.029384613037,8.0
-1804.5899658203,-341.02249145508,22.170948028564,8.0
-1806.1181640625,-345.92919921875,21.470098495483,8.0
-1808.3972167969,-351.79840087891,20.705156326294,8.0
-1810.3736572266,-356.67919921875,20.138530731201,8.0
-1812.2264404297,-362.36514282227,19.472499847412,8.0
-1814.2401123047,-369.21884155273,18.747894287109,8.0
-1815.9005126953,-374.68890380859,18.33194732666,8.0
-1817.3782958984,-381.5119934082,17.780721664429,8.0
-1818.2836914063,-388.98120117188,17.19905090332,8.0
-1818.8975830078,-394.24966430664,16.839395523071,8.0
-1820.1030273438,-401.16970825195,16.363166809082,8.0
-1821.0612792969,-406.29574584961,16.014837265015,8.0
-1822.3597412109,-413.35202026367,15.674969673157,8.0
-1823.3669433594,-418.96258544922,15.438827514648,8.0
-1824.2351074219,-424.18746948242,15.213089942932,8.0
-1824.9700927734,-429.24295043945,15.074023246765,8.0
-1825.6646728516,-434.20791625977,15.086818695068,8.0
-1826.6082763672,-440.9538269043,15.101266860962,8.0
-1827.5584716797,-446.47406005859,15.101272583008,8.0
-1828.8486328125,-453.37606811523,15.100584983826,8.0
-1829.7893066406,-458.32775878906,15.099692344666,8.0
-1830.6326904297,-463.52844238281,15.09956741333,8.0
-1830.8963623047,-469.0485534668,15.098202705383,8.0
-1830.6921386719,-475.37719726563,15.099497795105,8.0
-1829.8935546875,-480.45846557617,15.070622444153,8.0
-1828.650390625,-486.35101318359,14.988198280334,8.0
-1827.4931640625,-491.62322998047,14.94441986084,8.0
-1826.2961425781,-497.58740234375,14.953298568726,8.0
-1825.2468261719,-502.62551879883,14.950345993042,8.0
-1824.0916748047,-507.73690795898,14.950617790222,8.0
-1822.9267578125,-512.81408691406,14.951682090759,8.0
-1821.3239746094,-520.23284912109,14.951189041138,8.0
-1820.4251708984,-525.88745117188,14.951331138611,8.0
-1819.6000976563,-532.28637695313,14.990694046021,8.0
-1818.7232666016,-539.26342773438,15.309798240662,8.0
-1817.9426269531,-545.57861328125,15.608251571655,8.0
-1817.1861572266,-551.71801757813,15.965410232544,8.0
-1816.5477294922,-556.86437988281,16.156620025635,8.0
-1815.6854248047,-561.81903076172,16.236356735229,8.0
-1812.7105712891,-567.12451171875,16.35782623291,8.0
-1809.2637939453,-570.91455078125,16.422773361206,8.0
-1805.8131103516,-575.21246337891,16.078252792358,8.0
-1801.615234375,-579.51519775391,15.996956825256,8.0
-1798.1298828125,-583.16394042969,16.104370117188,8.0
-1793.1531982422,-585.591796875,16.21776008606,8.0
-1787.4069824219,-585.47009277344,16.326362609863,8.0
-1781.5765380859,-584.91796875,16.327217102051,8.0
-1775.8381347656,-584.24450683594,16.326137542725,8.0
-1770.4744873047,-584.49993896484,16.328025817871,8.0
-1765.4405517578,-585.98565673828,16.322940826416,8.0
-1761.9949951172,-590.67474365234,16.321998596191,8.0
-1760.5229492188,-595.82141113281,16.300462722778,8.0
-1759.9860839844,-601.30413818359,16.226097106934,8.0
-1760.2424316406,-606.46258544922,16.155651092529,8.0
-1760.5255126953,-612.6044921875,16.358253479004,8.0
-1760.7689208984,-618.80432128906,16.758375167847,8.0
-1760.9832763672,-623.83062744141,17.106733322144,8.0
-1761.2136230469,-629.08245849609,17.524789810181,8.0
-1761.4340820313,-634.25482177734,17.933456420898,8.0
-1761.6536865234,-639.45385742188,18.363710403442,8.0
-1761.9141845703,-645.50524902344,19.063022613525,8.0
-1762.1771240234,-651.54925537109,19.805204391479,8.0
-1762.4357910156,-657.50482177734,20.532083511353,8.0
-1762.4874267578,-663.16491699219,21.277030944824,8.0
-1762.4173583984,-668.57562255859,22.004734039307,8.0
-1762.3391113281,-673.9306640625,22.727163314819,8.0
-1761.9094238281,-679.24609375,23.478015899658,8.0
-1761.0947265625,-684.18725585938,24.189357757568,8.0
-1760.1921386719,-689.30914306641,24.98938369751,8.0
-1758.6524658203,-694.34460449219,25.948448181152,8.0
-1756.1331787109,-700.40393066406,27.117004394531,8.0
-1754.1495361328,-705.12811279297,27.965133666992,8.0
-1751.8039550781,-710.17248535156,28.841203689575,8.0
-1748.9837646484,-714.44018554688,29.625743865967,8.0
-1745.9345703125,-718.68267822266,30.390911102295,8.0
-1742.4642333984,-722.88256835938,31.16788482666,8.0
-1738.7784423828,-726.48498535156,31.970994949341,8.0
-1735.1220703125,-729.97485351563,32.773979187012,8.0
-1731.1634521484,-733.67932128906,33.655914306641,8.0
-1726.9998779297,-736.71398925781,34.579257965088,8.0
-1721.6271972656,-740.27923583984,35.704021453857,8.0
-1716.2496337891,-743.86169433594,36.702518463135,8.0
-1712.0417480469,-746.68029785156,37.450672149658,8.0
-1707.5308837891,-749.69793701172,38.090496063232,8.0
-1702.6912841797,-752.89422607422,38.724864959717,8.0
-1697.6101074219,-755.47686767578,39.334007263184,8.0
-1692.6638183594,-757.54986572266,39.882820129395,8.0
-1687.3497314453,-759.70623779297,40.456932067871,8.0
-1682.4924316406,-761.92602539063,40.948776245117,8.0
-1677.7084960938,-764.16003417969,41.430229187012,8.0
-1672.9849853516,-766.36053466797,41.872169494629,8.0
-1668.1412353516,-768.6044921875,42.30184173584,8.0
-1663.2612304688,-770.86199951172,42.732162475586,8.0
-1658.4321289063,-773.10015869141,43.145763397217,8.0
-1653.5582275391,-775.36267089844,43.559795379639,8.0
-1648.1994628906,-777.84948730469,44.038249969482,8.0
-1643.1387939453,-780.19757080078,44.502861022949,8.0
-1637.6683349609,-782.73559570313,45.010913848877,8.0
-1632.3045654297,-785.22692871094,45.537124633789,8.0
-1626.8372802734,-787.76568603516,46.069038391113,8.0
-1620.8432617188,-790.54846191406,46.621078491211,8.0
-1615.1188964844,-793.20257568359,47.139232635498,8.0
-1608.6439208984,-795.78375244141,47.680461883545,8.0
-1602.8673095703,-797.91595458984,48.14379119873,8.0
-1596.4378662109,-800.28405761719,48.697696685791,8.0
-1590.1666259766,-802.31817626953,49.277919769287,8.0
-1583.9781494141,-803.8779296875,49.849624633789,8.0
-1577.7819824219,-805.388671875,50.465152740479,8.0
-1571.4775390625,-806.93780517578,51.099281311035,8.0
-1565.0718994141,-808.52685546875,51.804580688477,8.0
-1558.8106689453,-810.07824707031,52.498352050781,8.0
-1552.2689208984,-811.69445800781,53.294395446777,8.0
-1545.8563232422,-813.27893066406,54.100009918213,8.0
-1539.4810791016,-814.83569335938,54.95777130127,8.0
-1533.1684570313,-815.84405517578,55.858337402344,8.0
-1527.1781005859,-816.64898681641,56.749401092529,8.0
-1520.8718261719,-817.49615478516,57.844802856445,8.0
-1515.0279541016,-818.29602050781,58.86693572998,8.0
-1509.0830078125,-819.09942626953,60.130001068115,8.0
-1503.5632324219,-819.83441162109,61.439426422119,8.0
-1497.9631347656,-820.52758789063,62.78581237793,8.0
-1491.6131591797,-820.57165527344,64.447143554688,8.0
-1486.2227783203,-820.46545410156,65.835655212402,8.0
-1481.3647460938,-820.35339355469,67.087074279785,8.0
-1476.1619873047,-820.25219726563,68.426689147949,8.0
-1469.7192382813,-820.13885498047,70.088455200195,8.0
-1463.4693603516,-820.03564453125,71.687767028809,8.0
-1457.4030761719,-819.97778320313,73.21509552002,8.0
-1452.2247314453,-820.62084960938,74.480239868164,8.0
-1446.6337890625,-821.40625,75.827705383301,8.0
-1441.0684814453,-821.85302734375,77.056518554688,8.0
-1435.2615966797,-821.8056640625,77.959083557129,8.0
-1429.4348144531,-821.27264404297,78.862602233887,8.0
-1423.3151855469,-821.50531005859,79.750221252441,8.0
-1417.7640380859,-821.69818115234,80.552337646484,8.0
-1412.3254394531,-821.65728759766,81.312423706055,8.0
-1406.7269287109,-821.57745361328,81.423194885254,8.0
-1400.9223632813,-821.47967529297,81.36190032959,8.0
-1395.3958740234,-821.39520263672,81.347290039063,8.0
-1389.9476318359,-821.28924560547,81.33585357666,8.0
-1384.5383300781,-820.50469970703,81.344360351563,8.0
-1379.4682617188,-819.77337646484,81.159439086914,8.0
-1373.3493652344,-819.36865234375,80.426452636719,8.0
-1367.7253417969,-819.02380371094,79.735877990723,8.0
-1361.9373779297,-818.6376953125,79.032707214355,8.0
-1355.4195556641,-818.20355224609,78.243476867676,8.0
-1350.1890869141,-817.86724853516,77.613166809082,8.0
-1344.9207763672,-817.53118896484,76.987648010254,8.0
-1338.9407958984,-817.13092041016,76.321006774902,8.0
-1332.7347412109,-816.17993164063,75.62712097168,8.0
-1327.1849365234,-815.11798095703,75.003555297852,8.0
-1321.1070556641,-813.94744873047,74.318908691406,8.0
-1315.2025146484,-812.8271484375,73.652122497559,8.0
-1308.9207763672,-811.51354980469,72.926383972168,8.0
-1302.958984375,-809.43768310547,72.181053161621,8.0
-1297.2183837891,-807.10797119141,71.463668823242,8.0
-1292.1589355469,-804.71630859375,70.81322479248,8.0
-1286.9946289063,-802.25177001953,70.149406433105,8.0
-1282.119140625,-799.92510986328,69.570243835449,8.0
-1276.6094970703,-797.2099609375,69.05525970459,8.0
-1271.3005371094,-794.55297851563,68.569786071777,8.0
-1265.5947265625,-791.66711425781,68.043685913086,8.0
-1260.0961914063,-788.23980712891,67.506858825684,8.0
-1254.4544677734,-784.51446533203,66.798286437988,8.0
-1248.9951171875,-780.89019775391,66.003479003906,8.0
-1243.4716796875,-776.91528320313,65.193344116211,8.0
-1238.5383300781,-773.27526855469,64.464965820313,8.0
-1233.43359375,-769.49975585938,63.88756942749,8.0
-1228.2749023438,-765.00347900391,63.879291534424,8.0
-1224.5750732422,-760.27612304688,63.814918518066,8.0
-1221.1179199219,-755.28747558594,63.015964508057,8.0
-1217.3813476563,-749.68811035156,61.945156097412,8.0
-1213.5854492188,-744.89599609375,61.053218841553,8.0
-1209.6135253906,-740.01684570313,60.120079040527,8.0
-1206.1549072266,-735.05975341797,59.242721557617,8.0
-1202.7663574219,-730.04052734375,58.390647888184,8.0
-1199.1650390625,-724.80328369141,57.492626190186,8.0
-1195.6878662109,-718.80963134766,56.498893737793,8.0
-1193.1939697266,-713.16015625,55.607021331787,8.0
-1190.6030273438,-706.97717285156,54.600509643555,8.0
-1187.9105224609,-700.47003173828,53.376277923584,8.0
-1185.6573486328,-694.33648681641,52.237907409668,8.0
-1183.3140869141,-687.74914550781,51.036026000977,8.0
-1180.9768066406,-681.17626953125,49.842845916748,8.0
-1178.7288818359,-674.40466308594,48.556690216064,8.0
-1176.65234375,-667.986328125,47.167850494385,8.0
-1174.4851074219,-661.26330566406,45.714435577393,8.0
-1172.9772949219,-656.57464599609,44.702617645264,8.0
-1170.7706298828,-649.70147705078,43.281009674072,8.0
-1169.2015380859,-644.80279541016,42.565269470215,8.0
-1167.4975585938,-639.50598144531,41.882713317871,8.0
-1165.8973388672,-634.56048583984,41.224502563477,8.0
-1164.1981201172,-629.32275390625,40.520050048828,8.0
-1162.3356933594,-623.57879638672,39.746334075928,8.0
-1160.6042480469,-618.22863769531,39.025123596191,8.0
-1158.8530273438,-612.80718994141,38.222072601318,8.0
-1157.0379638672,-607.189453125,37.18087387085,8.0
-1155.4125976563,-602.15344238281,36.238700866699,8.0
-1153.7158203125,-596.89672851563,35.26887512207,8.0
-1151.9378662109,-591.39782714844,34.253772735596,8.0
-1150.3186035156,-586.39788818359,33.338237762451,8.0
-1148.4732666016,-580.83404541016,32.434574127197,8.0
-1146.5904541016,-575.68389892578,31.626194000244,8.0
-1144.7067871094,-570.69055175781,30.825527191162,8.0
-1142.7816162109,-565.63201904297,30.209892272949,8.0
-1140.3568115234,-559.24249267578,30.167161941528,8.0
-1137.9766845703,-552.93560791016,30.142311096191,8.0
-1135.4649658203,-546.32611083984,30.086027145386,8.0
-1132.4379882813,-539.91796875,30.06830406189,8.0
-1128.984375,-533.83508300781,30.224548339844,8.0
-1124.7734375,-528.74554443359,30.381254196167,8.0
-1120.1275634766,-525.27874755859,30.495471954346,8.0
-1114.8173828125,-523.15521240234,30.668350219727,8.0
-1109.3159179688,-522.37115478516,31.219743728638,8.0
-1103.7687988281,-522.17749023438,31.342189788818,8.0
-1097.5109863281,-522.87213134766,31.45336151123,8.0
-1091.9827880859,-524.75079345703,31.771820068359,8.0
-1086.8435058594,-527.09045410156,32.000122070313,8.0
-1081.7463378906,-529.50061035156,32.008327484131,8.0
-1076.3409423828,-532.50939941406,31.999597549438,8.0
-1072.2236328125,-535.38323974609,31.997827529907,8.0
-1067.5933837891,-538.85626220703,31.99871635437,8.0
-1063.7961425781,-542.4306640625,31.999185562134,8.0
-1060.2485351563,-546.03717041016,31.998508453369,8.0
-1056.4340820313,-550.16760253906,31.99942779541,8.0
-1053.3781738281,-554.46441650391,31.998620986938,8.0
-1049.9232177734,-560.0419921875,31.998237609863,8.0
-1047.3388671875,-564.92687988281,31.999431610107,8.0
-1044.8557128906,-570.20007324219,31.999156951904,8.0
-1042.7783203125,-574.88311767578,31.998359680176,8.0
-1041.0224609375,-580.26947021484,31.998701095581,8.0
-1039.4650878906,-585.26287841797,31.998170852661,8.0
-1037.6208496094,-591.64367675781,32.000392913818,8.0
-1036.9644775391,-597.26232910156,31.998685836792,8.0
-1036.7247314453,-602.78143310547,31.998168945313,8.0
-1036.4858398438,-608.47448730469,31.999181747437,8.0
-1036.2133789063,-614.08843994141,31.999879837036,8.0
-1035.966796875,-619.11669921875,31.998310089111,8.0
-1035.3828125,-624.56555175781,31.999408721924,8.0
-1034.6179199219,-630.04119873047,31.998083114624,8.0
-1033.8585205078,-635.42633056641,31.998868942261,8.0
-1033.1164550781,-640.77465820313,31.998302459717,8.0
-1032.2452392578,-647.07202148438,31.997694015503,8.0
-1031.3305664063,-653.64984130859,31.999349594116,8.0
-1030.4349365234,-660.09362792969,31.997634887695,8.0
-1029.2219238281,-665.87646484375,31.998931884766,8.0
-1027.2794189453,-671.43292236328,31.997951507568,8.0
-1025.4259033203,-676.32464599609,31.99761390686,8.0
-1023.0679321289,-681.21911621094,31.9977684021,8.0
-1020.8832397461,-685.72991943359,31.999059677124,8.0
-1017.2831420898,-689.98120117188,31.995574951172,8.0
-1011.6557006836,-690.99969482422,31.9951171875,8.0
-1007.0111694336,-688.25653076172,31.998109817505,8.0
-1005.077331543,-682.89587402344,31.997013092041,8.0
-1006.2846679688,-677.20648193359,31.998933792114,8.0
-1007.5096435547,-671.6220703125,32.001914978027,8.0
-1009.4848632813,-665.49719238281,32.000671386719,8.0
-1011.4665527344,-659.62341308594,32.000774383545,8.0
-1013.4550170898,-653.64337158203,31.998760223389,8.0
-1015.5486450195,-647.70721435547,32.000564575195,8.0
-1017.5521240234,-642.58172607422,32.000621795654,8.0
-1019.5368041992,-637.52819824219,31.999647140503,8.0
-1022.2143554688,-631.45037841797,31.997724533081,8.0
-1025.0986328125,-625.52233886719,31.998714447021,8.0
-1027.4947509766,-619.66815185547,31.998447418213,8.0
-1029.3050537109,-614.92657470703,31.999305725098,8.0
-1031.2150878906,-609.95611572266,32.00065612793,8.0
-1033.2404785156,-604.72125244141,32.000804901123,8.0
-1035.330078125,-599.31408691406,32.000370025635,8.0
-1037.4379882813,-593.84802246094,31.998641967773,8.0
-1039.5363769531,-588.40643310547,31.999723434448,8.0
-1041.5255126953,-583.25122070313,32.000003814697,8.0
-1043.6179199219,-577.92663574219,31.998374938965,8.0
-1046.1184082031,-573.06842041016,31.998250961304,8.0
-1049.0168457031,-568.06018066406,31.999174118042,8.0
-1052.0263671875,-563.87524414063,31.997959136963,8.0
-1055.6389160156,-560.31518554688,31.996725082397,8.0
-1059.9017333984,-557.55920410156,31.996519088745,8.0
-1065.9593505859,-555.48901367188,31.997032165527,8.0
-1071.0499267578,-555.11859130859,31.997184753418,8.0
-1077.3918457031,-556.18743896484,31.997362136841,8.0
-1084.0095214844,-557.52728271484,31.999208450317,8.0
-1089.2169189453,-557.73583984375,31.998273849487,8.0
-1095.7789306641,-557.60327148438,31.998176574707,8.0
-1100.9947509766,-557.40277099609,31.997749328613,8.0
-1106.8917236328,-556.70520019531,31.993440628052,8.0
-1112.7321777344,-555.95556640625,31.704620361328,8.0
-1117.8541259766,-555.32098388672,31.193954467773,8.0
-1124.6267089844,-554.87438964844,30.606739044189,8.0
-1129.7744140625,-555.77996826172,30.417652130127,8.0
-1135.1072998047,-558.39465332031,30.199054718018,8.0
-1138.9926757813,-562.92071533203,30.209241867065,8.0
-1142.0384521484,-568.26940917969,30.379312515259,8.0
-1145.0899658203,-573.56158447266,31.229112625122,8.0
-1147.5660400391,-577.84649658203,31.99080657959,8.0
-1150.6966552734,-583.3046875,32.933902740479,8.0
-1152.8527832031,-587.80242919922,33.731178283691,8.0
-1155.1082763672,-593.02478027344,34.731868743896,8.0
-1157.658203125,-598.96185302734,35.860408782959,8.0
-1159.5169677734,-604.05950927734,36.806613922119,8.0
-1160.9382324219,-609.52709960938,37.788463592529,8.0
-1162.2911376953,-614.92578125,38.700103759766,8.0
-1163.7060546875,-620.47857666016,39.441059112549,8.0
-1165.0660400391,-625.76336669922,40.130695343018,8.0
-1166.4573974609,-631.19763183594,40.845806121826,8.0
-1167.8380126953,-636.61077880859,41.558097839355,8.0
-1169.2409667969,-642.07067871094,42.279968261719,8.0
-1171.0020751953,-647.24920654297,42.985507965088,8.0
-1173.0056152344,-652.72961425781,43.943016052246,8.0
-1174.8374023438,-657.74566650391,45.075008392334,8.0
-1176.4914550781,-662.48120117188,46.108177185059,8.0
-1177.9809570313,-667.41448974609,47.157493591309,8.0
-1179.5380859375,-672.62896728516,48.260284423828,8.0
-1181.044921875,-677.67102050781,49.281929016113,8.0
-1182.6607666016,-683.06463623047,50.24898147583,8.0
-1184.3319091797,-688.64801025391,51.243328094482,8.0
-1185.8743896484,-693.81829833984,52.171272277832,8.0
-1187.2967529297,-698.60760498047,53.032657623291,8.0
-1188.7263183594,-703.42254638672,53.902099609375,8.0
-1190.3098144531,-708.38659667969,54.793838500977,8.0
-1192.2514648438,-713.56195068359,55.615608215332,8.0
-1194.3410644531,-719.05529785156,56.454879760742,8.0
-1196.4906005859,-724.09405517578,57.24437713623,8.0
-1199.1904296875,-728.94000244141,58.040466308594,8.0
-1201.7316894531,-733.38836669922,58.776969909668,8.0
-1205.0762939453,-739.02581787109,59.714168548584,8.0
-1208.2551269531,-743.06213378906,60.414825439453,8.0
-1212.4587402344,-748.11303710938,61.303115844727,8.0
-1215.8272705078,-752.18841552734,62.031852722168,8.0
-1219.7286376953,-756.49676513672,62.858768463135,8.0
-1223.4943847656,-760.22521972656,63.645458221436,8.0
-1228.0830078125,-764.64245605469,63.999217987061,8.0
-1232.4370117188,-768.81140136719,63.898365020752,8.0
-1237.1759033203,-772.875,64.247207641602,8.0
-1241.7838134766,-775.72412109375,64.942253112793,8.0
-1246.3824462891,-778.44030761719,65.582824707031,8.0
-1251.1342773438,-781.26672363281,66.239334106445,8.0
-1255.7679443359,-784.05615234375,66.881851196289,8.0
-1260.9061279297,-786.88006591797,67.506721496582,8.0
-1265.4287109375,-789.12078857422,67.915565490723,8.0
-1270.3045654297,-791.51025390625,68.359489440918,8.0
-1275.2502441406,-793.95709228516,68.824043273926,8.0
-1280.3587646484,-796.49993896484,69.314628601074,8.0
-1285.4095458984,-799.0009765625,69.836715698242,8.0
-1290.3359375,-801.34924316406,70.460510253906,8.0
-1295.6423339844,-803.21868896484,71.121856689453,8.0
-1301.2487792969,-805.05895996094,71.83145904541,8.0
-1306.6690673828,-806.84094238281,72.532455444336,8.0
-1312.2924804688,-808.48382568359,73.240516662598,8.0
-1318.0268554688,-809.98846435547,73.903495788574,8.0
-1323.6242675781,-811.41467285156,74.544830322266,8.0
-1329.4403076172,-812.14031982422,75.194969177246,8.0
-1334.5823974609,-812.36901855469,75.761505126953,8.0
-1340.7663574219,-812.59576416016,76.441581726074,8.0
-1346.4058837891,-812.82971191406,77.065460205078,8.0
-1352.7707519531,-813.10327148438,77.835716247559,8.0
-1358.3861083984,-813.33685302734,78.529853820801,8.0
-1363.6636962891,-813.55249023438,79.179359436035,8.0
-1369.1385498047,-813.57067871094,79.85913848877,8.0
-1374.1131591797,-813.22985839844,80.481315612793,8.0
-1379.0765380859,-812.85729980469,81.11043548584,8.0
-1384.5418701172,-813.00933837891,81.616569519043,8.0
-1391.0083007813,-813.59948730469,81.580215454102,8.0
-1396.0444335938,-814.12365722656,81.603782653809,8.0
-1401.1381835938,-814.62341308594,81.63159942627,8.0
-1406.8409423828,-815.1748046875,81.666595458984,8.0
-1412.6857910156,-815.74554443359,81.677368164063,8.0
-1418.7648925781,-816.33935546875,80.927757263184,8.0
-1425.0870361328,-816.62854003906,79.780899047852,8.0
-1432.3117675781,-816.74371337891,78.71159362793,8.0
-1439.0943603516,-816.83465576172,77.683692932129,8.0
-1444.0363769531,-816.90881347656,76.841690063477,8.0
-1450.9393310547,-817.00903320313,75.033866882324,8.0
-1458.1452636719,-817.0986328125,73.177253723145,8.0
-1463.6428222656,-817.14709472656,71.758010864258,8.0
-1468.6502685547,-817.19696044922,70.457374572754,8.0
-1473.8614501953,-817.26177978516,69.107864379883,8.0
-1479.3569335938,-817.33581542969,67.680206298828,8.0
-1485.1512451172,-817.38354492188,66.128852844238,8.0
-1491.2635498047,-817.37994384766,64.447021484375,8.0
-1496.8687744141,-817.33776855469,62.873638153076,8.0
-1502.7828369141,-817.29937744141,61.419647216797,8.0
-1509.3449707031,-817.16534423828,59.984443664551,8.0
-1515.1512451172,-816.83319091797,58.78381729126,8.0
-1520.2325439453,-816.48162841797,57.990165710449,8.0
-1525.7607421875,-816.26013183594,56.979877471924,8.0
-1531.052734375,-815.58367919922,56.134872436523,8.0
-1536.7706298828,-814.38293457031,55.328147888184,8.0
-1541.7514648438,-813.32098388672,54.615829467773,8.0
-1547.1307373047,-811.73986816406,53.905284881592,8.0
-1552.5355224609,-809.80395507813,53.222412109375,8.0
-1558.6474609375,-807.63110351563,52.458515167236,8.0
-1564.8736572266,-805.98254394531,51.765727996826,8.0
-1571.2193603516,-804.44012451172,51.066192626953,8.0
-1577.8493652344,-802.82476806641,50.397262573242,8.0
-1584.9653320313,-801.05047607422,49.696220397949,8.0
-1589.94140625,-799.69439697266,49.233085632324,8.0
-1594.7819824219,-798.35192871094,48.79806137085,8.0
-1599.8825683594,-796.93304443359,48.342842102051,8.0
-1605.2408447266,-795.44293212891,47.910926818848,8.0
-1610.4412841797,-793.87487792969,47.50260925293,8.0
-1615.2825927734,-792.29821777344,47.103218078613,8.0
-1620.037109375,-790.72192382813,46.687503814697,8.0
-1625.0755615234,-789.04754638672,46.243907928467,8.0
-1630.5562744141,-787.04632568359,45.740955352783,8.0
-1635.2889404297,-784.88751220703,45.27619934082,8.0
-1639.8128662109,-782.68646240234,44.832904815674,8.0
-1644.7045898438,-780.27386474609,44.377521514893,8.0
-1649.5681152344,-777.88269042969,43.9328956604,8.0
-1656.3725585938,-774.56146240234,43.327976226807,8.0
-1661.0294189453,-772.294921875,42.931739807129,8.0
-1666.2800292969,-769.73443603516,42.47444152832,8.0
-1671.3936767578,-767.23492431641,42.013694763184,8.0
-1677.2795410156,-764.35638427734,41.471118927002,8.0
-1681.9390869141,-762.07940673828,41.000961303711,8.0
-1686.4196777344,-759.89233398438,40.540473937988,8.0
-1692.9650878906,-756.69061279297,39.819957733154,8.0
-1698.6108398438,-753.7783203125,39.151218414307,8.0
-1704.1115722656,-750.89666748047,38.479763031006,8.0
-1709.9482421875,-747.46984863281,37.722675323486,8.0
-1714.9216308594,-743.95794677734,36.900691986084,8.0
-1720.1632080078,-740.18310546875,35.886177062988,8.0
-1724.1462402344,-737.13067626953,35.048442840576,8.0
-1729.3298339844,-732.66613769531,33.797397613525,8.0
-1734.8743896484,-727.69110107422,32.536964416504,8.0
-1738.2210693359,-724.04486083984,31.749341964722,8.0
-1742.7041015625,-718.59466552734,30.63472366333,8.0
-1745.8436279297,-714.41107177734,29.854625701904,8.0
-1749.3092041016,-708.19812011719,28.695226669312,8.0
-1752.3099365234,-701.67175292969,27.499094009399,8.0
-1754.2049560547,-696.68121337891,26.545806884766,8.0
-1755.4757080078,-691.88458251953,25.583877563477,8.0
-1757.0335693359,-684.84735107422,24.263677597046,8.0
-1758.6292724609,-677.25177001953,23.200490951538,8.0
-1759.4525146484,-672.25872802734,22.493797302246,8.0
-1760.2255859375,-667.13146972656,21.809846878052,8.0
-1760.9814453125,-661.56903076172,21.067979812622,8.0
-1761.3776855469,-656.47784423828,20.400062561035,8.0
-1761.8052978516,-648.88073730469,19.476768493652,8.0
-1762.0874023438,-643.56719970703,18.833368301392,8.0
-1762.3859863281,-638.09973144531,18.225135803223,8.0
-1762.7159423828,-632.23120117188,17.754735946655,8.0
-1763.1168212891,-625.15838623047,17.207941055298,8.0
-1763.4920654297,-618.41613769531,16.716333389282,8.0
-1763.8781738281,-611.39788818359,16.291921615601,8.0
-1764.2340087891,-605.00665283203,16.13452911377,8.0
-1764.5599365234,-599.21496582031,16.248620986938,8.0
-1765.2186279297,-593.26690673828,16.323398590088,8.0
-1767.2034912109,-587.47497558594,16.325037002563,8.0
-1770.4581298828,-583.01849365234,16.32243347168,8.0
-1775.0997314453,-579.72717285156,16.323751449585,8.0
-1780.1663818359,-577.75537109375,16.325389862061,8.0
-1785.4481201172,-575.95513916016,16.326019287109,8.0
-1791.2951660156,-573.70831298828,16.278787612915,8.0
-1795.5073242188,-570.98010253906,16.186157226563,8.0
-1798.9735107422,-567.08923339844,16.195636749268,8.0
-1802.2615966797,-562.88189697266,15.918479919434,8.0
-1805.9289550781,-557.37054443359,15.932423591614,8.0
-1808.9383544922,-552.01495361328,16.104827880859,8.0
-1811.2686767578,-546.26733398438,15.811206817627,8.0
-1812.7933349609,-541.36303710938,15.545882225037,8.0
-1814.4271240234,-535.98797607422,15.306324958801,8.0
-1816.1076660156,-530.60815429688,15.110814094543,8.0
-1818.0124511719,-525.01397705078,15.094705581665,8.0
-1820.3999023438,-519.39166259766,15.032280921936,8.0
-1822.7713623047,-513.11157226563,14.964793205261,8.0
-1823.8989257813,-506.8293762207,14.949807167053,8.0
-1824.4658203125,-500.69866943359,14.952522277832,8.0
-1824.8479003906,-494.00405883789,14.953014373779,8.0
-1824.8134765625,-487.64801025391,14.952826499939,8.0
-1824.6956787109,-480.7961730957,14.953203201294,8.0
-1823.9942626953,-474.14627075195,14.952751159668,8.0
-1822.9724121094,-467.70208740234,14.952795982361,8.0
-1821.9245605469,-461.26791381836,14.953206062317,8.0
-1820.8044433594,-454.15521240234,14.953295707703,8.0
-1820.0611572266,-447.30911254883,14.953037261963,8.0
-1819.3784179688,-440.23361206055,14.953055381775,8.0
-1818.6864013672,-433.06698608398,14.953037261963,8.0
-1817.9632568359,-425.69937133789,14.999154090881,8.0
-1817.3829345703,-419.8332824707,15.237598419189,8.0
-1816.6434326172,-414.01446533203,15.504120826721,8.0
-1815.7346191406,-407.86529541016,15.773931503296,8.0
-1814.8907470703,-402.33197021484,16.113042831421,8.0
-1814.0653076172,-396.91998291016,16.505519866943,8.0
-1813.2036132813,-391.22735595703,16.902742385864,8.0
-1812.3640136719,-385.6530456543,17.299354553223,8.0
-1811.2875976563,-378.53427124023,17.871004104614,8.0
-1810.2058105469,-371.40539550781,18.447776794434,8.0
-1809.4119873047,-366.18515014648,18.905881881714,8.0
-1808.6109619141,-360.9758605957,19.537563323975,8.0
-1807.5793457031,-354.25546264648,20.401634216309,8.0
-1806.6058349609,-347.87176513672,21.208833694458,8.0
-1805.5756835938,-341.13665771484,22.148864746094,8.0
-1804.8359375,-334.95159912109,23.038362503052,8.0
-1804.2164306641,-328.98153686523,23.89101600647,8.0
-1803.6669921875,-323.53634643555,24.427017211914,8.0
-1803.0926513672,-317.91223144531,24.633962631226,8.0
-1802.4976806641,-312.1826171875,24.897331237793,8.0
-1801.9095458984,-306.49960327148,25.131607055664,8.0
-1801.3017578125,-300.54754638672,24.790758132935,8.0
-1800.7014160156,-294.59371948242,24.271482467651,8.0
-1800.1759033203,-287.9303894043,23.777488708496,8.0
-1799.9311523438,-281.49462890625,22.914258956909,8.0
-1799.7342529297,-274.67840576172,21.644424438477,8.0
-1799.5223388672,-267.10900878906,20.33166885376,8.0
-1799.3635253906,-261.65258789063,19.668281555176,8.0
-1799.3093261719,-255.98405456543,19.152914047241,8.0
-1799.3189697266,-250.90180969238,18.661020278931,8.0
-1799.3454589844,-245.47071838379,18.192975997925,8.0
-1799.375,-239.81379699707,18.168567657471,8.0
-1799.3978271484,-234.68342590332,18.210014343262,8.0
-1799.4167480469,-229.59649658203,18.217050552368,8.0
-1799.4346923828,-224.47439575195,18.107727050781,8.0
-1799.4544677734,-219.11743164063,17.572956085205,8.0
-1799.4770507813,-213.82145690918,16.945743560791,8.0
-1799.5029296875,-208.30172729492,16.384408950806,8.0
-1799.5288085938,-202.77301025391,15.669479370117,8.0
-1799.5532226563,-197.4207611084,14.779515266418,8.0
-1799.5771484375,-191.94816589355,13.889262199402,8.0
-1799.6020507813,-186.30181884766,12.971597671509,8.0
-1799.6281738281,-180.39808654785,11.898077964783,8.0
-1799.654296875,-174.62324523926,10.808886528015,8.0
-1799.6771240234,-169.55528259277,9.8604860305786,8.0
-1799.7049560547,-163.36285400391,8.809175491333,8.0
-1799.7277832031,-158.23219299316,8.1353778839111,8.0
-1799.7514648438,-152.90022277832,7.4287242889404,8.0
-1799.7811279297,-146.17338562012,6.5683135986328,8.0
-1799.8067626953,-140.4447479248,6.2095651626587,8.0
-1799.8099365234,-135.07412719727,5.946937084198,8.0
-1798.9665527344,-129.52365112305,5.6569714546204,8.0
-1795.9604492188,-124.10325622559,5.4721808433533,8.0
-1791.5056152344,-121.33779907227,5.4849042892456,8.0
-1786.59375,-120.38590240479,5.3172702789307,8.0
-1781.2520751953,-119.42097473145,4.5671515464783,8.0
-1774.8205566406,-118.22006225586,3.767493724823,8.0
-1769.4772949219,-117.78610992432,3.582398891449,8.0
-1764.1262207031,-117.53230285645,3.5798590183258,8.0
-1758.9583740234,-117.2381362915,3.5632498264313,8.0
-1752.8857421875,-115.74137115479,3.5444846153259,8.0
-1748.2358398438,-112.58220672607,3.5403389930725,8.0
-1745.4610595703,-107.20598602295,3.540566444397,8.0
-1744.3765869141,-101.35398101807,3.5446953773499,8.0
-1743.5073242188,-96.140281677246,3.5472524166107,8.0
-1743.0579833984,-90.051963806152,3.5467467308044,8.0
-1743.5428466797,-84.310012817383,3.5458726882935,8.0
-1744.0499267578,-78.376647949219,3.5474832057953,8.0
-1744.5543212891,-71.967575073242,3.5465836524963,8.0
-1745.0576171875,-65.70947265625,3.5458543300629,8.0
-1745.4627685547,-60.482021331787,3.5467064380646,8.0
-1744.9298095703,-54.175220489502,3.5437262058258,8.0
-1743.7014160156,-47.98743057251,3.5447609424591,8.0
-1741.1468505859,-43.394592285156,3.5416431427002,8.0
-1736.8572998047,-39.763271331787,3.5443437099457,8.0
-1732.1158447266,-35.903217315674,3.5501163005829,8.0
-1727.4886474609,-33.384059906006,3.5546543598175,8.0
-1722.4603271484,-30.9215259552,3.5558681488037,8.0
-1717.1154785156,-28.108318328857,3.5476322174072,8.0
-1711.7130126953,-24.99142074585,3.5474934577942,8.0
-1707.3608398438,-22.44774055481,3.5476012229919,8.0
-1703.0625,-19.490837097168,3.5474638938904,8.0
-1698.7369384766,-16.437797546387,3.5473101139069,8.0
-1694.4189453125,-13.386179924011,3.5470621585846,8.0
-1689.7169189453,-10.031246185303,3.5470275878906,8.0
-1684.4624023438,-5.9141063690186,3.5488007068634,8.0
-1679.5880126953,-2.0360240936279,3.5525472164154,8.0
-1674.8825683594,1.6934543848038,3.5472905635834,8.0
-1669.7556152344,5.7915887832642,3.5470643043518,8.0
-1665.0103759766,10.091726303101,3.5466675758362,8.0
-1660.0684814453,14.704416275024,3.5468559265137,8.0
-1654.9157714844,19.51505279541,3.5470230579376,8.0
-1649.6221923828,24.43466758728,3.5470983982086,8.0
-1644.6247558594,29.075212478638,3.5471074581146,8.0
-1640.9188232422,32.521041870117,3.5469436645508,8.0
-1637.0384521484,36.140609741211,3.5468866825104,8.0
-1632.9783935547,40.151405334473,3.5429630279541,8.0
-1629.0803222656,44.12952041626,3.5403323173523,8.0
-1625.0910644531,48.3229637146,3.5454602241516,8.0
-1620.9349365234,52.685577392578,3.5467045307159,8.0
-1617.2388916016,56.559024810791,3.5468482971191,8.0
-1612.7663574219,61.245937347412,3.5468995571136,8.0
-1608.3897705078,65.836395263672,3.5469040870667,8.0
-1604.0034179688,70.439529418945,3.5469059944153,8.0
-1599.4700927734,75.196479797363,3.5469102859497,8.0
-1595.2061767578,79.667778015137,3.5469198226929,8.0
-1590.6457519531,84.331695556641,3.546802520752,8.0
-1586.2785644531,88.750511169434,3.546802520752,8.0
-1582.1340332031,92.934371948242,3.5469295978546,8.0
-1577.6169433594,97.496040344238,3.5469400882721,8.0
-1571.478515625,103.68517303467,3.545352935791,8.0
-1567.3988037109,107.74090576172,3.5447964668274,8.0
-1563.3530273438,111.74684906006,3.5447027683258,8.0
-1559.7689208984,115.29244232178,3.5446872711182,8.0
-1555.8148193359,119.20431518555,3.5447061061859,8.0
[duongdi_2]
-1579.98828125,77.795845031738,3.5489575862885,8.0
-1584.9172363281,74.487976074219,3.5489192008972,8.0
-1590.1276855469,71.066307067871,3.5487184524536,8.0
-1594.9066162109,68.026824951172,3.5557222366333,8.0
-1600.4273681641,64.327270507813,3.5520749092102,8.0
-1604.8605957031,61.05114364624,3.5614821910858,8.0
-1609.1640625,57.818378448486,3.5490262508392,8.0
-1613.3902587891,54.303859710693,3.5476734638214,8.0
-1617.7066650391,50.516540527344,3.5470566749573,8.0
-1622.4361572266,46.365840911865,3.5475988388062,8.0
-1627.2165527344,42.427661895752,3.5469555854797,8.0
-1631.7319335938,38.743160247803,3.5470027923584,8.0
-1636.4674072266,34.702125549316,3.5464038848877,8.0
-1640.9180908203,30.862518310547,3.5449965000153,8.0
-1645.7229003906,26.672067642212,3.5448017120361,8.0
-1650.2407226563,22.630674362183,3.546448469162,8.0
-1654.7869873047,18.572986602783,3.5469450950623,8.0
-1659.4598388672,14.615713119507,3.5456385612488,8.0
-1663.9899902344,10.814189910889,3.5447759628296,8.0
-1668.5363769531,6.9968152046204,3.5457196235657,8.0
-1673.0361328125,3.2116675376892,3.5468139648438,8.0
-1677.6740722656,-0.68977057933807,3.5470297336578,8.0
-1682.5679931641,-4.8047122955322,3.5470764636993,8.0
-1687.3450927734,-8.8057851791382,3.5553915500641,8.0
-1692.2453613281,-12.600046157837,3.5496437549591,8.0
-1697.1690673828,-16.337800979614,3.54514336586,8.0
-1702.1318359375,-20.09447479248,3.5446367263794,8.0
-1706.7781982422,-23.610149383545,3.5445363521576,8.0
-1711.8519287109,-26.973958969116,3.5456817150116,8.0
-1716.5256347656,-29.827423095703,3.5455720424652,8.0
-1721.4869384766,-32.212646484375,3.5644216537476,8.0
-1727.8543701172,-34.258316040039,3.5654458999634,8.0
-1732.9052734375,-34.971435546875,3.5770797729492,8.0
-1739.2531738281,-34.280784606934,3.5484931468964,8.0
-1743.9482421875,-32.1379737854,3.566187620163,8.0
-1747.2883300781,-27.587097167969,3.5431325435638,8.0
-1747.4521484375,-21.864473342896,3.5437536239624,8.0
-1746.8740234375,-16.789402008057,3.5470135211945,8.0
-1746.7980957031,-11.034729957581,3.5470240116119,8.0
-1746.8626708984,-4.8148150444031,3.5476322174072,8.0
-1747.1827392578,1.8090834617615,3.5475811958313,8.0
-1747.3995361328,7.3595843315125,3.5476672649384,8.0
-1747.2681884766,12.775626182556,3.5469932556152,8.0
-1747.0791015625,18.474098205566,3.5469281673431,8.0
-1746.8927001953,24.172092437744,3.5470361709595,8.0
-1746.2302246094,29.896186828613,3.5485217571259,8.0
-1746.619140625,35.781036376953,3.5485048294067,8.0
-1747.1159667969,41.738704681396,3.5483331680298,8.0
-1747.5476074219,47.143787384033,3.5477945804596,8.0
-1748.0126953125,52.914707183838,3.5477406978607,8.0
-1748.5347900391,59.355281829834,3.5477669239044,8.0
-1749.06640625,65.932395935059,3.5477576255798,8.0
-1749.4962158203,71.253524780273,3.5474727153778,8.0
-1749.916015625,77.031829833984,3.5470869541168,8.0
-1750.2565917969,82.627792358398,3.5469751358032,8.0
-1750.6027832031,88.446929931641,3.5476176738739,8.0
-1750.9490966797,94.223907470703,3.5471036434174,8.0
-1751.2868652344,99.82511138916,3.5451436042786,8.0
-1751.6511230469,105.86179351807,3.5446014404297,8.0
-1751.9835205078,111.38218688965,3.5458815097809,8.0
-1752.3337402344,117.20677185059,3.5468728542328,8.0
-1752.6794433594,122.95130157471,3.5458524227142,8.0
-1753.0168457031,128.68717956543,3.544753074646,8.0
-1753.3388671875,134.20010375977,3.5445353984833,8.0
-1753.5899658203,139.46994018555,3.544570684433,8.0
-1753.8171386719,144.51254272461,3.5445704460144,8.0
-1753.8256835938,149.9006652832,3.5462782382965,8.0
-1753.544921875,155.31021118164,3.5471801757813,8.0
-1753.2568359375,161.06257629395,3.5471806526184,8.0
-1753.3922119141,166.77012634277,3.5465421676636,8.0
-1753.6135253906,172.50215148926,3.5468106269836,8.0
-1753.826171875,177.75210571289,3.5471012592316,8.0
-1754.71484375,184.39221191406,3.5464532375336,8.0
-1755.8801269531,190.67430114746,3.5703868865967,8.0
-1757.1916503906,197.42189025879,3.5644552707672,8.0
-1758.2885742188,203.63948059082,3.5844693183899,8.0
-1758.8942871094,210.84336853027,3.6534042358398,8.0
-1759.2238769531,217.09086608887,4.7298774719238,8.0
-1758.9937744141,223.23741149902,5.8284635543823,8.0
-1757.9604492188,229.73930358887,6.4021892547607,8.0
-1756.5032958984,235.74555969238,6.36390209198,8.0
-1754.2196044922,241.51135253906,6.5171484947205,8.0
-1751.2102050781,246.97291564941,6.6688022613525,8.0
-1747.9458007813,252.68370056152,6.823085308075,8.0
-1744.7155761719,258.8620300293,6.9841337203979,8.0
-1742.3752441406,264.60098266602,7.1265721321106,8.0
-1740.052734375,270.53021240234,7.195264339447,8.0
-1737.5881347656,277.23428344727,7.1813468933105,8.0
-1736.3372802734,283.23178100586,7.1772222518921,8.0
-1736.2957763672,288.32373046875,7.1745862960815,8.0
-1737.5677490234,294.19421386719,7.1748032569885,8.0
-1740.2401123047,300.35745239258,7.1711444854736,8.0
-1743.2689208984,306.37844848633,7.0465998649597,8.0
-1746.728515625,311.76895141602,7.0230479240417,8.0
-1751.4283447266,317.29837036133,7.0228891372681,8.0
-1756.3757324219,322.79321289063,7.0243954658508,8.0
-1760.0219726563,326.56768798828,7.3510446548462,8.0
-1765.1235351563,331.21484375,8.2473573684692,8.0
-1770.0648193359,335.59677124023,9.4634695053101,8.0
-1774.8211669922,339.80813598633,11.05662727356,8.0
-1779.2740478516,343.74819946289,13.047448158264,8.0
-1783.0178222656,347.19039916992,14.710416793823,8.0
-1787.5311279297,351.49566650391,16.202928543091,8.0
-1791.9307861328,355.83578491211,16.791433334351,8.0
-1795.1954345703,361.07800292969,17.066385269165,8.0
-1797.2572021484,366.04931640625,17.085321426392,8.0
-1797.5867919922,371.12817382813,17.098497390747,8.0
-1796.2624511719,375.99325561523,17.086490631104,8.0
-1794.3992919922,381.25735473633,17.062858581543,8.0
-1791.0002441406,386.17080688477,17.055509567261,8.0
-1786.603515625,390.91589355469,17.458810806274,8.0
-1782.3502197266,395.49081420898,17.975250244141,8.0
-1778.0281982422,400.67623901367,18.689554214478,8.0
-1773.88671875,405.70489501953,19.822507858276,8.0
-1770.7381591797,409.51071166992,20.846424102783,8.0
-1766.7036132813,414.38427734375,22.419515609741,8.0
-1762.7071533203,419.22271728516,24.147876739502,8.0
-1758.890625,423.859375,26.111217498779,8.0
-1755.2484130859,428.28805541992,27.993782043457,8.0
-1751.5625,432.77395629883,29.926824569702,8.0
-1747.9633789063,437.15979003906,31.706758499146,8.0
-1744.3940429688,441.4753112793,33.285152435303,8.0
-1740.6966552734,445.81866455078,34.836647033691,8.0
-1736.6759033203,450.01788330078,35.871421813965,8.0
-1732.1900634766,454.45880126953,36.858295440674,8.0
-1727.7976074219,458.61541748047,37.461090087891,8.0
-1724.2291259766,464.00610351563,37.997871398926,8.0
-1720.4852294922,468.66149902344,38.270141601563,8.0
-1715.9627685547,473.25244140625,38.347229003906,8.0
-1711.4283447266,477.98547363281,38.307819366455,8.0
-1707.8127441406,482.21557617188,38.268974304199,8.0
-1704.5717773438,486.47680664063,38.261161804199,8.0
-1701.2436523438,490.8473815918,38.249252319336,8.0
-1697.5948486328,495.63336181641,38.244270324707,8.0
-1693.8826904297,500.26126098633,38.24401473999,8.0
-1689.7958984375,505.31686401367,38.243789672852,8.0
-1686.0042724609,510.0087890625,38.2414894104,8.0
-1682.1717529297,514.76373291016,38.234767913818,8.0
-1678.3153076172,519.54583740234,38.234359741211,8.0
-1674.5334472656,524.22985839844,38.234661102295,8.0
-1670.4093017578,529.33709716797,38.234718322754,8.0
-1666.4962158203,534.18481445313,38.233741760254,8.0
-1662.2000732422,539.50732421875,38.225898742676,8.0
-1657.9393310547,544.78637695313,38.280445098877,8.0
-1654.0205078125,549.65173339844,38.550258636475,8.0
-1649.8897705078,554.77056884766,38.84338760376,8.0
-1645.6666259766,559.99523925781,39.133502960205,8.0
-1641.6403808594,564.98974609375,39.407875061035,8.0
-1637.5906982422,570.50238037109,39.690635681152,8.0
-1633.9233398438,575.73968505859,39.945114135742,8.0
-1630.0241699219,581.15783691406,40.281707763672,8.0
-1626.03125,586.65991210938,40.63939666748,8.0
-1622.3934326172,591.83911132813,40.98295211792,8.0
-1618.7927246094,597.39337158203,41.158630371094,8.0
-1615.1672363281,603.10949707031,41.247627258301,8.0
-1611.6750488281,608.33074951172,41.502613067627,8.0
-1608.0230712891,613.49694824219,41.689437866211,8.0
-1604.3768310547,618.42523193359,41.759517669678,8.0
-1600.4110107422,623.86389160156,41.960056304932,8.0
-1596.1641845703,629.06634521484,42.187824249268,8.0
-1591.8979492188,633.56262207031,42.393268585205,8.0
-1586.7839355469,638.73345947266,42.633769989014,8.0
-1582.2004394531,643.35583496094,42.848724365234,8.0
-1577.8696289063,647.76666259766,43.052425384521,8.0
-1573.4761962891,652.25671386719,43.259567260742,8.0
-1569.0860595703,656.98687744141,43.457057952881,8.0
-1564.6197509766,661.98663330078,43.650764465332,8.0
-1560.1097412109,667.04821777344,43.848773956299,8.0
-1556.0905761719,671.54016113281,44.025123596191,8.0
-1552.5755615234,675.46264648438,44.179420471191,8.0
-1547.7923583984,680.74438476563,44.388042449951,8.0
-1543.2076416016,685.74536132813,44.58667755127,8.0
-1538.7595214844,690.59155273438,44.779270172119,8.0
-1534.2502441406,695.50598144531,44.953151702881,8.0
-1529.6038818359,700.57122802734,45.080509185791,8.0
-1524.7684326172,705.82598876953,45.215682983398,8.0
-1520.0789794922,710.91137695313,45.347812652588,8.0
-1515.4251708984,715.95745849609,45.478797912598,8.0
-1510.4869384766,721.31262207031,45.618000030518,8.0
-1505.7314453125,726.46490478516,45.752017974854,8.0
-1500.7763671875,731.58245849609,45.878231048584,8.0
-1496.0310058594,736.40264892578,45.978404998779,8.0
-1491.3713378906,741.12939453125,46.078472137451,8.0
-1486.5062255859,746.07287597656,46.18335723877,8.0
-1481.6208496094,751.04217529297,46.288772583008,8.0
-1476.7996826172,756.05908203125,46.394020080566,8.0
-1472.1577148438,760.91876220703,46.495677947998,8.0
-1467.5078125,765.79016113281,46.583606719971,8.0
-1462.4864501953,770.97991943359,46.664417266846,8.0
-1457.7436523438,775.83282470703,46.741973876953,8.0
-1452.9206542969,780.76336669922,46.821071624756,8.0
-1447.9940185547,785.80340576172,46.901920318604,8.0
-1443.0249023438,790.88879394531,46.98348236084,8.0
-1438.1140136719,795.91381835938,47.064067840576,8.0
-1433.0706787109,801.0751953125,47.123470306396,8.0
-1428.0750732422,806.18713378906,47.178028106689,8.0
-1424.4864501953,809.92346191406,47.218780517578,8.0
-1419.6931152344,814.99230957031,47.274269104004,8.0
-1414.8146972656,820.16717529297,47.330982208252,8.0
-1410.0096435547,825.26141357422,47.386913299561,8.0
-1405.2416992188,830.31262207031,47.442394256592,8.0
-1400.3981933594,835.44403076172,47.422950744629,8.0
-1395.5810546875,840.54858398438,47.359813690186,8.0
-1390.8089599609,845.60485839844,47.303943634033,8.0
-1385.9117431641,850.79382324219,47.247653961182,8.0
-1380.9423828125,856.05938720703,47.190589904785,8.0
-1376.017578125,861.27807617188,47.134048461914,8.0
-1372.5173339844,864.98675537109,47.09387588501,8.0
-1367.8797607422,869.90026855469,47.026554107666,8.0
-1364.3880615234,873.59997558594,46.967205047607,8.0
-1360.9167480469,877.2783203125,46.909587860107,8.0
-1357.4227294922,880.98077392578,46.851902008057,8.0
-1353.9528808594,884.65771484375,46.794609069824,8.0
-1349.2395019531,889.65203857422,46.716812133789,8.0
-1344.4654541016,894.71063232422,46.638027191162,8.0
-1339.7253417969,899.73303222656,46.559787750244,8.0
-1335.0595703125,904.67712402344,46.466346740723,8.0
-1331.4780273438,908.47302246094,46.385486602783,8.0
-1326.7926025391,913.43774414063,46.282524108887,8.0
-1322.8854980469,917.57696533203,46.197418212891,8.0
-1319.3291015625,921.34515380859,46.120029449463,8.0
-1315.7307128906,925.15832519531,46.0417137146,8.0
-1312.1696777344,928.93182373047,45.964199066162,8.0
-1308.5236816406,932.79547119141,45.884834289551,8.0
-1305.0211181641,936.50677490234,45.808971405029,8.0
-1300.0550537109,941.76934814453,45.679870605469,8.0
-1295.1783447266,946.9365234375,45.542678833008,8.0
-1290.3474121094,952.05493164063,45.408435821533,8.0
-1286.7008056641,955.91876220703,45.307239532471,8.0
-1282.9901123047,959.85076904297,45.204277038574,8.0
-1277.783203125,965.36828613281,45.059799194336,8.0
-1274.3516845703,969.00445556641,44.964588165283,8.0
-1269.1970214844,974.46691894531,44.796184539795,8.0
-1265.599609375,978.27960205078,44.63591003418,8.0
-1262.1668701172,981.91705322266,44.484355926514,8.0
-1258.4370117188,985.86889648438,44.322132110596,8.0
-1254.7076416016,989.8203125,44.160469055176,8.0
-1249.7591552734,995.06372070313,43.946025848389,8.0
-1244.7218017578,1000.4016723633,43.727733612061,8.0
-1241.1583251953,1004.1777954102,43.57332611084,8.0
-1237.2886962891,1008.2781982422,43.405658721924,8.0
-1233.7829589844,1011.9929199219,43.245132446289,8.0
-1229.6190185547,1016.4056396484,43.040832519531,8.0
-1224.5294189453,1021.7986450195,42.793769836426,8.0
-1220.9075927734,1025.6361083984,42.618282318115,8.0
-1217.4227294922,1029.3283691406,42.449459075928,8.0
-1213.9837646484,1032.97265625,42.282817840576,8.0
-1210.5411376953,1036.6209716797,42.115978240967,8.0
-1207.0618896484,1040.3078613281,41.947380065918,8.0
-1203.3955078125,1044.1784667969,41.77006149292,8.0
-1199.6964111328,1047.9957275391,41.59321975708,8.0
-1195.9938964844,1051.7900390625,41.414016723633,8.0
-1192.2464599609,1055.6237792969,41.218421936035,8.0
-1188.6418457031,1059.3112792969,41.02562713623,8.0
-1185.0516357422,1062.9855957031,40.835182189941,8.0
-1181.2316894531,1066.9357910156,40.632171630859,8.0
-1177.6785888672,1070.6774902344,40.441535949707,8.0
-1174.0439453125,1074.5219726563,40.246047973633,8.0
-1170.3569335938,1078.4267578125,40.04708480835,8.0
-1166.4641113281,1082.4117431641,39.840343475342,8.0
-1161.4027099609,1087.3293457031,39.576541900635,8.0
-1156.4929199219,1092.0496826172,39.284267425537,8.0
-1152.6109619141,1095.6489257813,39.050926208496,8.0
-1146.9429931641,1100.1107177734,38.73766708374,8.0
-1141.03125,1104.5180664063,38.419681549072,8.0
-1135.1807861328,1108.8861083984,38.1552734375,8.0
-1131.0230712891,1112.0939941406,38.07719039917,8.0
-1126.9719238281,1115.3464355469,37.979900360107,8.0
-1122.7482910156,1118.6926269531,37.894123077393,8.0
-1116.9865722656,1123.0450439453,37.643665313721,8.0
-1111.2515869141,1127.3778076172,37.425750732422,8.0
-1105.5441894531,1131.9412841797,37.254169464111,8.0
-1100.0336914063,1136.404296875,37.311107635498,8.0
-1096.1038818359,1139.5046386719,37.442699432373,8.0
-1090.2320556641,1144.0686035156,37.602573394775,8.0
-1084.6160888672,1148.8708496094,37.850894927979,8.0
-1080.6591796875,1152.3828125,38.082576751709,8.0
-1075.52734375,1156.9979248047,38.340141296387,8.0
-1070.2034912109,1161.7763671875,38.424625396729,8.0
-1064.8361816406,1166.5649414063,38.556938171387,8.0
-1059.8602294922,1170.7701416016,38.795547485352,8.0
-1055.2109375,1174.6051025391,38.916233062744,8.0
-1050.041015625,1178.3878173828,38.812244415283,8.0
-1044.7114257813,1181.232421875,38.346607208252,8.0
-1039.3092041016,1182.7493896484,37.805473327637,8.0
-1034.0085449219,1182.8604736328,37.209064483643,8.0
-1028.7032470703,1181.4927978516,36.616638183594,8.0
-1023.3400878906,1179.4592285156,35.988487243652,8.0
-1017.780456543,1176.9969482422,35.268241882324,8.0
-1012.5498046875,1173.5216064453,34.489906311035,8.0
-1007.4818725586,1168.9560546875,33.566295623779,8.0
-1002.5470581055,1164.2025146484,32.673957824707,8.0
-997.92449951172,1159.10546875,32.027496337891,8.0
-994.62182617188,1155.1695556641,31.706708908081,8.0
-991.34808349609,1151.2299804688,31.425096511841,8.0
-988.06707763672,1147.0283203125,31.219612121582,8.0
-984.94683837891,1142.1762695313,30.999290466309,8.0
-982.23126220703,1137.6265869141,30.789310455322,8.0
-979.35876464844,1132.7592773438,30.568977355957,8.0
-976.63165283203,1128.1561279297,30.359972000122,8.0
-973.86956787109,1123.5302734375,30.063646316528,8.0
-970.95123291016,1118.6638183594,29.701402664185,8.0
-968.03656005859,1113.6134033203,29.344635009766,8.0
-965.66082763672,1109.2185058594,29.04368019104,8.0
-962.34051513672,1102.8814697266,28.449512481689,8.0
-959.59716796875,1097.5891113281,27.855991363525,8.0
-956.78881835938,1092.2119140625,27.272968292236,8.0
-954.00598144531,1086.9429931641,26.682851791382,8.0
-951.23754882813,1081.7730712891,26.169773101807,8.0
-947.91314697266,1075.8521728516,25.72721862793,8.0
-944.42517089844,1069.8809814453,25.273254394531,8.0
-941.73077392578,1065.2591552734,24.929330825806,8.0
-938.23693847656,1059.3095703125,24.432350158691,8.0
-935.08850097656,1053.9866943359,23.982284545898,8.0
-931.70373535156,1048.7902832031,23.522521972656,8.0
-927.73010253906,1043.7454833984,23.007125854492,8.0
-923.13446044922,1038.3280029297,22.43981552124,8.0
-919.30651855469,1034.7991943359,22.172693252563,8.0
-915.25787353516,1031.8316650391,21.888010025024,8.0
-909.03521728516,1028.0955810547,21.300657272339,8.0
-903.765625,1025.5452880859,20.716524124146,8.0
-898.63006591797,1022.9671020508,20.656782150269,8.0
-893.96099853516,1020.4700927734,20.95397567749,8.0
-889.35809326172,1018.0198974609,21.192106246948,8.0
-884.62316894531,1015.8619384766,21.518096923828,8.0
-878.54986572266,1013.7058105469,22.121942520142,8.0
-872.61798095703,1011.7699584961,22.664951324463,8.0
-866.99938964844,1010.4749145508,23.464776992798,8.0
-862.10113525391,1009.5355224609,24.283460617065,8.0
-856.41040039063,1008.520324707,25.068162918091,8.0
-850.54473876953,1007.5025024414,24.741376876831,8.0
-844.46697998047,1006.8464355469,24.551322937012,8.0
-839.44763183594,1006.2610473633,24.517833709717,8.0
-833.27856445313,1005.6758422852,24.222152709961,8.0
-827.01025390625,1005.5665283203,23.619482040405,8.0
-821.92437744141,1005.32421875,22.703214645386,8.0
-816.4462890625,1004.2730102539,21.881788253784,8.0
-810.84234619141,1002.8695068359,21.195018768311,8.0
-804.75726318359,1001.5046386719,20.433010101318,8.0
-799.345703125,1000.7901611328,19.743593215942,8.0
-793.78649902344,1000.1245117188,19.136707305908,8.0
-787.66973876953,999.35473632813,18.529438018799,8.0
-780.73480224609,997.82501220703,17.955791473389,8.0
-774.80969238281,996.24395751953,17.595371246338,8.0
-769.30200195313,994.77239990234,17.195817947388,8.0
-764.43084716797,993.49847412109,16.651357650757,8.0
-759.35064697266,992.8251953125,16.0817527771,8.0
-753.25628662109,992.79754638672,15.298978805542,8.0
-747.00311279297,993.71600341797,14.18638420105,8.0
-742.08245849609,994.99737548828,13.636885643005,8.0
-737.08197021484,997.08013916016,13.468111991882,8.0
-732.55548095703,999.81805419922,13.277269363403,8.0
-728.27319335938,1002.8473510742,12.521643638611,8.0
-724.20886230469,1006.2791748047,12.168306350708,8.0
-719.75970458984,1010.594909668,12.109153747559,8.0
-716.00128173828,1014.2340087891,12.124996185303,8.0
-711.671875,1018.3663330078,12.198991775513,8.0
-706.89727783203,1022.248840332,12.352980613708,8.0
-702.13128662109,1025.8654785156,12.437364578247,8.0
-697.14788818359,1029.5145263672,12.457898139954,8.0
-691.33209228516,1033.0843505859,12.458183288574,8.0
-685.72204589844,1036.2889404297,12.446267127991,8.0
-679.84411621094,1039.6608886719,12.424782752991,8.0
-675.42694091797,1042.2329101563,12.389429092407,8.0
-670.84448242188,1044.8790283203,12.320604324341,8.0
-666.17529296875,1047.5418701172,12.241559028625,8.0
-659.96832275391,1051.0689697266,12.147319793701,8.0
-653.3544921875,1054.8074951172,12.119743347168,8.0
-648.95251464844,1057.3122558594,12.124220848083,8.0
-642.626953125,1060.98046875,12.12308883667,8.0
-638.30725097656,1063.9460449219,12.130389213562,8.0
-632.77362060547,1068.2036132813,12.125623703003,8.0
-626.86724853516,1072.8817138672,12.074004173279,8.0
-621.40179443359,1077.2493896484,11.891491889954,8.0
-617.25354003906,1080.5710449219,11.631339073181,8.0
-612.994140625,1083.7956542969,11.473861694336,8.0
-608.76190185547,1086.6356201172,11.422522544861,8.0
-604.52648925781,1089.3869628906,11.442229270935,8.0
-598.77838134766,1093.138671875,11.49000453949,8.0
-592.52008056641,1096.7746582031,11.341542243958,8.0
-586.33367919922,1098.9577636719,11.175941467285,8.0
-579.72521972656,1100.0111083984,11.207607269287,8.0
-572.87420654297,1100.6904296875,11.444952011108,8.0
-565.74652099609,1101.0334472656,11.129554748535,8.0
-559.22583007813,1100.2253417969,10.993907928467,8.0
-553.08660888672,1098.3186035156,11.011770248413,8.0
-546.46533203125,1096.0595703125,11.024955749512,8.0
-541.75354003906,1094.3680419922,11.025329589844,8.0
-535.55767822266,1091.2456054688,11.022483825684,8.0
-529.7001953125,1087.6365966797,11.02250289917,8.0
-523.87976074219,1083.9572753906,11.023485183716,8.0
-518.05432128906,1080.3098144531,11.023418426514,8.0
-511.94915771484,1076.5101318359,11.023385047913,8.0
-507.4367980957,1073.7175292969,11.023365020752,8.0
-501.20440673828,1069.9073486328,11.023349761963,8.0
-496.76321411133,1067.1973876953,11.023365020752,8.0
-492.37356567383,1064.5209960938,11.023383140564,8.0
-487.80880737305,1061.7386474609,11.022627830505,8.0
-481.63021850586,1057.9718017578,11.021404266357,8.0
-476.89529418945,1055.0842285156,11.021190643311,8.0
-472.28253173828,1052.2711181641,11.021203994751,8.0
-467.68319702148,1049.4663085938,11.0212059021,8.0
-463.21032714844,1046.7388916016,11.021215438843,8.0
-457.63928222656,1043.3420410156,11.021223068237,8.0
-451.73944091797,1039.7442626953,11.021224021912,8.0
-445.96234130859,1036.2210693359,11.02125453949,8.0
-440.75,1033.0428466797,11.022092819214,8.0
-435.91213989258,1030.0927734375,11.021346092224,8.0
-430.97161865234,1027.0797119141,11.02237033844,8.0
-425.6875,1023.8947143555,11.023221969604,8.0
-420.59112548828,1021.2166137695,11.021759986877,8.0
-415.08453369141,1018.563659668,11.021306037903,8.0
-409.80667114258,1017.1807861328,11.019799232483,8.0
-404.65121459961,1017.2962036133,10.988862991333,8.0
-399.66839599609,1018.6585083008,11.082141876221,8.0
-394.82192993164,1020.4111938477,11.599555015564,8.0
-389.79040527344,1022.3363037109,12.55486869812,8.0
-385.20443725586,1024.4283447266,13.338514328003,8.0
-380.32830810547,1027.5661621094,14.548141479492,8.0
-376.06420898438,1031.8905029297,16.129629135132,8.0
-373.11068725586,1036.4256591797,17.390012741089,8.0
-370.30587768555,1041.345703125,18.353693008423,8.0
-368.53594970703,1047.021484375,19.124767303467,8.0
-366.97955322266,1052.2059326172,19.427810668945,8.0
-366.19076538086,1058.0053710938,19.327880859375,8.0
-365.81549072266,1063.0063476563,19.259004592896,8.0
-365.89633178711,1069.0045166016,19.264776229858,8.0
-365.98706054688,1074.0334472656,19.41303062439,8.0
-365.88061523438,1079.0673828125,19.577228546143,8.0
-365.59774780273,1084.4918212891,19.741991043091,8.0
-365.32543945313,1089.8942871094,19.732580184937,8.0
-364.84234619141,1095.7490234375,19.731153488159,8.0
-362.72610473633,1100.3273925781,19.727676391602,8.0
-358.99780273438,1103.8817138672,19.732105255127,8.0
-353.73767089844,1105.53515625,19.688068389893,8.0
-348.70254516602,1103.2227783203,19.592363357544,8.0
-346.35693359375,1098.595703125,19.61975479126,8.0
-347.57769775391,1093.4216308594,19.721820831299,8.0
-350.59973144531,1088.7451171875,19.73313331604,8.0
-352.74084472656,1083.99609375,19.73394203186,8.0
-354.47784423828,1079.1871337891,19.735610961914,8.0
-356.4792175293,1073.7666015625,19.735162734985,8.0
-358.38186645508,1067.9086914063,19.714815139771,8.0
-359.65447998047,1061.970703125,19.743404388428,8.0
-360.96362304688,1055.7076416016,19.780702590942,8.0
-362.62271118164,1050.1209716797,19.761377334595,8.0
-365.17456054688,1045.1993408203,19.60382270813,8.0
-367.62188720703,1040.6224365234,18.87424659729,8.0
-370.33773803711,1035.9102783203,17.899398803711,8.0
-373.92248535156,1031.7807617188,16.561220169067,8.0
-377.84329223633,1027.7194824219,15.095369338989,8.0
-381.41983032227,1023.4735717773,13.685485839844,8.0
-384.55572509766,1019.2180175781,12.510171890259,8.0
-388.59164428711,1014.975402832,11.331323623657,8.0
-393.29913330078,1012.4421386719,10.79208278656,8.0
-398.42828369141,1012.1399536133,10.820672035217,8.0
-404.54364013672,1012.4613647461,10.950594902039,8.0
-410.02709960938,1013.514465332,11.018469810486,8.0
-415.3044128418,1015.9430541992,11.023009300232,8.0
-420.71411132813,1018.6703491211,11.023954391479,8.0
-425.23162841797,1021.0634155273,11.024173736572,8.0
-429.64166259766,1023.9005737305,11.023718833923,8.0
-434.29092407227,1026.9656982422,11.023795127869,8.0
-438.77301025391,1029.9165039063,11.023600578308,8.0
-443.6344909668,1032.8039550781,11.023347854614,8.0
-448.92166137695,1035.8264160156,11.023392677307,8.0
-453.96633911133,1038.7093505859,11.02410697937,8.0
-459.17297363281,1041.6983642578,11.024634361267,8.0
-464.5735168457,1044.8020019531,11.023990631104,8.0
-470.07681274414,1047.9604492188,11.02367401123,8.0
-475.95666503906,1051.3326416016,11.023653030396,8.0
-481.86267089844,1054.720703125,11.023624420166,8.0
-487.86785888672,1058.1663818359,11.023642539978,8.0
-493.75787353516,1061.5463867188,11.023601531982,8.0
-499.87847900391,1065.0582275391,11.023418426514,8.0
-506.14001464844,1068.6508789063,11.023377418518,8.0
-512.61151123047,1072.3637695313,11.023366928101,8.0
-518.85424804688,1075.9458007813,11.023370742798,8.0
-524.96252441406,1079.4501953125,11.0221824646,8.0
-531.21496582031,1083.0378417969,11.021237373352,8.0
-535.88934326172,1085.7197265625,11.02116394043,8.0
-542.0732421875,1089.2678222656,11.021185874939,8.0
-548.02252197266,1092.6793212891,11.020749092102,8.0
-553.93005371094,1095.6176757813,11.014395713806,8.0
-560.19702148438,1097.2027587891,11.005410194397,8.0
-565.86157226563,1097.0865478516,11.212957382202,8.0
-571.2392578125,1095.7282714844,11.633425712585,8.0
-576.14782714844,1093.9547119141,11.378541946411,8.0
-580.76037597656,1091.2662353516,11.384553909302,8.0
-585.28601074219,1087.7353515625,11.601000785828,8.0
-590.19543457031,1084.5795898438,11.792460441589,8.0
-595.03692626953,1081.9522705078,11.706003189087,8.0
-599.86492919922,1079.2509765625,11.55162525177,8.0
-605.27551269531,1076.2049560547,11.432660102844,8.0
-610.52990722656,1073.5426025391,11.390086174011,8.0
-615.72033691406,1070.9489746094,11.59118270874,8.0
-621.47534179688,1068.2409667969,11.855172157288,8.0
-627.28588867188,1066.2067871094,12.019662857056,8.0
-633.87487792969,1064.0635986328,12.106287002563,8.0
-640.62609863281,1061.8342285156,12.126709938049,8.0
-646.96667480469,1059.7073974609,12.126037597656,8.0
-651.91571044922,1058.0518798828,12.125507354736,8.0
-658.77606201172,1055.7729492188,12.125198364258,8.0
-665.73156738281,1053.4654541016,12.125127792358,8.0
-670.79119873047,1051.7833251953,12.124955177307,8.0
-675.74456787109,1050.1297607422,12.124663352966,8.0
-681.00201416016,1048.2335205078,12.123445510864,8.0
-687.46936035156,1045.8405761719,12.122825622559,8.0
-693.56811523438,1043.2945556641,12.122710227966,8.0
-699.24176025391,1039.7352294922,12.121353149414,8.0
-704.39794921875,1035.7292480469,12.122647285461,8.0
-708.55279541016,1030.9923095703,12.121551513672,8.0
-711.07080078125,1025.9184570313,12.122175216675,8.0
-712.61224365234,1020.3034057617,12.141175270081,8.0
-713.859375,1015.2387695313,12.156185150146,8.0
-715.8740234375,1009.7936401367,12.131259918213,8.0
-719.70245361328,1004.9239501953,12.116323471069,8.0
-724.314453125,1002.6297607422,12.197130203247,8.0
-729.76177978516,1002.0368652344,12.653440475464,8.0
-734.92907714844,1001.7590942383,13.791621208191,8.0
-740.38116455078,1001.4749755859,14.256416320801,8.0
-745.6005859375,1001.2982177734,14.974884033203,8.0
-750.59423828125,1001.4712524414,15.742339134216,8.0
-756.16253662109,1002.225769043,16.338319778442,8.0
-761.51397705078,1002.9418334961,16.841236114502,8.0
-767.77795410156,1003.3881225586,17.359798431396,8.0
-774.16864013672,1003.8387451172,17.698835372925,8.0
-779.32434082031,1004.2318725586,17.976615905762,8.0
-784.583984375,1004.5821533203,18.333349227905,8.0
-790.32952880859,1004.3682861328,18.840784072876,8.0
-795.86700439453,1004.0440063477,19.383991241455,8.0
-801.74780273438,1003.7139892578,20.038675308228,8.0
-807.48468017578,1003.3998413086,20.787612915039,8.0
-813.20550537109,1003.0812988281,21.489065170288,8.0
-819.01141357422,1002.7556762695,22.260572433472,8.0
-824.67010498047,1002.4385986328,23.16548538208,8.0
-829.85791015625,1002.2992553711,24.010780334473,8.0
-835.41516113281,1002.6480712891,24.419437408447,8.0
-840.58410644531,1003.1326904297,24.497001647949,8.0
-846.93792724609,1003.8388061523,24.593334197998,8.0
-851.99285888672,1005.1470336914,24.700033187866,8.0
-858.04998779297,1007.0646362305,24.947885513306,8.0
-864.06799316406,1008.9044189453,24.008779525757,8.0
-868.96105957031,1010.125793457,23.091457366943,8.0
-874.15283203125,1011.4622802734,22.441423416138,8.0
-879.15490722656,1013.1121826172,22.031455993652,8.0
-884.74322509766,1015.6736450195,21.530082702637,8.0
-890.56915283203,1018.5142822266,21.105712890625,8.0
-895.70098876953,1021.4841918945,20.875534057617,8.0
-900.99719238281,1025.3547363281,20.670402526855,8.0
-906.10284423828,1029.3693847656,20.880325317383,8.0
-911.4462890625,1033.5050048828,21.539670944214,8.0
-916.49951171875,1037.4360351563,22.140201568604,8.0
-921.2783203125,1042.0391845703,22.796724319458,8.0
-925.33264160156,1046.4603271484,23.024816513062,8.0
-929.53094482422,1051.3782958984,23.452457427979,8.0
-933.36279296875,1056.3614501953,23.955369949341,8.0
-937.32348632813,1061.5855712891,24.4631690979,8.0
-940.36505126953,1065.5908203125,24.852203369141,8.0
-944.26000976563,1070.8435058594,25.308223724365,8.0
-947.05249023438,1075.1030273438,25.640989303589,8.0
-950.88684082031,1081.1372070313,26.14705657959,8.0
-954.28979492188,1086.4400634766,26.656887054443,8.0
-957.96990966797,1092.671875,27.377300262451,8.0
-960.82434082031,1098.2336425781,27.974206924438,8.0
-964.08984375,1104.7770996094,28.669141769409,8.0
-967.27258300781,1110.9924316406,29.223152160645,8.0
-969.88354492188,1115.451171875,29.519437789917,8.0
-972.52642822266,1119.8204345703,29.828336715698,8.0
-975.21124267578,1124.2436523438,30.146152496338,8.0
-977.95788574219,1128.7912597656,30.431354522705,8.0
-980.607421875,1133.1907958984,30.623151779175,8.0
-983.33184814453,1137.7204589844,30.821292877197,8.0
-987.18188476563,1144.1274414063,31.114074707031,8.0
-990.98999023438,1150.4388427734,31.404779434204,8.0
-993.93505859375,1154.6949462891,31.655138015747,8.0
-997.09631347656,1158.7927246094,31.997402191162,8.0
-1001.7358398438,1164.1673583984,32.607345581055,8.0
-1005.8895874023,1167.6290283203,33.24490737915,8.0
-1011.643371582,1171.5012207031,34.241767883301,8.0
-1017.5346069336,1174.4837646484,35.120872497559,8.0
-1024.3013916016,1176.4309082031,35.985248565674,8.0
-1031.2451171875,1177.5361328125,36.821674346924,8.0
-1037.7327880859,1177.7197265625,37.636684417725,8.0
-1044.3941650391,1176.7314453125,38.418106079102,8.0
-1050.5806884766,1175.341796875,38.867301940918,8.0
-1057.0950927734,1173.1810302734,38.932010650635,8.0
-1063.6674804688,1170.1271972656,38.692443847656,8.0
-1069.5863037109,1166.8884277344,38.525405883789,8.0
-1074.9893798828,1162.4320068359,38.480796813965,8.0
-1079.4382324219,1156.9619140625,38.370986938477,8.0
-1082.3988037109,1152.9044189453,38.13680267334,8.0
-1085.6160888672,1148.7772216797,37.84037399292,8.0
-1090.3995361328,1143.6120605469,37.572235107422,8.0
-1094.0646972656,1139.8237304688,37.455905914307,8.0
-1099.0939941406,1134.5720214844,37.317268371582,8.0
-1102.5598144531,1130.9353027344,37.238189697266,8.0
-1107.4952392578,1125.7502441406,37.356708526611,8.0
-1112.5756835938,1120.4204101563,37.504905700684,8.0
-1116.2590332031,1116.4622802734,37.609188079834,8.0
-1119.5921630859,1112.6143798828,37.746356964111,8.0
-1124.3073730469,1107.0559082031,37.962337493896,8.0
-1127.5639648438,1103.2073974609,38.109642028809,8.0
-1130.8902587891,1099.2856445313,38.279712677002,8.0
-1134.5734863281,1095.2091064453,38.515892028809,8.0
-1138.1182861328,1091.4631347656,38.746078491211,8.0
-1143.0822753906,1086.2701416016,39.061584472656,8.0
-1148.0363769531,1081.0784912109,39.376094818115,8.0
-1152.9180908203,1075.9467773438,39.67366027832,8.0
-1156.3806152344,1072.3061523438,39.858730316162,8.0
-1161.1862792969,1067.2585449219,40.114486694336,8.0
-1166.0592041016,1062.1442871094,40.374694824219,8.0
-1170.7991943359,1057.1685791016,40.628578186035,8.0
-1174.5736083984,1053.2587890625,40.829448699951,8.0
-1179.5119628906,1048.2515869141,41.088966369629,8.0
-1184.3562011719,1043.3603515625,41.343357086182,8.0
-1189.1958007813,1038.4722900391,41.585582733154,8.0
-1194.0944824219,1033.5187988281,41.81538772583,8.0
-1199.0478515625,1028.509765625,42.049911499023,8.0
-1203.9204101563,1023.5850830078,42.279430389404,8.0
-1208.5827636719,1018.8754272461,42.499134063721,8.0
-1213.29296875,1014.1157226563,42.721904754639,8.0
-1217.9263916016,1009.4323120117,42.940971374512,8.0
-1222.6829833984,1004.6244506836,43.165866851807,8.0
-1227.5650634766,999.69067382813,43.393184661865,8.0
-1231.1824951172,996.03509521484,43.547008514404,8.0
-1234.7637939453,992.41558837891,43.69807434082,8.0
-1239.8709716797,987.2529296875,43.913555145264,8.0
-1244.6477050781,982.42340087891,44.116027832031,8.0
-1248.6470947266,978.38116455078,44.285274505615,8.0
-1252.2620849609,974.72906494141,44.435749053955,8.0
-1257.3352050781,969.44439697266,44.65393447876,8.0
-1261.7919921875,964.43414306641,44.85131072998,8.0
-1265.6929931641,959.97637939453,44.984722137451,8.0
-1270.4915771484,954.57623291016,45.113201141357,8.0
-1274.119140625,950.63031005859,45.216339111328,8.0
-1277.9447021484,946.50463867188,45.323936462402,8.0
-1281.3698730469,942.8076171875,45.41911315918,8.0
-1285.0881347656,938.78259277344,45.523258209229,8.0
-1290.0595703125,933.47192382813,45.661582946777,8.0
-1293.8267822266,929.47100830078,45.766460418701,8.0
-1297.3782958984,925.70471191406,45.849403381348,8.0
-1302.3743896484,920.40423583984,45.957000732422,8.0
-1307.2897949219,915.18286132813,46.062580108643,8.0
-1312.0344238281,910.14300537109,46.164966583252,8.0
-1316.6644287109,905.22973632813,46.266597747803,8.0
-1321.1860351563,900.43041992188,46.366016387939,8.0
-1326.0194091797,895.29791259766,46.471481323242,8.0
-1330.9603271484,890.05126953125,46.574131011963,8.0
-1335.8696289063,884.8388671875,46.652576446533,8.0
-1340.4077148438,880.02087402344,46.727169036865,8.0
-1345.2995605469,874.82702636719,46.808223724365,8.0
-1350.3322753906,869.48260498047,46.89147567749,8.0
-1353.7791748047,865.82257080078,46.948436737061,8.0
-1357.2237548828,862.16522216797,47.005352020264,8.0
-1362.1971435547,856.88439941406,47.084213256836,8.0
-1367.2724609375,851.49536132813,47.144100189209,8.0
-1370.7915039063,847.75823974609,47.184242248535,8.0
-1374.2860107422,844.04699707031,47.224575042725,8.0
-1377.8189697266,840.29547119141,47.264266967773,8.0
-1381.3513183594,836.5458984375,47.304508209229,8.0
-1385.0052490234,832.66674804688,47.346485137939,8.0
-1388.9700927734,828.45654296875,47.392055511475,8.0
-1392.9826660156,824.1953125,47.438167572021,8.0
-1398.1950683594,818.66003417969,47.425777435303,8.0
-1402.35546875,814.24053955078,47.365547180176,8.0
-1406.4617919922,809.87890625,47.318935394287,8.0
-1410.5183105469,805.57269287109,47.269828796387,8.0
-1414.4304199219,801.42102050781,47.224452972412,8.0
-1418.4559326172,797.14685058594,47.177726745605,8.0
-1422.4567871094,792.89776611328,47.131320953369,8.0
-1426.4616699219,788.64459228516,47.086223602295,8.0
-1431.2454833984,783.56488037109,47.018367767334,8.0
-1436.4864501953,777.99987792969,46.928447723389,8.0
-1440.3289794922,773.91949462891,46.863864898682,8.0
-1443.994140625,770.02764892578,46.802333831787,8.0
-1448.0723876953,765.69708251953,46.734115600586,8.0
-1451.8361816406,761.70025634766,46.671157836914,8.0
-1455.9512939453,757.33062744141,46.60232925415,8.0
-1459.6137695313,753.44152832031,46.540462493896,8.0
-1463.3903808594,749.43121337891,46.463459014893,8.0
-1467.3591308594,745.21697998047,46.373527526855,8.0
-1471.8674316406,740.42974853516,46.27428817749,8.0
-1475.5993652344,736.46697998047,46.191898345947,8.0
-1479.4713134766,732.35546875,46.106266021729,8.0
-1483.4080810547,728.17541503906,46.019332885742,8.0
-1487.318359375,724.02307128906,45.933029174805,8.0
-1491.2686767578,719.82800292969,45.845844268799,8.0
-1495.2867431641,715.56091308594,45.740268707275,8.0
-1499.4440917969,711.14569091797,45.623260498047,8.0
-1503.5249023438,706.8115234375,45.509090423584,8.0
-1507.3614501953,702.73809814453,45.401519775391,8.0
-1511.4152832031,698.43408203125,45.288547515869,8.0
-1515.6343994141,693.95379638672,45.170906066895,8.0
-1519.86328125,689.46295166016,45.052978515625,8.0
-1523.5860595703,685.50946044922,44.949153900146,8.0
-1527.2838134766,681.58282470703,44.826244354248,8.0
-1531.1032714844,677.52691650391,44.659423828125,8.0
-1535.0130615234,673.37506103516,44.489685058594,8.0
-1538.7830810547,669.37170410156,44.327892303467,8.0
-1542.7238769531,665.1875,44.159446716309,8.0
-1546.4801025391,661.19891357422,43.998989105225,8.0
-1550.3840332031,657.05352783203,43.832221984863,8.0
-1554.3900146484,652.79949951172,43.661109924316,8.0
-1558.3389892578,648.60601806641,43.492431640625,8.0
-1562.2573242188,644.44525146484,43.324043273926,8.0
-1566.4482421875,639.99493408203,43.127994537354,8.0
-1570.4410400391,635.75482177734,42.934352874756,8.0
-1574.4024658203,631.54827880859,42.743183135986,8.0
-1578.2913818359,627.41906738281,42.556167602539,8.0
-1582.2980957031,623.16436767578,42.363544464111,8.0
-1586.2707519531,618.94580078125,42.172542572021,8.0
-1590.1433105469,614.83355712891,41.986080169678,8.0
-1593.791015625,610.95989990234,41.809509277344,8.0
-1597.4278564453,607.09790039063,41.633949279785,8.0
-1602.7629394531,601.43255615234,41.374866485596,8.0
-1606.6784667969,597.27435302734,41.169471740723,8.0
-1611.0124511719,592.67163085938,40.932815551758,8.0
-1615.3422851563,588.07409667969,40.706249237061,8.0
-1619.2197265625,583.95690917969,40.502960205078,8.0
-1623.2303466797,579.74774169922,40.285175323486,8.0
-1626.8071289063,576.14294433594,40.105846405029,8.0
-1631.0767822266,573.10675048828,39.923187255859,8.0
-1635.9930419922,570.90875244141,39.742389678955,8.0
-1641.1998291016,568.49853515625,39.65763092041,8.0
-1646.3250732422,565.90533447266,39.567058563232,8.0
-1651.8814697266,563.33294677734,39.380275726318,8.0
-1657.8917236328,560.61029052734,38.760322570801,8.0
-1662.2844238281,557.95715332031,38.573402404785,8.0
-1667.0880126953,554.84722900391,38.337341308594,8.0
-1671.435546875,551.47814941406,38.203449249268,8.0
-1675.8123779297,547.982421875,38.227619171143,8.0
-1680.3323974609,544.35150146484,38.235107421875,8.0
-1685.2823486328,540.38702392578,38.234764099121,8.0
-1690.0035400391,536.87274169922,38.234561920166,8.0
-1694.8498535156,533.32781982422,38.234661102295,8.0
-1700.09375,529.49243164063,38.239395141602,8.0
-1705.3751220703,525.61975097656,38.275512695313,8.0
-1710.3786621094,521.94891357422,38.312526702881,8.0
-1715.3236083984,518.24560546875,38.3479347229,8.0
-1719.9381103516,514.64727783203,38.385009765625,8.0
-1724.8203125,510.82232666016,38.431972503662,8.0
-1729.9453125,506.64437866211,38.481548309326,8.0
-1734.4300537109,502.53988647461,38.523178100586,8.0
-1739.0651855469,498.22805786133,38.530658721924,8.0
-1743.9063720703,493.73239135742,38.32727432251,8.0
-1748.9193115234,488.88613891602,38.062072753906,8.0
-1752.4693603516,485.32446289063,37.653675079346,8.0
-1757.5061035156,480.24349975586,36.96369934082,8.0
-1761.0153808594,476.70565795898,36.204830169678,8.0
-1764.7186279297,472.97735595703,35.228355407715,8.0
-1768.3636474609,469.31216430664,34.223358154297,8.0
-1772.1711425781,465.4889831543,33.002071380615,8.0
-1776.1120605469,461.53527832031,31.669384002686,8.0
-1780.1568603516,457.47857666016,29.907825469971,8.0
-1784.4283447266,453.17123413086,28.042171478271,8.0
-1788.6846923828,448.87561035156,26.323551177979,8.0
-1792.7071533203,444.81958007813,24.723049163818,8.0
-1796.5528564453,440.94589233398,23.167085647583,8.0
-1800.0754394531,437.38067626953,21.74222946167,8.0
-1804.8588867188,432.50280761719,20.288803100586,8.0
-1809.5402832031,427.71054077148,19.10964012146,8.0
-1813.0245361328,423.93106079102,18.353664398193,8.0
-1817.0841064453,419.19833374023,17.550548553467,8.0
-1821.2194824219,414.00314331055,17.317977905273,8.0
-1824.6087646484,409.12362670898,17.186508178711,8.0
-1826.6654052734,404.29913330078,17.084886550903,8.0
-1827.0822753906,397.70983886719,17.100679397583,8.0
-1826.5098876953,392.27944946289,17.083709716797,8.0
-1824.7264404297,387.20523071289,17.038269042969,8.0
-1822.1918945313,382.79165649414,17.011341094971,8.0
-1819.3232421875,378.16561889648,17.006814956665,8.0
-1816.0588378906,372.89306640625,17.00830078125,8.0
-1812.2581787109,368.26580810547,17.006732940674,8.0
-1808.1392822266,364.05819702148,17.006969451904,8.0
-1803.7387695313,359.65283203125,17.007883071899,8.0
-1799.4252929688,355.2799987793,17.007904052734,8.0
-1794.9956054688,350.77627563477,16.742593765259,8.0
-1790.6130371094,346.31378173828,15.912677764893,8.0
-1786.0634765625,341.68869018555,14.311339378357,8.0
-1781.2445068359,336.79379272461,11.868490219116,8.0
-1777.7813720703,333.27197265625,10.338317871094,8.0
-1774.3177490234,329.74673461914,9.1976222991943,8.0
-1770.2188720703,325.57305908203,8.1863584518433,8.0
-1765.4306640625,320.69915771484,7.3264346122742,8.0
-1760.9653320313,316.15618896484,6.9607992172241,8.0
-1756.5181884766,311.63229370117,7.021960735321,8.0
-1751.6640625,306.6943359375,7.0214776992798,8.0
-1747.2496337891,302.20370483398,7.0212025642395,8.0
-1742.8585205078,297.60006713867,7.0604605674744,8.0
-1740.0144042969,292.69985961914,7.1562333106995,8.0
-1739.2681884766,286.32275390625,7.1720385551453,8.0
-1740.0482177734,280.12567138672,7.1786875724792,8.0
-1741.1989746094,273.60180664063,7.1804704666138,8.0
-1743.2225341797,267.90277099609,7.1697845458984,8.0
-1745.4384765625,262.49752807617,7.0590648651123,8.0
-1747.8975830078,256.65411376953,6.9064345359802,8.0
-1750.22265625,251.09393310547,6.7660503387451,8.0
-1752.392578125,244.6385345459,6.6052823066711,8.0
-1754.2200927734,238.82510375977,6.4603128433228,8.0
-1755.9479980469,233.01780700684,6.3163909912109,8.0
-1757.6502685547,226.77565002441,6.1593236923218,8.0
-1758.9656982422,221.41290283203,5.5820617675781,8.0
-1759.6300048828,216.20181274414,4.6098480224609,8.0
-1759.8577880859,210.48258972168,3.6624767780304,8.0
-1758.7846679688,205.10433959961,3.5664706230164,8.0
-1757.5523681641,199.48608398438,3.5723698139191,8.0
-1756.37890625,194.08673095703,3.5552945137024,8.0
-1755.38671875,188.35885620117,3.569331407547,8.0
-1754.7265625,182.6319732666,3.5458147525787,8.0
-1754.1202392578,176.91679382324,3.5442407131195,8.0
-1753.8693847656,171.44662475586,3.5446269512177,8.0
-1753.7490234375,166.0845489502,3.544970035553,8.0
-1753.6403808594,160.82298278809,3.5471706390381,8.0
-1753.5222167969,155.41986083984,3.5477216243744,8.0
-1753.3953857422,149.76916503906,3.547266960144,8.0
-1753.2689208984,144.07873535156,3.5470521450043,8.0
-1753.1370849609,138.07849121094,3.5470378398895,8.0
-1752.9997558594,131.83769226074,3.5470592975616,8.0
-1752.8591308594,125.47347259521,3.5470712184906,8.0
-1752.7186279297,119.11680603027,3.547060251236,8.0
-1752.5755615234,112.62490081787,3.5470566749573,8.0
-1752.4210205078,105.62265014648,3.547073841095,8.0
-1752.2659912109,98.598472595215,3.5470860004425,8.0
-1752.1098632813,91.540138244629,3.5470752716064,8.0
-1752.0167236328,86.442840576172,3.5465657711029,8.0
-1751.9514160156,79.580276489258,3.5450069904327,8.0
-1751.9025878906,73.266632080078,3.5447022914886,8.0
-1751.8602294922,67.850288391113,3.5446922779083,8.0
-1751.6331787109,61.047325134277,3.5446546077728,8.0
-1751.2142333984,55.109691619873,3.5438067913055,8.0
-1750.740234375,48.7301902771,3.5399723052979,8.0
-1750.3562011719,43.329612731934,3.5403218269348,8.0
-1750.1110839844,37.753860473633,3.5476222038269,8.0
-1750.0634765625,32.412593841553,3.5482931137085,8.0
-1750.0078125,26.506156921387,3.5477714538574,8.0
-1750.1241455078,20.174478530884,3.54753947258,8.0
-1750.2573242188,15.03479385376,3.5477130413055,8.0
-1750.3970947266,9.5931787490845,3.5477879047394,8.0
-1750.5333251953,4.1021294593811,3.5469396114349,8.0
-1750.6661376953,-1.2832251787186,3.544970035553,8.0
-1750.8071289063,-6.9299144744873,3.5446844100952,8.0
-1750.9387207031,-12.183604240417,3.5446739196777,8.0
-1750.8392333984,-17.44556427002,3.5445232391357,8.0
-1750.150390625,-22.432704925537,3.5445625782013,8.0
-1748.0809326172,-27.610311508179,3.5424292087555,8.0
-1743.6677246094,-31.042907714844,3.5536108016968,8.0
-1737.728515625,-31.53261756897,3.551255941391,8.0
-1732.6639404297,-31.789608001709,3.5598962306976,8.0
-1727.0454101563,-31.277223587036,3.5502061843872,8.0
-1721.3616943359,-30.555080413818,3.5473566055298,8.0
-1715.5445556641,-28.705585479736,3.5456299781799,8.0
-1710.2944335938,-25.446306228638,3.5454089641571,8.0
-1705.7952880859,-22.166332244873,3.5472378730774,8.0
-1701.3668212891,-18.69704246521,3.5473296642303,8.0
-1696.9411621094,-15.23006439209,3.5471413135529,8.0
-1692.2269287109,-11.895140647888,3.5467691421509,8.0
-1686.9892578125,-8.3412284851074,3.5489859580994,8.0
-1681.712890625,-4.6389880180359,3.5561666488647,8.0
-1676.7750244141,-0.68742197751999,3.5470190048218,8.0
-1671.8406982422,3.3421220779419,3.5471787452698,8.0
-1666.7102050781,7.7957530021667,3.5473284721375,8.0
-1661.9033203125,12.322538375854,3.5467798709869,8.0
-1656.8529052734,17.121677398682,3.5469899177551,8.0
-1653.1956787109,20.591459274292,3.5469751358032,8.0
-1649.3562011719,24.22679901123,3.5470798015594,8.0
-1645.7241210938,27.663864135742,3.5471060276031,8.0
-1641.8514404297,31.330652236938,3.5469634532928,8.0
-1637.8876953125,35.08585357666,3.5468726158142,8.0
-1633.8685302734,38.894424438477,3.5468595027924,8.0
-1629.9592285156,42.598373413086,3.546861410141,8.0
-1625.92578125,46.419090270996,3.5468564033508,8.0
-1622.0568847656,50.083591461182,3.5468778610229,8.0
-1617.8682861328,54.051280975342,3.5468804836273,8.0
-1613.6342773438,58.06233215332,3.5468783378601,8.0
-1610.0018310547,61.555168151855,3.5468864440918,8.0
-1605.3098144531,66.267181396484,3.5468208789825,8.0
-1601.0303955078,70.620986938477,3.546746969223,8.0
-1596.6979980469,75.035766601563,3.5468575954437,8.0
-1592.6535644531,79.151809692383,3.5468034744263,8.0
-1588.2874755859,83.589233398438,3.5468697547913,8.0
-1584.1331787109,87.809677124023,3.546991109848,8.0
-1579.4161376953,92.603668212891,3.5470767021179,8.0
-1575.3128662109,96.776268005371,3.5453753471375,8.0
-1571.3623046875,100.79402923584,3.5448009967804,8.0
-1566.9526367188,105.27816772461,3.5447506904602,8.0
-1562.8028564453,109.4970703125,3.5447266101837,8.0
-1558.72265625,113.6448059082,3.5446968078613,8.0
-1554.9622802734,117.46785736084,3.5446796417236,8.0
