route,tuyen1.csv,-1583.3123,77.2693,3.5465,133.1469,0.00,VEHICLE,0,0,
-1583.3123,77.2693,3.5465,133.1469,0.00,VEHICLE,0,0,
-1584.8297,75.8471,3.5498,133.1467,0.00,VEHICLE,0,0,
-1586.3894,74.4322,3.5496,132.5274,0.00,VEHICLE,0,0,
-1588.1051,73.0758,3.5487,129.7593,0.00,VEHICLE,0,0,
-1589.9672,71.5530,3.5487,129.5146,0.00,VEHICLE,0,0,
-1591.9133,70.1274,3.5486,127.0015,0.00,VEHICLE,0,0,
-1593.8561,68.9673,3.5522,122.4871,0.00,VEHICLE,0,0,
-1595.9514,67.6922,3.5586,121.6313,0.00,VEHICLE,0,0,
-1598.1113,66.3774,3.5507,121.5208,0.00,VEHICLE,0,0,
-1600.2490,65.0883,3.5522,121.5384,0.00,VEHICLE,0,0,
-1602.3445,63.6207,3.5571,124.5614,0.00,VEHICLE,0,0,
-1604.4014,61.7345,3.5477,131.3242,0.00,VEHICLE,0,0,
-1606.2275,59.9999,3.5468,132.8319,0.00,VEHICLE,0,0,
-1608.3441,57.9804,3.5473,133.0187,0.00,VEHICLE,0,0,
-1610.4060,56.0391,3.5456,133.0387,0.00,VEHICLE,0,0,
-1612.1591,54.4649,3.5462,132.4612,0.00,VEHICLE,0,0,
-1613.8914,53.1569,3.5471,128.8584,0.00,VEHICLE,0,0,
-1615.9805,51.6208,3.5473,126.8098,0.00,VEHICLE,0,0,
-1617.8643,50.2437,3.5474,126.4911,0.00,VEHICLE,0,0,
-1620.0243,48.6613,3.5475,126.4277,0.00,VEHICLE,0,0,
-1622.1212,47.0194,3.5468,127.8333,0.00,VEHICLE,0,0,
-1623.9387,45.5127,3.5459,129.3385,0.00,VEHICLE,0,0,
-1625.5070,44.2047,3.5462,129.6418,0.00,VEHICLE,0,0,
-1627.5276,42.5139,3.5470,129.7229,0.00,VEHICLE,0,0,
-1629.2271,41.0927,3.5474,129.7345,0.00,VEHICLE,0,0,
-1630.9791,39.6305,3.5475,129.7378,0.00,VEHICLE,0,0,
-1632.5659,38.2988,3.5471,129.8661,0.00,VEHICLE,0,0,
-1634.1604,36.8828,3.5462,131.0793,0.00,VEHICLE,0,0,
-1636.1041,35.1412,3.5453,131.9007,0.00,VEHICLE,0,0,
-1637.9767,33.4516,3.5458,132.0456,0.00,VEHICLE,0,0,
-1639.5632,32.0166,3.5466,132.0690,0.00,VEHICLE,0,0,
-1641.3953,30.3582,3.5472,132.0742,0.00,VEHICLE,0,0,
-1643.2305,28.6975,3.5475,132.0749,0.00,VEHICLE,0,0,
-1645.0680,27.0432,3.5470,131.9924,0.00,VEHICLE,0,0,
-1647.6078,24.7738,3.5456,131.7814,0.00,VEHICLE,0,0,
-1649.3048,23.2606,3.5451,131.7531,0.00,VEHICLE,0,0,
-1651.0120,21.7390,3.5449,131.7467,0.00,VEHICLE,0,0,
-1652.8623,20.0897,3.5454,131.7458,0.00,VEHICLE,0,0,
-1654.7279,18.4696,3.5467,131.2553,0.00,VEHICLE,0,0,
-1657.2455,16.4728,3.5473,128.6031,0.00,VEHICLE,0,0,
-1659.2190,14.9331,3.5461,127.8470,0.00,VEHICLE,0,0,
-1661.4176,13.2406,3.5452,127.6920,0.00,VEHICLE,0,0,
-1663.3571,11.7509,3.5450,127.6753,0.00,VEHICLE,0,0,
-1665.4873,10.1051,3.5460,127.7553,0.00,VEHICLE,0,0,
-1667.3138,8.5281,3.5468,130.0001,0.00,VEHICLE,0,0,
-1669.0560,6.9372,3.5459,132.0903,0.00,VEHICLE,0,0,
-1670.7084,5.4010,3.5453,132.7004,0.00,VEHICLE,0,0,
-1672.3690,3.8461,3.5451,132.8433,0.00,VEHICLE,0,0,
-1674.0280,2.2927,3.5455,132.8701,0.00,VEHICLE,0,0,
-1676.1429,0.3185,3.5466,132.8782,0.00,VEHICLE,0,0,
-1677.7931,-1.1671,3.5472,132.3177,0.00,VEHICLE,0,0,
-1679.7565,-2.7136,3.5473,129.1525,0.00,VEHICLE,0,0,
-1682.0095,-4.3524,3.5467,126.2478,0.00,VEHICLE,0,0,
-1684.2466,-5.9290,3.5561,125.5187,0.00,VEHICLE,0,0,
-1686.3134,-7.3732,3.5554,125.3853,0.00,VEHICLE,0,0,
-1688.6287,-8.9800,3.5515,125.1501,0.00,VEHICLE,0,0,
-1690.9458,-10.4618,3.5477,123.0266,0.00,VEHICLE,0,0,
-1693.2106,-11.8837,3.5468,122.0803,0.00,VEHICLE,0,0,
-1695.4277,-13.2658,3.5459,121.8694,0.00,VEHICLE,0,0,
-1697.6027,-14.6165,3.5452,121.8232,0.00,VEHICLE,0,0,
-1699.5111,-15.7988,3.5448,121.8147,0.00,VEHICLE,0,0,
-1702.2069,-17.5271,3.5447,122.6922,0.00,VEHICLE,0,0,
-1704.2767,-18.8835,3.5447,123.2099,0.00,VEHICLE,0,0,
-1706.5433,-20.3756,3.5451,123.3295,0.00,VEHICLE,0,0,
-1708.2617,-21.5091,3.5461,123.3466,0.00,VEHICLE,0,0,
-1710.5995,-23.0517,3.5470,123.3509,0.00,VEHICLE,0,0,
-1712.7749,-24.4859,3.5468,123.3513,0.00,VEHICLE,0,0,
-1714.4843,-25.6120,3.5460,123.3513,0.00,VEHICLE,0,0,
-1716.6407,-27.0310,3.5453,123.3521,0.00,VEHICLE,0,0,
-1718.4493,-28.2245,3.5458,123.3955,0.00,VEHICLE,0,0,
-1720.5615,-29.6550,3.5468,123.9644,0.00,VEHICLE,0,0,
-1722.7208,-31.1177,3.5516,124.1605,0.00,VEHICLE,0,0,
-1724.8248,-32.5467,3.5541,124.2044,0.00,VEHICLE,0,0,
-1726.7472,-33.8554,3.5542,124.2128,0.00,VEHICLE,0,0,
-1729.0752,-35.5107,3.5589,125.1507,0.00,VEHICLE,0,0,
-1731.1349,-37.2241,3.5510,128.9973,0.00,VEHICLE,0,0,
-1732.9851,-38.8333,3.5473,130.7199,0.00,VEHICLE,0,0,
-1734.8099,-40.4418,3.5464,131.1504,0.00,VEHICLE,0,0,
-1736.6302,-42.0533,3.5458,131.2495,0.00,VEHICLE,0,0,
-1738.3505,-43.6128,3.5453,131.7444,0.00,VEHICLE,0,0,
-1739.9769,-45.2638,3.5451,134.3427,0.00,VEHICLE,0,0,
-1741.5072,-47.1504,3.5453,139.5345,0.00,VEHICLE,0,0,
-1742.6310,-48.8697,3.5450,144.7832,0.00,VEHICLE,0,0,
-1743.7562,-51.0839,3.5442,151.6030,0.00,VEHICLE,0,0,
-1744.6814,-53.7028,3.5434,159.7454,0.00,VEHICLE,0,0,
-1745.1710,-56.1870,3.5428,167.5288,0.00,VEHICLE,0,0,
-1745.2965,-58.7400,3.5424,175.8015,0.00,VEHICLE,0,0,
-1745.1063,-61.1477,3.5427,183.1659,0.00,VEHICLE,0,0,
-1744.7941,-63.7172,3.5442,186.8458,0.00,VEHICLE,0,0,
-1744.4392,-66.1450,3.5457,187.6555,0.00,VEHICLE,0,0,
-1744.1077,-68.3961,3.5462,187.7933,0.00,VEHICLE,0,0,
-1743.7417,-70.9449,3.5457,187.8293,0.00,VEHICLE,0,0,
-1743.4091,-73.3367,3.5452,187.8438,0.00,VEHICLE,0,0,
-1743.0658,-75.8598,3.5458,187.8541,0.00,VEHICLE,0,0,
-1742.7219,-78.5102,3.5464,187.6470,0.00,VEHICLE,0,0,
-1742.5125,-81.3161,3.5467,184.9211,0.00,VEHICLE,0,0,
-1742.5421,-84.1616,3.5463,180.0954,0.00,VEHICLE,0,0,
-1742.6802,-86.7451,3.5456,177.3304,0.00,VEHICLE,0,0,
-1742.8425,-89.2306,3.5452,176.5912,0.00,VEHICLE,0,0,
-1743.0140,-91.7175,3.5451,176.4220,0.00,VEHICLE,0,0,
-1743.2281,-94.5387,3.5453,176.0468,0.00,VEHICLE,0,0,
-1743.5642,-96.9680,3.5458,173.1715,0.00,VEHICLE,0,0,
-1744.0945,-99.3475,3.5460,168.5846,0.00,VEHICLE,0,0,
-1744.7598,-101.7805,3.5454,165.1876,0.00,VEHICLE,0,0,
-1745.5105,-104.3694,3.5451,164.1193,0.00,VEHICLE,0,0,
-1746.4255,-107.0071,3.5449,161.6586,0.00,VEHICLE,0,0,
-1747.8866,-110.0073,3.5441,154.5540,0.00,VEHICLE,0,0,
-1749.1827,-111.9206,3.5430,148.0148,0.00,VEHICLE,0,0,
-1750.7488,-113.6596,3.5418,140.1686,0.00,VEHICLE,0,0,
-1752.4897,-115.0952,3.5411,131.7902,0.00,VEHICLE,0,0,
-1754.4401,-116.2452,3.5420,122.9160,0.00,VEHICLE,0,0,
-1756.6545,-117.0901,3.5498,113.1691,0.00,VEHICLE,0,0,
-1759.4077,-117.5664,3.5591,101.2699,0.00,VEHICLE,0,0,
-1761.5856,-117.5002,3.5665,91.4089,0.00,VEHICLE,0,0,
-1764.2555,-116.8975,3.5770,78.9653,0.00,VEHICLE,0,0,
-1767.2881,-116.0254,3.5923,73.7902,0.00,VEHICLE,0,0,
-1769.7910,-115.3513,3.6047,75.1372,0.00,VEHICLE,0,0,
-1772.7213,-114.9323,3.6670,81.4377,0.00,VEHICLE,0,0,
-1775.2283,-114.9791,3.7744,89.3504,0.00,VEHICLE,0,0,
-1777.4052,-115.1580,4.0043,93.8964,0.00,VEHICLE,0,0,
-1779.6086,-115.3912,4.2760,95.1658,0.00,VEHICLE,0,0,
-1782.4972,-115.8654,4.7097,98.1601,0.00,VEHICLE,0,0,
-1784.6578,-116.4813,5.0178,103.6778,0.00,VEHICLE,0,0,
-1786.7334,-117.1810,5.2614,107.5428,0.00,VEHICLE,0,0,
-1789.5635,-118.2089,5.4740,109.8195,0.00,VEHICLE,0,0,
-1792.2928,-119.4061,5.5317,113.3882,0.00,VEHICLE,0,0,
-1795.0765,-120.9695,5.5027,119.2957,0.00,VEHICLE,0,0,
-1796.9694,-122.3575,5.4931,124.8826,0.00,VEHICLE,0,0,
-1798.6743,-123.9464,5.4898,131.2650,0.00,VEHICLE,0,0,
-1800.1504,-125.7193,5.5015,138.3021,0.00,VEHICLE,0,0,
-1801.4182,-127.7895,5.5631,146.7362,0.00,VEHICLE,0,0,
-1802.3258,-130.0451,5.6719,156.1291,0.00,VEHICLE,0,0,
-1802.8074,-132.2345,5.7932,165.1156,0.00,VEHICLE,0,0,
-1802.9215,-134.6300,5.9226,175.5133,0.00,VEHICLE,0,0,
-1802.8191,-136.9884,6.0479,183.5986,0.00,VEHICLE,0,0,
-1802.5074,-139.8495,6.2000,187.8732,0.00,VEHICLE,0,0,
-1802.1346,-142.2658,6.3273,188.3091,0.00,VEHICLE,0,0,
-1801.7628,-144.7061,6.4555,188.3543,0.00,VEHICLE,0,0,
-1801.3804,-147.2312,6.6834,188.4115,0.00,VEHICLE,0,0,
-1801.0165,-149.6771,6.9698,188.4627,0.00,VEHICLE,0,0,
-1800.6331,-152.2659,7.3386,188.4682,0.00,VEHICLE,0,0,
-1800.3351,-155.0842,7.7290,186.4390,0.00,VEHICLE,0,0,
-1800.2844,-157.3409,8.0359,182.5457,0.00,VEHICLE,0,0,
-1800.3008,-159.8713,8.3784,180.0295,0.00,VEHICLE,0,0,
-1800.3379,-162.4522,8.7277,179.4628,0.00,VEHICLE,0,0,
-1800.3821,-165.0512,9.0846,179.3527,0.00,VEHICLE,0,0,
-1800.4250,-167.7115,9.5186,179.3262,0.00,VEHICLE,0,0,
-1800.4585,-170.0728,9.9402,179.3173,0.00,VEHICLE,0,0,
-1800.4917,-172.7734,10.4571,179.3120,0.00,VEHICLE,0,0,
-1800.5289,-175.4543,10.9630,179.1889,0.00,VEHICLE,0,0,
-1800.6156,-178.0132,11.4423,178.2179,0.00,VEHICLE,0,0,
-1800.7078,-180.5666,11.9194,177.9041,0.00,VEHICLE,0,0,
-1800.8024,-183.0539,12.3839,177.8342,0.00,VEHICLE,0,0,
-1800.8983,-185.5022,12.8345,177.8202,0.00,VEHICLE,0,0,
-1801.0021,-188.1387,13.2859,177.8242,0.00,VEHICLE,0,0,
-1801.0780,-190.7783,13.7120,178.2635,0.00,VEHICLE,0,0,
-1801.0078,-193.2804,14.1064,180.9774,0.00,VEHICLE,0,0,
-1800.8882,-195.6765,14.4875,182.5836,0.00,VEHICLE,0,0,
-1800.7495,-198.1608,14.8846,183.0043,0.00,VEHICLE,0,0,
-1800.6105,-200.5590,15.2687,183.0940,0.00,VEHICLE,0,0,
-1800.4717,-202.9554,15.6525,183.1149,0.00,VEHICLE,0,0,
-1800.3505,-205.1416,15.9965,183.0722,0.00,VEHICLE,0,0,
-1800.3053,-207.1768,16.2600,181.9043,0.00,VEHICLE,0,0,
-1800.3306,-209.6225,16.5424,179.8734,0.00,VEHICLE,0,0,
-1800.3711,-211.9571,16.7689,179.2285,0.00,VEHICLE,0,0,
-1800.4230,-214.5165,17.0224,179.0687,0.00,VEHICLE,0,0,
-1800.4734,-216.9593,17.2695,179.0375,0.00,VEHICLE,0,0,
-1800.5198,-219.3333,17.5110,179.0304,0.00,VEHICLE,0,0,
-1800.5625,-221.6985,17.7520,179.0272,0.00,VEHICLE,0,0,
-1800.6019,-224.0410,17.9908,179.0243,0.00,VEHICLE,0,0,
-1800.6404,-226.4241,18.1871,179.0237,0.00,VEHICLE,0,0,
-1800.6818,-229.0245,18.2795,179.0278,0.00,VEHICLE,0,0,
-1800.7200,-231.4570,18.2678,179.0307,0.00,VEHICLE,0,0,
-1800.7587,-233.8481,18.2357,179.0308,0.00,VEHICLE,0,0,
-1800.7994,-236.2944,18.2234,179.0312,0.00,VEHICLE,0,0,
-1800.8434,-238.8806,18.2201,179.0319,0.00,VEHICLE,0,0,
-1800.8850,-241.3075,18.2193,179.0326,0.00,VEHICLE,0,0,
-1800.9281,-243.8273,18.2191,179.0330,0.00,VEHICLE,0,0,
-1800.9712,-246.3410,18.2817,179.0300,0.00,VEHICLE,0,0,
-1801.0146,-248.8559,18.4332,179.0247,0.00,VEHICLE,0,0,
-1801.0580,-251.3764,18.6851,179.0236,0.00,VEHICLE,0,0,
-1801.1047,-254.0960,18.9693,179.0237,0.00,VEHICLE,0,0,
-1801.1462,-256.5237,19.2127,179.0235,0.00,VEHICLE,0,0,
-1801.1919,-259.2089,19.4774,179.0230,0.00,VEHICLE,0,0,
-1801.2350,-261.7405,19.7259,179.0225,0.00,VEHICLE,0,0,
-1801.2781,-264.2646,19.9735,179.0221,0.00,VEHICLE,0,0,
-1801.3201,-266.6972,20.2784,179.0164,0.00,VEHICLE,0,0,
-1801.3689,-269.5064,20.7037,179.0078,0.00,VEHICLE,0,0,
-1801.4207,-272.4644,21.2387,179.0076,0.00,VEHICLE,0,0,
-1801.4697,-275.2690,21.7388,179.0076,0.00,VEHICLE,0,0,
-1801.5194,-278.1200,22.2390,179.0070,0.00,VEHICLE,0,0,
-1801.5695,-281.0000,22.7417,179.0060,0.00,VEHICLE,0,0,
-1801.6180,-283.8045,23.2307,179.0051,0.00,VEHICLE,0,0,
-1801.6658,-286.5590,23.6553,179.0074,0.00,VEHICLE,0,0,
-1801.6930,-288.6260,23.8844,179.1476,0.00,VEHICLE,0,0,
-1801.6710,-291.1183,24.0707,180.1640,0.00,VEHICLE,0,0,
-1801.5586,-293.9237,24.2429,182.0141,0.00,VEHICLE,0,0,
-1801.4347,-296.5773,24.4279,182.5466,0.00,VEHICLE,0,0,
-1801.3065,-299.1965,24.6190,182.6505,0.00,VEHICLE,0,0,
-1801.1952,-301.4683,24.7871,182.6678,0.00,VEHICLE,0,0,
-1801.0841,-303.7740,24.9591,182.6732,0.00,VEHICLE,0,0,
-1800.9750,-306.0895,25.1057,182.6759,0.00,VEHICLE,0,0,
-1800.8551,-308.7191,25.1099,182.6647,0.00,VEHICLE,0,0,
-1800.7947,-310.9615,25.0312,182.1091,0.00,VEHICLE,0,0,
-1800.8527,-313.5884,24.8483,179.7039,0.00,VEHICLE,0,0,
-1801.0415,-316.0013,24.7179,176.3672,0.00,VEHICLE,0,0,
-1801.2417,-318.2520,24.6077,175.1695,0.00,VEHICLE,0,0,
-1801.4896,-320.8908,24.4811,174.8582,0.00,VEHICLE,0,0,
-1801.8331,-323.4993,24.3565,173.1328,0.00,VEHICLE,0,0,
-1802.4474,-326.0783,24.2154,167.7458,0.00,VEHICLE,0,0,
-1803.1886,-328.2022,23.9973,162.3118,0.00,VEHICLE,0,0,
-1804.0533,-330.0839,23.7657,157.0416,0.00,VEHICLE,0,0,
-1804.9851,-331.9717,23.4741,153.1324,0.00,VEHICLE,0,0,
-1805.9769,-333.8235,23.2007,151.5428,0.00,VEHICLE,0,0,
-1807.0101,-335.7066,22.9478,151.3823,0.00,VEHICLE,0,0,
-1807.9803,-337.5703,22.6968,151.9789,0.00,VEHICLE,0,0,
-1808.9297,-339.9883,22.3941,156.9426,0.00,VEHICLE,0,0,
-1809.6511,-342.3075,22.0877,161.7340,0.00,VEHICLE,0,0,
-1810.3774,-344.7274,21.7676,163.1508,0.00,VEHICLE,0,0,
-1811.1456,-347.2871,21.4310,163.4702,0.00,VEHICLE,0,0,
-1811.8806,-349.7548,21.1107,163.6594,0.00,VEHICLE,0,0,
-1812.6470,-352.3468,20.7879,163.7161,0.00,VEHICLE,0,0,
-1813.4292,-355.0146,20.4546,163.7315,0.00,VEHICLE,0,0,
-1814.2134,-358.0622,20.0711,165.3924,0.00,VEHICLE,0,0,
-1814.7852,-360.8296,19.7220,167.9760,0.00,VEHICLE,0,0,
-1815.3861,-363.9162,19.3325,168.8829,0.00,VEHICLE,0,0,
-1815.9463,-366.8589,18.9819,169.0720,0.00,VEHICLE,0,0,
-1816.5311,-369.9378,18.6866,169.1444,0.00,VEHICLE,0,0,
-1817.1206,-373.0329,18.4494,169.1604,0.00,VEHICLE,0,0,
-1817.7247,-376.1949,18.2057,169.1648,0.00,VEHICLE,0,0,
-1818.3419,-379.4200,17.9500,169.1691,0.00,VEHICLE,0,0,
-1818.9701,-382.7717,17.6813,169.3847,0.00,VEHICLE,0,0,
-1819.4438,-386.1879,17.4084,172.0735,0.00,VEHICLE,0,0,
-1819.7126,-389.7398,17.1460,175.8346,0.00,VEHICLE,0,0,
-1819.8850,-393.1240,16.9143,177.1339,0.00,VEHICLE,0,0,
-1820.0231,-396.4129,16.6902,177.4259,0.00,VEHICLE,0,0,
-1820.1552,-399.7640,16.4601,177.4900,0.00,VEHICLE,0,0,
-1820.3132,-403.4750,16.2041,177.3349,0.00,VEHICLE,0,0,
-1820.5898,-406.8262,15.9829,175.2422,0.00,VEHICLE,0,0,
-1821.1537,-410.5527,15.7873,171.0954,0.00,VEHICLE,0,0,
-1821.8086,-413.8864,15.6486,168.8274,0.00,VEHICLE,0,0,
-1822.5361,-417.3087,15.5067,168.1824,0.00,VEHICLE,0,0,
-1823.2944,-420.7897,15.3587,168.0399,0.00,VEHICLE,0,0,
-1824.0916,-424.4446,15.2013,168.0117,0.00,VEHICLE,0,0,
-1824.8929,-428.2004,15.0931,168.2188,0.00,VEHICLE,0,0,
-1825.5752,-431.6995,15.0739,169.1083,0.00,VEHICLE,0,0,
-1826.2217,-435.1475,15.0888,169.4126,0.00,VEHICLE,0,0,
-1826.8429,-438.5264,15.0962,169.4795,0.00,VEHICLE,0,0,
-1827.5042,-442.1469,15.0988,169.4899,0.00,VEHICLE,0,0,
-1828.1056,-445.9868,15.1002,171.0747,0.00,VEHICLE,0,0,
-1828.4813,-449.2585,15.1004,173.3755,0.00,VEHICLE,0,0,
-1828.8120,-452.4865,15.1000,174.1558,0.00,VEHICLE,0,0,
-1829.1189,-455.6311,15.0997,174.3542,0.00,VEHICLE,0,0,
-1829.4353,-458.9270,15.0994,174.4047,0.00,VEHICLE,0,0,
-1829.7681,-462.3967,15.0993,174.4148,0.00,VEHICLE,0,0,
-1830.0693,-465.5187,15.0997,174.4164,0.00,VEHICLE,0,0,
-1830.3861,-468.7711,15.1004,174.4179,0.00,VEHICLE,0,0,
-1830.6865,-472.5025,15.1010,175.4659,0.00,VEHICLE,0,0,
-1830.7455,-476.1320,15.1010,179.2212,0.00,VEHICLE,0,0,
-1830.6660,-478.8606,15.1005,182.0881,0.00,VEHICLE,0,0,
-1830.4767,-482.0234,15.0963,183.5998,0.00,VEHICLE,0,0,
-1830.2438,-485.0454,15.0709,183.9341,0.00,VEHICLE,0,0,
-1829.9061,-488.3655,15.0332,184.9065,0.00,VEHICLE,0,0,
-1829.4045,-491.5023,15.0218,187.9115,0.00,VEHICLE,0,0,
-1828.7061,-495.0013,15.0015,190.9600,0.00,VEHICLE,0,0,
-1828.0803,-498.0602,14.9696,191.9526,0.00,VEHICLE,0,0,
-1827.4255,-501.2651,14.9524,192.2057,0.00,VEHICLE,0,0,
-1826.7772,-504.4095,14.9517,192.2699,0.00,VEHICLE,0,0,
-1826.0385,-507.9101,14.9512,192.2917,0.00,VEHICLE,0,0,
-1825.3097,-511.2709,14.9507,192.2912,0.00,VEHICLE,0,0,
-1824.6357,-514.3265,14.9507,192.2820,0.00,VEHICLE,0,0,
-1824.0078,-517.1588,14.9511,192.2718,0.00,VEHICLE,0,0,
-1823.3352,-520.2048,14.9519,192.2668,0.00,VEHICLE,0,0,
-1822.6964,-523.3895,14.9524,191.3152,0.00,VEHICLE,0,0,
-1822.1949,-526.2844,14.9520,189.8978,0.00,VEHICLE,0,0,
-1821.7429,-529.0173,14.9514,189.4835,0.00,VEHICLE,0,0,
-1821.2943,-531.7745,14.9849,189.3912,0.00,VEHICLE,0,0,
-1820.8481,-534.5158,15.0693,189.3829,0.00,VEHICLE,0,0,
-1820.4480,-536.9551,15.1854,189.3786,0.00,VEHICLE,0,0,
-1819.9410,-540.0237,15.3295,189.3758,0.00,VEHICLE,0,0,
-1819.4304,-543.0968,15.4793,189.3785,0.00,VEHICLE,0,0,
-1819.0958,-545.1045,15.5850,189.3844,0.00,VEHICLE,0,0,
-1818.7211,-547.3517,15.7137,189.3870,0.00,VEHICLE,0,0,
-1818.3646,-549.4938,15.8378,189.3889,0.00,VEHICLE,0,0,
-1817.9384,-552.0651,15.9848,189.3896,0.00,VEHICLE,0,0,
-1817.5879,-554.1987,16.0744,189.3850,0.00,VEHICLE,0,0,
-1817.2421,-556.3087,16.1432,189.3756,0.00,VEHICLE,0,0,
-1816.9149,-558.3109,16.1806,189.3779,0.00,VEHICLE,0,0,
-1816.5616,-560.4282,16.2150,189.4737,0.00,VEHICLE,0,0,
-1816.1333,-562.5157,16.2526,190.8656,0.00,VEHICLE,0,0,
-1815.3541,-565.1324,16.2996,195.7497,0.00,VEHICLE,0,0,
-1814.5660,-567.4793,16.3209,198.1613,0.00,VEHICLE,0,0,
-1813.3983,-570.3270,16.3285,201.7157,0.00,VEHICLE,0,0,
-1812.3583,-572.2078,16.3264,206.7709,0.00,VEHICLE,0,0,
-1811.1429,-573.8887,16.3247,213.1048,0.00,VEHICLE,0,0,
-1809.6473,-575.4401,16.3216,221.0118,0.00,VEHICLE,0,0,
-1807.9399,-576.7388,16.2716,229.4807,0.00,VEHICLE,0,0,
-1805.8105,-577.8767,16.1216,238.7642,0.00,VEHICLE,0,0,
-1803.6870,-578.8964,16.0231,244.7350,0.00,VEHICLE,0,0,
-1801.3320,-579.9262,15.9871,247.6947,0.00,VEHICLE,0,0,
-1798.9373,-580.8972,16.0702,247.9684,0.00,VEHICLE,0,0,
-1796.4491,-581.7719,16.1441,250.2413,0.00,VEHICLE,0,0,
-1793.8070,-582.3898,16.2106,255.9636,0.00,VEHICLE,0,0,
-1791.6952,-582.6227,16.2612,261.6267,0.00,VEHICLE,0,0,
-1789.4822,-582.6082,16.3036,268.2921,0.00,VEHICLE,0,0,
-1786.6411,-582.3419,16.3315,274.8621,0.00,VEHICLE,0,0,
-1783.9630,-582.0220,16.3330,276.5570,0.00,VEHICLE,0,0,
-1781.4769,-581.7072,16.3297,276.6317,0.00,VEHICLE,0,0,
-1778.8723,-581.5391,16.3285,274.0790,0.00,VEHICLE,0,0,
-1775.6886,-581.6769,16.3272,267.9868,0.00,VEHICLE,0,0,
-1773.0576,-582.1232,16.3260,261.7027,0.00,VEHICLE,0,0,
-1770.3712,-582.9436,16.3252,254.0421,0.00,VEHICLE,0,0,
-1768.0718,-584.0375,16.3242,246.1512,0.00,VEHICLE,0,0,
-1766.2159,-585.2864,16.3233,238.4796,0.00,VEHICLE,0,0,
-1764.5813,-586.7894,16.3228,230.0975,0.00,VEHICLE,0,0,
-1763.1415,-588.6140,16.3229,220.7551,0.00,VEHICLE,0,0,
-1762.0349,-590.6312,16.3233,211.2045,0.00,VEHICLE,0,0,
-1761.3263,-592.6492,16.3228,202.2224,0.00,VEHICLE,0,0,
-1760.9459,-594.7389,16.3089,193.3305,0.00,VEHICLE,0,0,
-1760.8562,-596.9985,16.2875,184.5226,0.00,VEHICLE,0,0,
-1760.8542,-599.2578,16.2553,180.4794,0.00,VEHICLE,0,0,
-1760.9003,-601.6022,16.2223,179.6261,0.00,VEHICLE,0,0,
-1760.9440,-604.0649,16.1881,179.4955,0.00,VEHICLE,0,0,
-1760.9744,-606.4951,16.1544,179.4660,0.00,VEHICLE,0,0,
-1760.9982,-608.9131,16.1814,179.4580,0.00,VEHICLE,0,0,
-1761.0254,-611.6744,16.2906,179.3417,0.00,VEHICLE,0,0,
-1761.2284,-614.4997,16.4798,176.2663,0.00,VEHICLE,0,0,
-1761.6279,-617.0942,16.6478,171.8852,0.00,VEHICLE,0,0,
-1762.1006,-619.8057,16.8168,170.2695,0.00,VEHICLE,0,0,
-1762.5616,-622.3174,16.9907,169.9508,0.00,VEHICLE,0,0,
-1763.0288,-624.8326,17.1779,169.8765,0.00,VEHICLE,0,0,
-1763.5162,-627.5297,17.3952,170.0119,0.00,VEHICLE,0,0,
-1763.8473,-630.3342,17.6186,172.8982,0.00,VEHICLE,0,0,
-1764.0520,-632.9077,17.8220,175.1631,0.00,VEHICLE,0,0,
-1764.2313,-635.4890,18.0262,175.7655,0.00,VEHICLE,0,0,
-1764.3999,-638.0417,18.2285,175.8941,0.00,VEHICLE,0,0,
-1764.5656,-640.5079,18.4677,175.9096,0.00,VEHICLE,0,0,
-1764.7382,-643.0104,18.7437,175.9014,0.00,VEHICLE,0,0,
-1764.9233,-645.6055,19.0684,175.9036,0.00,VEHICLE,0,0,
-1765.1221,-648.3408,19.4058,175.9053,0.00,VEHICLE,0,0,
-1765.3274,-651.1459,19.7463,175.9053,0.00,VEHICLE,0,0,
-1765.4430,-654.1491,20.1091,177.6520,0.00,VEHICLE,0,0,
-1765.4208,-656.7741,20.4280,180.1497,0.00,VEHICLE,0,0,
-1765.3759,-659.3392,20.7562,180.8761,0.00,VEHICLE,0,0,
-1765.3212,-661.8799,21.0924,181.0413,0.00,VEHICLE,0,0,
-1765.2720,-664.0240,21.3839,181.0752,0.00,VEHICLE,0,0,
-1765.1998,-667.1876,21.8129,181.0854,0.00,VEHICLE,0,0,
-1765.1472,-669.6790,22.1495,181.0886,0.00,VEHICLE,0,0,
-1765.0975,-672.2322,22.4944,181.0919,0.00,VEHICLE,0,0,
-1765.0514,-674.7598,22.8413,181.0960,0.00,VEHICLE,0,0,
-1765.0070,-677.2518,23.1907,181.0993,0.00,VEHICLE,0,0,
-1764.9624,-679.7670,23.5500,181.0994,0.00,VEHICLE,0,0,
-1764.9161,-682.3622,23.9183,181.0980,0.00,VEHICLE,0,0,
-1764.7725,-685.2277,24.3220,182.6574,0.00,VEHICLE,0,0,
-1764.4164,-687.8517,24.7126,186.9410,0.00,VEHICLE,0,0,
-1763.9421,-690.1606,25.0995,190.7450,0.00,VEHICLE,0,0,
-1763.4258,-692.5214,25.5265,192.0375,0.00,VEHICLE,0,0,
-1762.8208,-695.1326,25.9999,192.6895,0.00,VEHICLE,0,0,
-1762.0619,-697.6472,26.4466,195.9728,0.00,VEHICLE,0,0,
-1761.1171,-699.9781,26.8604,200.9741,0.00,VEHICLE,0,0,
-1759.9725,-702.0892,27.2396,206.8968,0.00,VEHICLE,0,0,
-1758.7101,-704.1273,27.6100,211.1540,0.00,VEHICLE,0,0,
-1757.4650,-706.0554,27.9559,212.3699,0.00,VEHICLE,0,0,
-1756.2214,-707.9589,28.2961,212.5978,0.00,VEHICLE,0,0,
-1754.9648,-709.8954,28.6384,212.6670,0.00,VEHICLE,0,0,
-1753.6271,-711.9473,28.9969,212.9415,0.00,VEHICLE,0,0,
-1752.1135,-713.9971,29.3656,215.8579,0.00,VEHICLE,0,0,
-1750.5787,-715.9146,29.7157,218.4376,0.00,VEHICLE,0,0,
-1749.0348,-717.8105,30.0654,219.1321,0.00,VEHICLE,0,0,
-1747.4725,-719.7126,30.4114,219.2817,0.00,VEHICLE,0,0,
-1745.8623,-721.6727,30.7630,219.3048,0.00,VEHICLE,0,0,
-1744.2135,-723.6906,31.1131,219.3058,0.00,VEHICLE,0,0,
-1742.3450,-725.8544,31.5332,220.7338,0.00,VEHICLE,0,0,
-1740.5719,-727.6143,31.9210,224.5688,0.00,VEHICLE,0,0,
-1738.7599,-729.3365,32.3180,226.3153,0.00,VEHICLE,0,0,
-1736.9869,-730.9995,32.6943,226.7026,0.00,VEHICLE,0,0,
-1735.1169,-732.7429,33.0756,226.8604,0.00,VEHICLE,0,0,
-1733.1353,-734.3857,33.4865,229.6024,0.00,VEHICLE,0,0,
-1731.3717,-735.7207,33.8564,232.2494,0.00,VEHICLE,0,0,
-1729.6161,-737.0328,34.2546,232.9619,0.00,VEHICLE,0,0,
-1727.7979,-738.3873,34.6635,233.1207,0.00,VEHICLE,0,0,
-1726.0183,-739.7153,35.0559,233.1499,0.00,VEHICLE,0,0,
-1724.2050,-741.0739,35.4412,233.1536,0.00,VEHICLE,0,0,
-1722.2579,-742.5373,35.8334,233.1585,0.00,VEHICLE,0,0,
-1720.4965,-743.8621,36.1739,233.1613,0.00,VEHICLE,0,0,
-1718.7654,-745.1655,36.4961,233.1596,0.00,VEHICLE,0,0,
-1716.9946,-746.5007,36.8238,233.1521,0.00,VEHICLE,0,0,
-1715.2618,-747.8078,37.1393,233.1378,0.00,VEHICLE,0,0,
-1713.4508,-749.1722,37.4522,233.1350,0.00,VEHICLE,0,0,
-1711.4932,-750.6419,37.7549,233.1523,0.00,VEHICLE,0,0,
-1708.8308,-752.5282,38.1152,234.5791,0.00,VEHICLE,0,0,
-1706.7303,-753.8094,38.3812,237.7475,0.00,VEHICLE,0,0,
-1704.1807,-755.0971,38.6933,242.5519,0.00,VEHICLE,0,0,
-1701.5973,-756.1652,38.9933,246.9285,0.00,VEHICLE,0,0,
-1698.9124,-757.2177,39.2954,248.3734,0.00,VEHICLE,0,0,
-1696.2064,-758.2532,39.5916,248.6214,0.00,VEHICLE,0,0,
-1693.7703,-759.1917,39.8584,248.5951,0.00,VEHICLE,0,0,
-1691.6975,-760.0703,40.0887,247.3883,0.00,VEHICLE,0,0,
-1688.9412,-761.3810,40.3911,244.7253,0.00,VEHICLE,0,0,
-1686.2345,-762.7084,40.6738,243.9963,0.00,VEHICLE,0,0,
-1683.9305,-763.8521,40.9069,243.8613,0.00,VEHICLE,0,0,
-1681.0151,-765.3030,41.2028,243.8250,0.00,VEHICLE,0,0,
-1678.1371,-766.7313,41.4916,243.8172,0.00,VEHICLE,0,0,
-1675.1913,-768.1856,41.7707,243.8122,0.00,VEHICLE,0,0,
-1672.2164,-769.6476,42.0371,243.8065,0.00,VEHICLE,0,0,
-1669.2025,-771.1260,42.3056,243.8020,0.00,VEHICLE,0,0,
-1666.1276,-772.6349,42.5793,243.7994,0.00,VEHICLE,0,0,
-1663.0044,-774.1699,42.8518,243.7990,0.00,VEHICLE,0,0,
-1659.7775,-775.7581,43.1281,243.7992,0.00,VEHICLE,0,0,
-1656.5820,-777.3318,43.4011,243.7991,0.00,VEHICLE,0,0,
-1653.3983,-778.9006,43.6749,243.7977,0.00,VEHICLE,0,0,
-1650.5398,-780.3051,43.9300,243.8437,0.00,VEHICLE,0,0,
-1647.5837,-781.6500,44.1993,245.4425,0.00,VEHICLE,0,0,
-1644.2631,-783.0693,44.4990,246.9675,0.00,VEHICLE,0,0,
-1640.9504,-784.4540,44.7958,247.3260,0.00,VEHICLE,0,0,
-1637.6422,-785.8257,45.1039,247.3979,0.00,VEHICLE,0,0,
-1634.1847,-787.2517,45.4373,247.4678,0.00,VEHICLE,0,0,
-1632.2365,-788.0159,45.6241,248.0885,0.00,VEHICLE,0,0,
-1628.9614,-789.2509,45.9350,249.3127,0.00,VEHICLE,0,0,
-1625.6184,-790.4905,46.2425,249.6658,0.00,VEHICLE,0,0,
-1622.2559,-791.7306,46.5408,249.7446,0.00,VEHICLE,0,0,
-1618.9326,-792.9537,46.8326,249.7605,0.00,VEHICLE,0,0,
-1615.6348,-794.1676,47.1226,249.7624,0.00,VEHICLE,0,0,
-1612.2491,-795.4150,47.4103,249.7630,0.00,VEHICLE,0,0,
-1608.6498,-796.7028,47.7007,250.3570,0.00,VEHICLE,0,0,
-1605.1350,-797.7794,47.9769,253.0491,0.00,VEHICLE,0,0,
-1601.3768,-798.8554,48.2716,254.1742,0.00,VEHICLE,0,0,
-1598.0497,-799.7816,48.5515,254.3789,0.00,VEHICLE,0,0,
-1594.8909,-800.6544,48.8348,254.4186,0.00,VEHICLE,0,0,
-1591.8380,-801.4974,49.1147,254.4248,0.00,VEHICLE,0,0,
-1588.7421,-802.3550,49.3964,254.4245,0.00,VEHICLE,0,0,
-1585.3218,-803.3073,49.7130,254.4237,0.00,VEHICLE,0,0,
-1582.3810,-804.1293,49.9992,254.4243,0.00,VEHICLE,0,0,
-1579.5442,-804.9238,50.2866,254.4256,0.00,VEHICLE,0,0,
-1576.7197,-805.7142,50.5714,254.4263,0.00,VEHICLE,0,0,
-1573.8306,-806.5214,50.8607,254.4258,0.00,VEHICLE,0,0,
-1570.9697,-807.3199,51.1592,254.4224,0.00,VEHICLE,0,0,
-1568.1237,-808.1142,51.4705,254.4192,0.00,VEHICLE,0,0,
-1565.2235,-808.9234,51.7974,254.4173,0.00,VEHICLE,0,0,
-1562.3586,-809.7224,52.1179,254.4158,0.00,VEHICLE,0,0,
-1559.2173,-810.5983,52.4677,254.4136,0.00,VEHICLE,0,0,
-1556.2848,-811.4167,52.8140,254.4066,0.00,VEHICLE,0,0,
-1553.3984,-812.2230,53.1705,254.4009,0.00,VEHICLE,0,0,
-1550.4714,-813.0416,53.5429,254.3999,0.00,VEHICLE,0,0,
-1547.4113,-813.8969,53.9291,254.3981,0.00,VEHICLE,0,0,
-1544.5057,-814.7093,54.2946,254.3970,0.00,VEHICLE,0,0,
-1541.6503,-815.5090,54.6801,254.3866,0.00,VEHICLE,0,0,
-1538.6779,-816.3415,55.1066,254.3796,0.00,VEHICLE,0,0,
-1535.7296,-817.1669,55.5384,254.3775,0.00,VEHICLE,0,0,
-1532.5559,-818.0384,55.9977,254.6285,0.00,VEHICLE,0,0,
-1529.3677,-818.7286,56.4619,257.6248,0.00,VEHICLE,0,0,
-1526.2250,-819.1436,56.9652,262.3400,0.00,VEHICLE,0,0,
-1523.4487,-819.4109,57.4494,264.4248,0.00,VEHICLE,0,0,
-1520.6591,-819.6434,57.9386,264.9501,0.00,VEHICLE,0,0,
-1517.9286,-819.8613,58.4123,265.0673,0.00,VEHICLE,0,0,
-1515.1858,-820.0814,58.8853,265.0964,0.00,VEHICLE,0,0,
-1512.5376,-820.2980,59.4145,265.1306,0.00,VEHICLE,0,0,
-1509.8379,-820.5222,60.0102,265.1568,0.00,VEHICLE,0,0,
-1507.2473,-820.7413,60.6294,265.1614,0.00,VEHICLE,0,0,
-1505.0898,-820.9273,61.1428,265.1681,0.00,VEHICLE,0,0,
-1502.4469,-821.1558,61.7593,265.1749,0.00,VEHICLE,0,0,
-1499.8573,-821.3782,62.3604,265.1797,0.00,VEHICLE,0,0,
-1497.1351,-821.6088,63.0296,265.1971,0.00,VEHICLE,0,0,
-1494.6094,-821.8199,63.6767,265.2086,0.00,VEHICLE,0,0,
-1492.0963,-822.0286,64.3374,265.2095,0.00,VEHICLE,0,0,
-1489.7015,-822.2272,64.9636,265.2108,0.00,VEHICLE,0,0,
-1487.2357,-822.4319,65.6060,265.2135,0.00,VEHICLE,0,0,
-1485.0320,-822.6157,66.1794,265.2169,0.00,VEHICLE,0,0,
-1482.6373,-822.7671,66.7893,266.1287,0.00,VEHICLE,0,0,
-1480.2573,-822.7865,67.3883,269.0701,0.00,VEHICLE,0,0,
-1477.8170,-822.7786,67.9924,270.4532,0.00,VEHICLE,0,0,
-1475.4176,-822.7644,68.5863,270.7763,0.00,VEHICLE,0,0,
-1472.9569,-822.7426,69.1881,270.8255,0.00,VEHICLE,0,0,
-1470.7657,-822.6178,69.7300,272.5747,0.00,VEHICLE,0,0,
-1468.3712,-822.3773,70.3320,275.4153,0.00,VEHICLE,0,0,
-1465.8754,-822.0915,70.9728,276.4291,0.00,VEHICLE,0,0,
-1462.9923,-821.7386,71.7168,276.5610,0.00,VEHICLE,0,0,
-1461.0182,-821.5264,72.2248,276.1682,0.00,VEHICLE,0,0,
-1457.8718,-821.5347,73.0169,270.2073,0.00,VEHICLE,0,0,
-1455.8733,-821.6743,73.5119,267.0978,0.00,VEHICLE,0,0,
-1453.0498,-821.8987,74.2054,266.2098,0.00,VEHICLE,0,0,
-1450.2684,-822.1208,74.8832,266.1166,0.00,VEHICLE,0,0,
-1448.1946,-822.2355,75.3879,266.7620,0.00,VEHICLE,0,0,
-1445.4480,-822.1741,76.0672,270.5276,0.00,VEHICLE,0,0,
-1442.8037,-822.0928,76.7074,271.2851,0.00,VEHICLE,0,0,
-1440.0090,-821.9998,77.2409,271.6009,0.00,VEHICLE,0,0,
-1437.2395,-821.9099,77.6741,271.6600,0.00,VEHICLE,0,0,
-1434.6211,-821.8358,78.0559,271.6313,0.00,VEHICLE,0,0,
-1432.4508,-821.8273,78.3781,270.7399,0.00,VEHICLE,0,0,
-1429.5853,-821.8293,78.8033,270.1959,0.00,VEHICLE,0,0,
-1427.5754,-821.8316,79.1004,270.1281,0.00,VEHICLE,0,0,
-1424.5760,-821.8350,79.5427,270.0917,0.00,VEHICLE,0,0,
-1422.5609,-821.8359,79.8391,270.0729,0.00,VEHICLE,0,0,
-1420.4360,-821.8353,80.1505,270.0538,0.00,VEHICLE,0,0,
-1418.3917,-821.8335,80.4502,270.0364,0.00,VEHICLE,0,0,
-1416.3470,-821.8315,80.7501,270.0200,0.00,VEHICLE,0,0,
-1414.1990,-821.8300,81.0651,270.0063,0.00,VEHICLE,0,0,
-1411.1975,-821.8225,81.3841,270.1618,0.00,VEHICLE,0,0,
-1408.1851,-821.7983,81.4675,270.5110,0.00,VEHICLE,0,0,
-1405.2588,-821.7589,81.3762,270.6476,0.00,VEHICLE,0,0,
-1402.7083,-821.7216,81.3606,270.6274,0.00,VEHICLE,0,0,
-1400.6372,-821.6936,81.3539,270.6320,0.00,VEHICLE,0,0,
-1398.5842,-821.6682,81.3469,270.6376,0.00,VEHICLE,0,0,
-1396.5649,-821.6448,81.3415,270.6274,0.00,VEHICLE,0,0,
-1393.8174,-821.5632,81.3383,271.5331,0.00,VEHICLE,0,0,
-1390.8452,-821.2938,81.3394,274.7639,0.00,VEHICLE,0,0,
-1388.5468,-821.0745,81.3402,275.3330,0.00,VEHICLE,0,0,
-1386.2837,-820.8532,81.3412,275.4353,0.00,VEHICLE,0,0,
-1383.9686,-820.6259,81.3417,275.4588,0.00,VEHICLE,0,0,
-1381.5417,-820.3874,81.3186,275.4729,0.00,VEHICLE,0,0,
-1379.3999,-820.1754,81.1690,275.5616,0.00,VEHICLE,0,0,
-1377.1256,-819.9483,80.9525,275.6523,0.00,VEHICLE,0,0,
-1375.1326,-819.7469,80.6589,275.6830,0.00,VEHICLE,0,0,
-1371.8234,-819.4139,80.2360,275.6861,0.00,VEHICLE,0,0,
-1369.2499,-819.1569,79.9221,275.6942,0.00,VEHICLE,0,0,
-1366.6016,-818.8924,79.5998,275.6919,0.00,VEHICLE,0,0,
-1364.0443,-818.6357,79.2881,275.6886,0.00,VEHICLE,0,0,
-1361.2732,-818.3564,78.9500,275.6845,0.00,VEHICLE,0,0,
-1358.4353,-818.0698,78.6036,275.6805,0.00,VEHICLE,0,0,
-1355.6276,-817.7863,78.2616,275.6833,0.00,VEHICLE,0,0,
-1352.6692,-817.4883,77.9021,275.6917,0.00,VEHICLE,0,0,
-1349.6466,-817.1855,77.5359,275.6935,0.00,VEHICLE,0,0,
-1346.6646,-816.8885,77.1767,275.6968,0.00,VEHICLE,0,0,
-1343.6459,-816.5887,76.8283,275.6990,0.00,VEHICLE,0,0,
-1340.4664,-816.2736,76.4747,275.7017,0.00,VEHICLE,0,0,
-1337.3878,-815.9678,76.1352,275.7027,0.00,VEHICLE,0,0,
-1334.0798,-815.6378,75.7687,275.7031,0.00,VEHICLE,0,0,
-1331.1787,-815.3347,75.4462,275.9055,0.00,VEHICLE,0,0,
-1328.2141,-814.8900,75.1142,278.2425,0.00,VEHICLE,0,0,
-1325.1390,-814.3550,74.7679,279.8839,0.00,VEHICLE,0,0,
-1321.9847,-813.7769,74.4119,280.2985,0.00,VEHICLE,0,0,
-1318.6724,-813.1599,74.0385,280.3772,0.00,VEHICLE,0,0,
-1315.7582,-812.6141,73.7103,280.4113,0.00,VEHICLE,0,0,
-1313.2526,-812.0745,73.4259,281.5968,0.00,VEHICLE,0,0,
-1310.0914,-811.2007,73.0520,285.2965,0.00,VEHICLE,0,0,
-1306.8596,-810.0679,72.6461,289.4145,0.00,VEHICLE,0,0,
-1304.0663,-809.0074,72.2856,290.7776,0.00,VEHICLE,0,0,
-1300.3396,-807.4622,71.8097,292.2050,0.00,VEHICLE,0,0,
-1297.2059,-806.0812,71.4121,293.3882,0.00,VEHICLE,0,0,
-1294.1412,-804.7207,71.0239,293.6638,0.00,VEHICLE,0,0,
-1291.0984,-803.3760,70.6381,293.7200,0.00,VEHICLE,0,0,
-1288.4006,-802.1903,70.2962,293.7346,0.00,VEHICLE,0,0,
-1285.5315,-800.9314,69.9333,293.7641,0.00,VEHICLE,0,0,
-1283.0825,-799.7997,69.6479,294.6346,0.00,VEHICLE,0,0,
-1280.4436,-798.5139,69.3763,295.9869,0.00,VEHICLE,0,0,
-1277.1157,-796.8541,69.0714,296.5172,0.00,VEHICLE,0,0,
-1273.9957,-795.2788,68.7842,296.6040,0.00,VEHICLE,0,0,
-1271.3771,-793.9526,68.5431,296.6208,0.00,VEHICLE,0,0,
-1268.7336,-792.6158,68.3008,296.6226,0.00,VEHICLE,0,0,
-1266.3668,-791.4232,68.0836,296.6240,0.00,VEHICLE,0,0,
-1263.9441,-790.2067,67.8610,296.6277,0.00,VEHICLE,0,0,
-1261.6891,-789.0759,67.6539,296.6515,0.00,VEHICLE,0,0,
-1258.7506,-787.4927,67.3731,298.2684,0.00,VEHICLE,0,0,
-1255.8617,-785.7977,67.0259,300.5125,0.00,VEHICLE,0,0,
-1253.0225,-784.0834,66.6259,301.1056,0.00,VEHICLE,0,0,
-1250.5583,-782.5816,66.2746,301.2141,0.00,VEHICLE,0,0,
-1248.1261,-781.0961,65.9326,301.2377,0.00,VEHICLE,0,0,
-1245.9131,-779.7456,65.6239,301.2419,0.00,VEHICLE,0,0,
-1243.3079,-778.1152,65.2586,301.8496,0.00,VEHICLE,0,0,
-1240.4460,-776.0378,64.8377,306.0072,0.00,VEHICLE,0,0,
-1238.5166,-774.5076,64.5435,308.5211,0.00,VEHICLE,0,0,
-1236.1578,-772.5627,64.1807,309.5587,0.00,VEHICLE,0,0,
-1233.7954,-770.5826,63.9247,309.7221,0.00,VEHICLE,0,0,
-1231.5531,-768.6981,63.8465,309.7300,0.00,VEHICLE,0,0,
-1229.4785,-766.9572,63.8726,309.7305,0.00,VEHICLE,0,0,
-1227.3566,-765.1679,63.8859,309.9061,0.00,VEHICLE,0,0,
-1225.6887,-763.6219,63.8889,311.9243,0.00,VEHICLE,0,0,
-1223.7429,-761.5911,63.8191,315.8597,0.00,VEHICLE,0,0,
-1221.9194,-759.5298,63.5644,318.3784,0.00,VEHICLE,0,0,
-1220.1757,-757.5178,63.1113,320.5893,0.00,VEHICLE,0,0,
-1218.2322,-755.1610,62.5736,323.7673,0.00,VEHICLE,0,0,
-1216.4004,-752.5818,62.1139,325.7814,0.00,VEHICLE,0,0,
-1215.0914,-750.6103,61.7884,325.8969,0.00,VEHICLE,0,0,
-1213.6926,-748.4932,61.4358,325.8918,0.00,VEHICLE,0,0,
-1212.3317,-746.4384,61.0902,325.8725,0.00,VEHICLE,0,0,
-1210.8827,-744.2651,60.7226,325.8535,0.00,VEHICLE,0,0,
-1209.2405,-741.8222,60.3109,325.8823,0.00,VEHICLE,0,0,
-1207.4114,-739.1191,59.8595,325.9288,0.00,VEHICLE,0,0,
-1205.8147,-736.7691,59.4638,325.9412,0.00,VEHICLE,0,0,
-1203.9984,-734.0970,59.0074,325.9497,0.00,VEHICLE,0,0,
-1202.1124,-731.3165,58.5280,325.9578,0.00,VEHICLE,0,0,
-1200.6747,-729.1913,58.1620,325.9599,0.00,VEHICLE,0,0,
-1199.1079,-726.8046,57.7542,326.5384,0.00,VEHICLE,0,0,
-1197.5706,-724.1656,57.3150,329.4749,0.00,VEHICLE,0,0,
-1195.9130,-721.1310,56.8174,331.4175,0.00,VEHICLE,0,0,
-1194.2845,-718.0705,56.3189,331.8486,0.00,VEHICLE,0,0,
-1193.0674,-715.7565,55.9430,331.9976,0.00,VEHICLE,0,0,
-1191.8926,-713.3354,55.5553,333.4914,0.00,VEHICLE,0,0,
-1190.7057,-710.4673,55.1077,337.2341,0.00,VEHICLE,0,0,
-1189.4911,-707.3044,54.5788,339.0685,0.00,VEHICLE,0,0,
-1188.4683,-704.5657,54.0799,339.4543,0.00,VEHICLE,0,0,
-1187.4316,-701.7628,53.5516,339.5477,0.00,VEHICLE,0,0,
-1186.1888,-698.3911,52.9247,339.5620,0.00,VEHICLE,0,0,
-1184.9503,-695.0330,52.3077,339.5658,0.00,VEHICLE,0,0,
-1183.6733,-691.5845,51.6779,339.5692,0.00,VEHICLE,0,0,
-1182.9451,-689.6253,51.3203,339.5693,0.00,VEHICLE,0,0,
-1181.9904,-687.0652,50.8513,339.5597,0.00,VEHICLE,0,0,
-1180.6975,-683.6113,50.2165,339.5576,0.00,VEHICLE,0,0,
-1179.4154,-680.1926,49.5883,339.5622,0.00,VEHICLE,0,0,
-1178.7163,-678.3271,49.2424,339.5675,0.00,VEHICLE,0,0,
-1177.6687,-675.5282,48.6807,339.5742,0.00,VEHICLE,0,0,
-1176.6112,-672.6992,48.0734,339.5705,0.00,VEHICLE,0,0,
-1175.3420,-669.3015,47.3140,339.5638,0.00,VEHICLE,0,0,
-1174.1658,-666.1484,46.6151,339.5579,0.00,VEHICLE,0,0,
-1172.9415,-662.7982,45.8787,339.9204,0.00,VEHICLE,0,0,
-1171.6666,-659.2557,45.1032,340.2147,0.00,VEHICLE,0,0,
-1170.3760,-655.6495,44.3157,340.2844,0.00,VEHICLE,0,0,
-1169.6858,-653.7170,43.8948,340.2939,0.00,VEHICLE,0,0,
-1168.3234,-649.8972,43.1589,340.3070,0.00,VEHICLE,0,0,
-1167.1691,-646.4242,42.6602,341.5935,0.00,VEHICLE,0,0,
-1166.0380,-642.7593,42.1930,342.9662,0.00,VEHICLE,0,0,
-1164.9774,-639.2258,41.7316,343.3179,0.00,VEHICLE,0,0,
-1164.0969,-636.2659,41.3381,343.3963,0.00,VEHICLE,0,0,
-1163.2922,-633.5531,40.9741,343.4144,0.00,VEHICLE,0,0,
-1162.4971,-630.8746,40.6147,343.4107,0.00,VEHICLE,0,0,
-1161.7627,-628.4067,40.2856,343.4020,0.00,VEHICLE,0,0,
-1160.9928,-625.8254,39.9422,343.3965,0.00,VEHICLE,0,0,
-1160.2489,-623.3350,39.6103,343.3941,0.00,VEHICLE,0,0,
-1159.4666,-620.7178,39.2606,343.3928,0.00,VEHICLE,0,0,
-1158.7426,-618.2966,38.9367,343.3907,0.00,VEHICLE,0,0,
-1157.9362,-615.5975,38.5542,343.3957,0.00,VEHICLE,0,0,
-1157.2256,-613.2170,38.1683,343.4194,0.00,VEHICLE,0,0,
-1156.4760,-610.7056,37.7107,343.4245,0.00,VEHICLE,0,0,
-1155.6893,-608.0685,37.2180,343.4184,0.00,VEHICLE,0,0,
-1154.9211,-605.4941,36.7433,343.4114,0.00,VEHICLE,0,0,
-1154.1241,-602.8243,36.2546,343.4053,0.00,VEHICLE,0,0,
-1153.4309,-600.5075,35.8307,343.3877,0.00,VEHICLE,0,0,
-1152.5159,-597.6124,35.2971,342.5964,0.00,VEHICLE,0,0,
-1151.4807,-594.4303,34.7077,341.9960,0.00,VEHICLE,0,0,
-1150.4567,-591.3113,34.1285,341.8709,0.00,VEHICLE,0,0,
-1149.4728,-588.3226,33.5735,341.8447,0.00,VEHICLE,0,0,
-1148.7371,-586.0884,33.1873,341.8273,0.00,VEHICLE,0,0,
-1147.7833,-583.1903,32.7154,341.8056,0.00,VEHICLE,0,0,
-1146.6903,-579.8684,32.2013,341.7942,0.00,VEHICLE,0,0,
-1145.6315,-576.6514,31.6981,341.7919,0.00,VEHICLE,0,0,
-1144.7797,-574.1185,31.2968,341.5311,0.00,VEHICLE,0,0,
-1143.7832,-571.4627,30.8673,339.7912,0.00,VEHICLE,0,0,
-1142.4052,-568.5046,30.3950,335.1753,0.00,VEHICLE,0,0,
-1140.6924,-565.3846,30.1620,330.7520,0.00,VEHICLE,0,0,
-1139.3020,-563.0105,30.1615,329.7331,0.00,VEHICLE,0,0,
-1137.8383,-560.6420,30.1732,328.8225,0.00,VEHICLE,0,0,
-1136.3636,-558.5573,30.1635,325.9081,0.00,VEHICLE,0,0,
-1134.7612,-556.6179,30.1453,321.6034,0.00,VEHICLE,0,0,
-1133.0283,-554.8383,30.1507,316.7680,0.00,VEHICLE,0,0,
-1131.3295,-553.3198,30.1911,312.1139,0.00,VEHICLE,0,0,
-1128.7317,-551.3704,30.3538,305.7512,0.00,VEHICLE,0,0,
-1125.9845,-549.6975,30.5089,300.1586,0.00,VEHICLE,0,0,
-1124.1395,-548.6837,30.5506,297.6536,0.00,VEHICLE,0,0,
-1122.2030,-547.6731,30.5503,295.7369,0.00,VEHICLE,0,0,
-1119.9036,-546.5704,30.6302,293.6864,0.00,VEHICLE,0,0,
-1117.9342,-545.7413,30.7824,292.2552,0.00,VEHICLE,0,0,
-1115.8383,-544.9297,30.9939,291.9343,0.00,VEHICLE,0,0,
-1113.6840,-544.1438,31.2032,291.1367,0.00,VEHICLE,0,0,
-1111.5200,-543.4532,31.4028,288.8531,0.00,VEHICLE,0,0,
-1109.3827,-542.8811,31.5406,285.9295,0.00,VEHICLE,0,0,
-1107.3677,-542.4457,31.6488,283.0771,0.00,VEHICLE,0,0,
-1105.2885,-542.1057,31.7194,279.9688,0.00,VEHICLE,0,0,
-1103.2794,-541.8944,31.7902,276.7841,0.00,VEHICLE,0,0,
-1101.1475,-541.8112,31.8752,273.1867,0.00,VEHICLE,0,0,
-1098.3932,-541.9214,31.9733,268.3738,0.00,VEHICLE,0,0,
-1096.0754,-542.0974,32.0121,266.1749,0.00,VEHICLE,0,0,
-1093.6759,-542.3146,32.0137,265.5264,0.00,VEHICLE,0,0,
-1091.6012,-542.5087,32.0057,265.3908,0.00,VEHICLE,0,0,
-1089.4614,-542.7723,32.0016,264.0945,0.00,VEHICLE,0,0,
-1087.2534,-543.1496,32.0003,261.3528,0.00,VEHICLE,0,0,
-1085.1503,-543.6362,31.9999,257.9998,0.00,VEHICLE,0,0,
-1081.9320,-544.6823,31.9987,251.9958,0.00,VEHICLE,0,0,
-1079.8832,-545.5834,31.9976,247.6083,0.00,VEHICLE,0,0,
-1077.5032,-546.8997,31.9965,241.8568,0.00,VEHICLE,0,0,
-1075.2833,-548.2468,31.9971,239.0061,0.00,VEHICLE,0,0,
-1073.1129,-549.6122,31.9983,238.4047,0.00,VEHICLE,0,0,
-1071.1285,-550.8597,31.9993,238.3165,0.00,VEHICLE,0,0,
-1068.8644,-552.2719,31.9993,238.2957,0.00,VEHICLE,0,0,
-1066.4375,-553.7711,31.9985,238.2866,0.00,VEHICLE,0,0,
-1064.3973,-555.0248,31.9986,238.2776,0.00,VEHICLE,0,0,
-1062.6620,-556.0905,31.9994,238.2731,0.00,VEHICLE,0,0,
-1060.9147,-557.2151,32.0001,237.5694,0.00,VEHICLE,0,0,
-1059.0964,-558.5031,32.0004,235.3901,0.00,VEHICLE,0,0,
-1057.4305,-559.8236,32.0001,232.5553,0.00,VEHICLE,0,0,
-1055.4915,-561.6070,31.9985,228.2209,0.00,VEHICLE,0,0,
-1053.7032,-563.4880,31.9974,224.2858,0.00,VEHICLE,0,0,
-1052.2214,-565.1003,31.9976,223.0289,0.00,VEHICLE,0,0,
-1050.5640,-566.9374,31.9980,222.6444,0.00,VEHICLE,0,0,
-1048.4969,-569.4822,31.9980,219.6304,0.00,VEHICLE,0,0,
-1047.2358,-571.3358,31.9977,215.6492,0.00,VEHICLE,0,0,
-1046.1862,-573.1788,31.9976,211.2784,0.00,VEHICLE,0,0,
-1045.2794,-575.1192,31.9977,206.6418,0.00,VEHICLE,0,0,
-1044.2644,-577.4166,31.9985,203.9170,0.00,VEHICLE,0,0,
-1043.3253,-579.6387,31.9995,203.3275,0.00,VEHICLE,0,0,
-1042.2917,-582.0989,32.0002,203.2222,0.00,VEHICLE,0,0,
-1041.4515,-584.1963,32.0006,202.5353,0.00,VEHICLE,0,0,
-1040.6115,-586.8131,32.0003,198.6955,0.00,VEHICLE,0,0,
-1040.0155,-589.3741,31.9990,193.8807,0.00,VEHICLE,0,0,
-1039.5508,-591.5794,31.9982,192.1649,0.00,VEHICLE,0,0,
-1039.0417,-594.1053,31.9981,191.6737,0.00,VEHICLE,0,0,
-1038.6062,-596.2921,31.9984,191.5909,0.00,VEHICLE,0,0,
-1038.1279,-598.6816,31.9991,191.5720,0.00,VEHICLE,0,0,
-1037.6360,-601.1132,31.9996,191.5666,0.00,VEHICLE,0,0,
-1036.9468,-604.5089,31.9999,191.4758,0.00,VEHICLE,0,0,
-1036.4631,-607.7995,31.9989,188.3658,0.00,VEHICLE,0,0,
-1036.1986,-610.2336,31.9982,186.4098,0.00,VEHICLE,0,0,
-1035.9503,-612.7021,31.9979,185.9066,0.00,VEHICLE,0,0,
-1035.7281,-614.9756,31.9979,185.8114,0.00,VEHICLE,0,0,
-1035.4893,-617.4268,31.9978,185.7923,0.00,VEHICLE,0,0,
-1035.2664,-619.6810,31.9983,185.7892,0.00,VEHICLE,0,0,
-1035.0447,-621.8917,31.9993,185.7799,0.00,VEHICLE,0,0,
-1034.8822,-624.1896,31.9996,184.5845,0.00,VEHICLE,0,0,
-1034.8301,-626.4871,31.9990,181.9621,0.00,VEHICLE,0,0,
-1034.7938,-628.7307,31.9984,181.0829,0.00,VEHICLE,0,0,
-1034.7653,-631.0455,31.9981,180.8759,0.00,VEHICLE,0,0,
-1034.7410,-633.2039,31.9979,180.8357,0.00,VEHICLE,0,0,
-1034.7052,-636.1807,31.9980,180.8276,0.00,VEHICLE,0,0,
-1034.6743,-638.4481,31.9990,180.8253,0.00,VEHICLE,0,0,
-1034.5746,-640.8903,31.9996,181.9271,0.00,VEHICLE,0,0,
-1034.2632,-643.2468,31.9988,186.2107,0.00,VEHICLE,0,0,
-1033.8003,-645.2422,31.9974,191.1240,0.00,VEHICLE,0,0,
-1033.3066,-647.2233,31.9971,193.2908,0.00,VEHICLE,0,0,
-1032.7865,-649.2463,31.9976,193.7929,0.00,VEHICLE,0,0,
-1032.2852,-651.1989,31.9979,193.8825,0.00,VEHICLE,0,0,
-1031.7253,-653.4135,31.9977,193.9007,0.00,VEHICLE,0,0,
-1031.1812,-655.6081,31.9976,193.9071,0.00,VEHICLE,0,0,
-1030.6873,-657.6234,31.9978,193.9137,0.00,VEHICLE,0,0,
-1029.9932,-660.4578,31.9991,193.9189,0.00,VEHICLE,0,0,
-1029.2808,-663.1132,31.9987,194.9588,0.00,VEHICLE,0,0,
-1028.5262,-665.7383,31.9980,195.8274,0.00,VEHICLE,0,0,
-1027.8071,-668.2338,31.9978,195.9157,0.00,VEHICLE,0,0,
-1027.1577,-670.4935,31.9976,195.9230,0.00,VEHICLE,0,0,
-1026.4307,-673.0378,31.9988,195.9256,0.00,VEHICLE,0,0,
-1025.6809,-675.6710,32.0001,195.9273,0.00,VEHICLE,0,0,
-1024.9506,-678.1502,31.9992,196.3209,0.00,VEHICLE,0,0,
-1023.9011,-680.4921,31.9977,202.6045,0.00,VEHICLE,0,0,
-1022.8110,-682.5898,31.9973,206.2605,0.00,VEHICLE,0,0,
-1021.7153,-684.7073,31.9978,206.6970,0.00,VEHICLE,0,0,
-1020.7115,-686.6227,31.9977,207.0975,0.00,VEHICLE,0,0,
-1019.5100,-688.3147,31.9975,212.7837,0.00,VEHICLE,0,0,
-1017.5877,-689.8285,31.9954,227.5902,0.00,VEHICLE,0,0,
-1015.5419,-691.0785,31.9971,235.4232,0.00,VEHICLE,0,0,
-1013.3758,-692.3988,31.9991,237.3112,0.00,VEHICLE,0,0,
-1011.0841,-693.2742,32.0006,246.4998,0.00,VEHICLE,0,0,
-1008.4612,-693.6061,31.9994,259.7461,0.00,VEHICLE,0,0,
-1006.0181,-693.3158,31.9979,272.9848,0.00,VEHICLE,0,0,
-1003.7482,-692.4408,31.9966,286.8504,0.00,VEHICLE,0,0,
-1001.8592,-690.9716,31.9953,302.6263,0.00,VEHICLE,0,0,
-1000.5109,-689.1681,31.9955,317.7665,0.00,VEHICLE,0,0,
-999.2913,-687.3787,31.9982,324.1725,0.00,VEHICLE,0,0,
-997.6684,-684.9662,31.9995,325.2596,0.00,VEHICLE,0,0,
-996.2350,-682.8719,31.9985,325.3860,0.00,VEHICLE,0,0,
-995.0294,-680.7573,31.9998,329.2805,0.00,VEHICLE,0,0,
-994.0438,-678.1760,31.9993,337.7942,0.00,VEHICLE,0,0,
-993.6001,-675.7389,31.9974,347.1850,0.00,VEHICLE,0,0,
-993.3888,-672.9109,31.9975,354.6127,0.00,VEHICLE,0,0,
-993.2684,-670.8828,31.9987,355.4761,0.00,VEHICLE,0,0,
-993.2390,-668.0370,31.9998,358.3130,0.00,VEHICLE,0,0,
-993.4810,-665.8301,32.0001,4.0469,0.00,VEHICLE,0,0,
-993.8121,-663.7970,31.9997,8.0568,0.00,VEHICLE,0,0,
-994.2674,-661.2040,31.9989,9.5225,0.00,VEHICLE,0,0,
-995.1375,-658.3599,31.9977,15.9125,0.00,VEHICLE,0,0,
-996.3956,-655.9625,31.9970,25.5608,0.00,VEHICLE,0,0,
-998.1525,-653.7758,31.9965,36.8772,0.00,VEHICLE,0,0,
-1000.1145,-651.6042,31.9985,41.7076,0.00,VEHICLE,0,0,
-1001.6718,-649.9316,31.9998,42.1530,0.00,VEHICLE,0,0,
-1003.6893,-647.7413,32.0004,42.2356,0.00,VEHICLE,0,0,
-1005.1946,-646.0869,32.0005,42.2512,0.00,VEHICLE,0,0,
-1006.7554,-644.3538,32.0007,42.1935,0.00,VEHICLE,0,0,
-1008.1068,-642.7170,32.0008,40.5877,0.00,VEHICLE,0,0,
-1009.5754,-640.5682,31.9996,35.5840,0.00,VEHICLE,0,0,
-1010.6634,-638.5123,31.9978,29.6000,0.00,VEHICLE,0,0,
-1011.5625,-636.6917,31.9972,26.9569,0.00,VEHICLE,0,0,
-1012.7028,-634.3109,31.9978,26.2015,0.00,VEHICLE,0,0,
-1013.6132,-632.2851,31.9980,25.0961,0.00,VEHICLE,0,0,
-1014.8510,-629.5223,31.9989,24.4160,0.00,VEHICLE,0,0,
-1015.7236,-627.5898,31.9999,24.3356,0.00,VEHICLE,0,0,
-1016.6157,-625.6204,32.0004,24.3146,0.00,VEHICLE,0,0,
-1017.5589,-623.5396,32.0005,24.3084,0.00,VEHICLE,0,0,
-1018.5121,-621.4764,32.0006,24.5760,0.00,VEHICLE,0,0,
-1019.5504,-619.5322,32.0008,27.0252,0.00,VEHICLE,0,0,
-1020.8167,-617.3348,32.0006,29.5307,0.00,VEHICLE,0,0,
-1022.0187,-615.2783,32.0004,30.1422,0.00,VEHICLE,0,0,
-1023.2773,-613.1382,32.0005,30.2870,0.00,VEHICLE,0,0,
-1024.5079,-611.0498,32.0005,30.3185,0.00,VEHICLE,0,0,
-1025.6978,-609.0274,32.0003,30.3252,0.00,VEHICLE,0,0,
-1026.9283,-606.9309,32.0002,30.3274,0.00,VEHICLE,0,0,
-1028.1370,-604.8663,32.0001,30.3292,0.00,VEHICLE,0,0,
-1029.4323,-602.6506,32.0001,30.3312,0.00,VEHICLE,0,0,
-1030.7698,-600.3600,32.0001,30.3329,0.00,VEHICLE,0,0,
-1032.1191,-598.0496,32.0000,30.3339,0.00,VEHICLE,0,0,
-1033.4707,-595.7474,31.9992,30.4164,0.00,VEHICLE,0,0,
-1034.8147,-593.6563,31.9985,32.1559,0.00,VEHICLE,0,0,
-1036.2207,-591.7023,31.9978,35.0698,0.00,VEHICLE,0,0,
-1037.6639,-589.7455,31.9976,36.1920,0.00,VEHICLE,0,0,
-1039.2876,-587.6356,31.9977,37.1585,0.00,VEHICLE,0,0,
-1041.0166,-585.7297,31.9976,41.0465,0.00,VEHICLE,0,0,
-1042.9214,-584.0399,31.9969,46.9704,0.00,VEHICLE,0,0,
-1044.7615,-582.7653,31.9959,53.1653,0.00,VEHICLE,0,0,
-1046.7831,-581.6703,31.9953,59.7927,0.00,VEHICLE,0,0,
-1048.7435,-580.8054,31.9959,64.9161,0.00,VEHICLE,0,0,
-1050.7740,-579.9410,31.9977,67.5760,0.00,VEHICLE,0,0,
-1052.9636,-579.0996,31.9991,68.8450,0.00,VEHICLE,0,0,
-1055.1992,-578.3864,31.9998,71.1197,0.00,VEHICLE,0,0,
-1057.4757,-577.8028,32.0000,74.4439,0.00,VEHICLE,0,0,
-1060.1095,-577.3237,31.9998,78.8225,0.00,VEHICLE,0,0,
-1062.8152,-577.0399,31.9993,83.2711,0.00,VEHICLE,0,0,
-1065.4833,-576.8231,31.9994,85.2100,0.00,VEHICLE,0,0,
-1068.1860,-576.6340,31.9997,85.6277,0.00,VEHICLE,0,0,
-1070.9407,-576.4440,31.9999,85.7044,0.00,VEHICLE,0,0,
-1073.1035,-576.2960,32.0000,85.7761,0.00,VEHICLE,0,0,
-1076.1364,-576.2000,32.0000,87.8069,0.00,VEHICLE,0,0,
-1078.9700,-576.2753,31.9999,91.1111,0.00,VEHICLE,0,0,
-1081.6000,-576.4988,31.9994,94.3916,0.00,VEHICLE,0,0,
-1084.3987,-576.7874,31.9992,95.7548,0.00,VEHICLE,0,0,
-1087.0936,-577.0848,31.9994,96.0509,0.00,VEHICLE,0,0,
-1090.0111,-577.4122,31.9998,96.1186,0.00,VEHICLE,0,0,
-1093.2683,-577.7048,32.0000,94.9745,0.00,VEHICLE,0,0,
-1096.3171,-577.8173,31.9997,92.2032,0.00,VEHICLE,0,0,
-1099.1493,-577.8487,31.9989,90.7275,0.00,VEHICLE,0,0,
-1101.9618,-577.8550,31.9984,90.3500,0.00,VEHICLE,0,0,
-1104.7195,-577.8541,31.9983,90.2737,0.00,VEHICLE,0,0,
-1107.3075,-577.8547,31.9988,90.2598,0.00,VEHICLE,0,0,
-1109.9836,-577.8598,31.9994,90.2562,0.00,VEHICLE,0,0,
-1112.6697,-577.8698,31.9991,90.2545,0.00,VEHICLE,0,0,
-1115.3009,-577.9026,31.9984,90.5587,0.00,VEHICLE,0,0,
-1118.1826,-578.0737,31.9979,92.9530,0.00,VEHICLE,0,0,
-1120.7943,-578.3958,31.9833,96.4260,0.00,VEHICLE,0,0,
-1123.2499,-578.7678,31.8883,98.6263,0.00,VEHICLE,0,0,
-1126.0514,-579.2387,31.7053,99.8162,0.00,VEHICLE,0,0,
-1128.8140,-579.8264,31.4914,101.9587,0.00,VEHICLE,0,0,
-1131.4636,-580.5523,31.5311,105.0256,0.00,VEHICLE,0,0,
-1133.9940,-581.5101,31.7894,110.0289,0.00,VEHICLE,0,0,
-1136.1267,-582.5844,32.1726,115.4585,0.00,VEHICLE,0,0,
-1138.1542,-583.8654,32.5496,121.0105,0.00,VEHICLE,0,0,
-1140.0134,-585.2830,32.8974,126.3001,0.00,VEHICLE,0,0,
-1141.8197,-586.9344,33.2484,131.5769,0.00,VEHICLE,0,0,
-1143.4795,-588.6016,33.5846,135.0759,0.00,VEHICLE,0,0,
-1145.0581,-590.2382,33.9065,136.4896,0.00,VEHICLE,0,0,
-1146.7029,-591.9606,34.2275,136.8610,0.00,VEHICLE,0,0,
-1148.3602,-593.6896,34.4937,136.9913,0.00,VEHICLE,0,0,
-1150.1079,-595.6304,34.8292,138.0879,0.00,VEHICLE,0,0,
-1151.6263,-597.6610,35.2294,141.8677,0.00,VEHICLE,0,0,
-1152.9005,-599.8443,35.6749,147.7497,0.00,VEHICLE,0,0,
-1153.7627,-601.8626,36.0696,154.0306,0.00,VEHICLE,0,0,
-1154.4893,-603.7979,36.4369,157.9527,0.00,VEHICLE,0,0,
-1155.2180,-605.7953,36.8118,159.0518,0.00,VEHICLE,0,0,
-1155.9608,-607.8111,37.1897,159.2905,0.00,VEHICLE,0,0,
-1156.6849,-609.7474,37.5527,159.3516,0.00,VEHICLE,0,0,
-1157.4362,-611.7352,37.9257,159.3741,0.00,VEHICLE,0,0,
-1158.2024,-613.7523,38.3044,159.3847,0.00,VEHICLE,0,0,
-1158.9579,-615.7402,38.6321,159.3814,0.00,VEHICLE,0,0,
-1159.7357,-617.7931,38.9505,159.3725,0.00,VEHICLE,0,0,
-1160.5104,-619.8450,39.2267,159.3721,0.00,VEHICLE,0,0,
-1161.3186,-621.9924,39.5140,159.3717,0.00,VEHICLE,0,0,
-1162.1248,-624.1382,39.8067,159.3713,0.00,VEHICLE,0,0,
-1162.9576,-626.3549,40.1109,159.3710,0.00,VEHICLE,0,0,
-1163.7799,-628.5410,40.4108,159.3669,0.00,VEHICLE,0,0,
-1164.6412,-630.8277,40.7240,159.3661,0.00,VEHICLE,0,0,
-1165.5095,-633.1288,41.0390,159.3685,0.00,VEHICLE,0,0,
-1166.3790,-635.4305,41.3542,159.3706,0.00,VEHICLE,0,0,
-1167.3212,-638.0062,41.7056,159.8315,0.00,VEHICLE,0,0,
-1168.0768,-640.5671,42.0467,162.9784,0.00,VEHICLE,0,0,
-1168.5846,-642.8934,42.3481,166.7864,0.00,VEHICLE,0,0,
-1169.0443,-645.2075,42.6468,168.3799,0.00,VEHICLE,0,0,
-1169.5096,-647.6463,42.9617,168.7968,0.00,VEHICLE,0,0,
-1169.9575,-650.0332,43.2829,168.8963,0.00,VEHICLE,0,0,
-1170.3911,-652.3643,43.6842,169.0241,0.00,VEHICLE,0,0,
-1170.8435,-654.7889,44.1621,169.0904,0.00,VEHICLE,0,0,
-1171.2766,-657.0826,44.6493,169.0955,0.00,VEHICLE,0,0,
-1171.7222,-659.4039,45.1332,169.1064,0.00,VEHICLE,0,0,
-1172.1219,-661.9073,45.6424,170.6172,0.00,VEHICLE,0,0,
-1172.2955,-664.3272,46.1154,174.9181,0.00,VEHICLE,0,0,
-1172.3538,-666.4864,46.5292,177.7863,0.00,VEHICLE,0,0,
-1172.3940,-668.7343,46.9588,178.6284,0.00,VEHICLE,0,0,
-1172.4314,-671.0968,47.4102,178.7579,0.00,VEHICLE,0,0,
-1172.5988,-673.6304,47.9042,176.4578,0.00,VEHICLE,0,0,
-1172.9785,-676.1502,48.4116,172.0811,0.00,VEHICLE,0,0,
-1173.5762,-678.4664,48.8919,166.8487,0.00,VEHICLE,0,0,
-1174.3782,-680.6329,49.3187,161.1847,0.00,VEHICLE,0,0,
-1175.3005,-682.4961,49.6847,155.7287,0.00,VEHICLE,0,0,
-1176.3756,-684.1884,50.0121,149.9837,0.00,VEHICLE,0,0,
-1177.5231,-685.8824,50.3516,146.8304,0.00,VEHICLE,0,0,
-1179.0634,-688.0972,50.8047,145.9892,0.00,VEHICLE,0,0,
-1180.2427,-689.8055,51.1566,145.8910,0.00,VEHICLE,0,0,
-1181.4181,-691.5325,51.5152,145.8582,0.00,VEHICLE,0,0,
-1182.6338,-693.3348,51.8863,145.8319,0.00,VEHICLE,0,0,
-1183.8217,-695.0971,52.2491,145.8182,0.00,VEHICLE,0,0,
-1185.0151,-696.8588,52.6070,145.8119,0.00,VEHICLE,0,0,
-1186.2623,-698.6918,52.9808,145.8010,0.00,VEHICLE,0,0,
-1187.6279,-700.7585,53.3997,146.3779,0.00,VEHICLE,0,0,
-1188.8411,-702.9453,53.8332,150.0567,0.00,VEHICLE,0,0,
-1189.7914,-705.1677,54.2560,155.4177,0.00,VEHICLE,0,0,
-1190.4429,-707.3926,54.6529,161.6781,0.00,VEHICLE,0,0,
-1190.8713,-709.4638,54.9791,166.7393,0.00,VEHICLE,0,0,
-1191.2813,-711.6127,55.3041,168.6093,0.00,VEHICLE,0,0,
-1191.6826,-713.8161,55.6135,168.9773,0.00,VEHICLE,0,0,
-1192.0739,-715.9424,55.9125,169.0582,0.00,VEHICLE,0,0,
-1192.4855,-718.1409,56.2220,169.0892,0.00,VEHICLE,0,0,
-1192.8585,-720.0906,56.4955,169.0648,0.00,VEHICLE,0,0,
-1193.3618,-722.2399,56.8019,167.5014,0.00,VEHICLE,0,0,
-1194.1388,-724.6791,57.1625,163.2774,0.00,VEHICLE,0,0,
-1194.9623,-726.6146,57.4629,158.7055,0.00,VEHICLE,0,0,
-1195.9923,-728.4902,57.7706,153.3158,0.00,VEHICLE,0,0,
-1197.2651,-730.3022,58.0882,146.9592,0.00,VEHICLE,0,0,
-1198.6726,-731.9293,58.3911,140.9927,0.00,VEHICLE,0,0,
-1200.1326,-733.5345,58.6957,138.4868,0.00,VEHICLE,0,0,
-1201.6437,-735.1523,59.0025,137.9682,0.00,VEHICLE,0,0,
-1203.1321,-736.7543,59.3046,137.8559,0.00,VEHICLE,0,0,
-1204.6296,-738.3856,59.6061,137.8202,0.00,VEHICLE,0,0,
-1206.1571,-740.0690,59.9128,137.8029,0.00,VEHICLE,0,0,
-1207.7156,-741.7991,60.2242,137.7844,0.00,VEHICLE,0,0,
-1209.3025,-743.5634,60.5406,137.7680,0.00,VEHICLE,0,0,
-1210.9312,-745.3693,60.8650,137.7562,0.00,VEHICLE,0,0,
-1212.5142,-747.1210,61.1868,137.7702,0.00,VEHICLE,0,0,
-1214.1173,-748.8986,61.5182,137.7905,0.00,VEHICLE,0,0,
-1215.8536,-750.8352,61.8867,137.7805,0.00,VEHICLE,0,0,
-1217.5537,-752.7416,62.2535,137.7867,0.00,VEHICLE,0,0,
-1219.2917,-754.6909,62.6344,137.8129,0.00,VEHICLE,0,0,
-1221.1261,-756.7369,63.0434,137.8241,0.00,VEHICLE,0,0,
-1222.8969,-758.6965,63.4368,137.8364,0.00,VEHICLE,0,0,
-1224.6392,-760.6128,63.7993,137.8379,0.00,VEHICLE,0,0,
-1226.4277,-762.5764,64.0091,137.7910,0.00,VEHICLE,0,0,
-1228.2279,-764.5415,64.0024,137.7850,0.00,VEHICLE,0,0,
-1230.0117,-766.4846,63.9242,137.7870,0.00,VEHICLE,0,0,
-1231.7845,-768.4231,63.8948,137.7893,0.00,VEHICLE,0,0,
-1233.5931,-770.4140,63.9081,137.7816,0.00,VEHICLE,0,0,
-1235.3739,-772.3987,64.0773,137.8767,0.00,VEHICLE,0,0,
-1237.1379,-774.3758,64.3567,137.9162,0.00,VEHICLE,0,0,
-1238.9354,-776.3866,64.7030,137.9077,0.00,VEHICLE,0,0,
-1240.8916,-778.5313,65.0600,137.6357,0.00,VEHICLE,0,0,
-1242.9626,-780.5143,65.4081,134.4032,0.00,VEHICLE,0,0,
-1245.2312,-782.2861,65.7557,128.8681,0.00,VEHICLE,0,0,
-1247.4679,-783.6513,66.0665,122.7471,0.00,VEHICLE,0,0,
-1249.6429,-784.8500,66.3587,119.2458,0.00,VEHICLE,0,0,
-1251.8501,-786.0110,66.6514,118.3112,0.00,VEHICLE,0,0,
-1254.0734,-787.1719,66.9453,118.1313,0.00,VEHICLE,0,0,
-1256.2081,-788.2939,67.2214,118.0911,0.00,VEHICLE,0,0,
-1258.3534,-789.4346,67.4566,118.1107,0.00,VEHICLE,0,0,
-1260.5317,-790.6055,67.6677,118.1177,0.00,VEHICLE,0,0,
-1262.6763,-791.7650,67.8586,118.1032,0.00,VEHICLE,0,0,
-1264.7981,-792.9113,68.0529,118.0968,0.00,VEHICLE,0,0,
-1267.0388,-794.1171,68.2617,118.0937,0.00,VEHICLE,0,0,
-1269.2261,-795.2881,68.4663,118.0935,0.00,VEHICLE,0,0,
-1271.3843,-796.4388,68.6680,118.0946,0.00,VEHICLE,0,0,
-1273.5935,-797.6141,68.8745,118.0956,0.00,VEHICLE,0,0,
-1275.8724,-798.8261,69.0873,118.0956,0.00,VEHICLE,0,0,
-1278.1538,-800.0408,69.3004,118.0942,0.00,VEHICLE,0,0,
-1280.7595,-801.3286,69.5390,116.5762,0.00,VEHICLE,0,0,
-1283.2255,-802.3802,69.7840,113.5332,0.00,VEHICLE,0,0,
-1285.5078,-803.3245,70.0388,112.5551,0.00,VEHICLE,0,0,
-1287.7526,-804.2421,70.3216,112.3185,0.00,VEHICLE,0,0,
-1290.0458,-805.1753,70.6140,112.2666,0.00,VEHICLE,0,0,
-1292.3892,-806.1284,70.9096,112.2550,0.00,VEHICLE,0,0,
-1294.7721,-807.0980,71.2091,112.2392,0.00,VEHICLE,0,0,
-1297.3787,-808.0514,71.5305,110.4829,0.00,VEHICLE,0,0,
-1300.1017,-808.8015,71.8532,106.0127,0.00,VEHICLE,0,0,
-1302.5226,-809.3270,72.1326,102.7678,0.00,VEHICLE,0,0,
-1304.8878,-809.8119,72.4092,101.8137,0.00,VEHICLE,0,0,
-1307.2738,-810.2924,72.6931,101.5811,0.00,VEHICLE,0,0,
-1309.7756,-810.7967,73.0025,101.5275,0.00,VEHICLE,0,0,
-1312.4067,-811.2991,73.3155,100.9818,0.00,VEHICLE,0,0,
-1315.0430,-811.6273,73.6168,97.7549,0.00,VEHICLE,0,0,
-1317.4695,-811.8052,73.8827,94.7464,0.00,VEHICLE,0,0,
-1319.9104,-811.9577,74.1511,93.7738,0.00,VEHICLE,0,0,
-1322.2996,-812.0946,74.4148,93.5376,0.00,VEHICLE,0,0,
-1324.8273,-812.2357,74.6942,93.4753,0.00,VEHICLE,0,0,
-1327.3523,-812.3778,74.9732,93.4594,0.00,VEHICLE,0,0,
-1329.8057,-812.5200,75.2443,93.4528,0.00,VEHICLE,0,0,
-1332.2855,-812.6678,75.5185,93.4467,0.00,VEHICLE,0,0,
-1334.7195,-812.8157,75.7875,93.4407,0.00,VEHICLE,0,0,
-1337.2037,-812.9680,76.0619,93.4347,0.00,VEHICLE,0,0,
-1339.6976,-813.1204,76.3373,93.4305,0.00,VEHICLE,0,0,
-1342.2324,-813.2737,76.6171,93.4273,0.00,VEHICLE,0,0,
-1344.7441,-813.4240,76.8943,93.4244,0.00,VEHICLE,0,0,
-1347.2213,-813.5701,77.1804,93.4143,0.00,VEHICLE,0,0,
-1349.7214,-813.7167,77.4780,93.4034,0.00,VEHICLE,0,0,
-1352.1396,-813.8578,77.7785,93.4046,0.00,VEHICLE,0,0,
-1354.5582,-813.9995,78.0791,93.4008,0.00,VEHICLE,0,0,
-1356.9236,-814.1390,78.3722,93.3943,0.00,VEHICLE,0,0,
-1359.4751,-814.2752,78.6878,93.1388,0.00,VEHICLE,0,0,
-1361.9255,-814.3586,78.9892,92.1809,0.00,VEHICLE,0,0,
-1364.2039,-814.4310,79.2687,91.8802,0.00,VEHICLE,0,0,
-1366.4497,-814.4991,79.5435,91.7988,0.00,VEHICLE,0,0,
-1368.5973,-814.5635,79.8083,91.7874,0.00,VEHICLE,0,0,
-1370.9960,-814.6276,80.1055,91.6344,0.00,VEHICLE,0,0,
-1373.2174,-814.5300,80.3801,88.6409,0.00,VEHICLE,0,0,
-1376.0490,-814.2612,80.7313,84.9944,0.00,VEHICLE,0,0,
-1378.6866,-813.9987,81.0630,84.5001,0.00,VEHICLE,0,0,
-1381.3829,-813.7433,81.3851,84.7066,0.00,VEHICLE,0,0,
-1383.9181,-813.5857,81.5295,86.0335,0.00,VEHICLE,0,0,
-1386.5621,-813.4299,81.5867,86.3214,0.00,VEHICLE,0,0,
-1389.3146,-813.2879,81.5824,86.5781,0.00,VEHICLE,0,0,
-1391.3887,-813.3188,81.5923,89.2952,0.00,VEHICLE,0,0,
-1394.2748,-813.3885,81.6121,90.9729,0.00,VEHICLE,0,0,
-1396.2781,-813.4389,81.6274,91.1756,0.00,VEHICLE,0,0,
-1398.4606,-813.4947,81.6461,91.2416,0.00,VEHICLE,0,0,
-1400.5913,-813.5486,81.6650,91.2682,0.00,VEHICLE,0,0,
-1402.7794,-813.6016,81.6862,91.2798,0.00,VEHICLE,0,0,
-1405.0485,-813.6538,81.7084,91.2898,0.00,VEHICLE,0,0,
-1407.4213,-813.7064,81.7314,91.3002,0.00,VEHICLE,0,0,
-1409.5294,-813.7548,81.7517,91.3333,0.00,VEHICLE,0,0,
-1412.1643,-813.8650,81.7649,92.1978,0.00,VEHICLE,0,0,
-1414.6801,-813.9867,81.6480,92.6274,0.00,VEHICLE,0,0,
-1417.1041,-814.1157,81.3350,92.8052,0.00,VEHICLE,0,0,
-1419.5439,-814.2450,80.8650,92.9999,0.00,VEHICLE,0,0,
-1422.3092,-814.4175,80.3435,93.5469,0.00,VEHICLE,0,0,
-1424.8577,-814.6021,79.9484,93.9199,0.00,VEHICLE,0,0,
-1427.4545,-814.7874,79.5538,94.0214,0.00,VEHICLE,0,0,
-1430.2083,-814.9808,79.1298,94.0516,0.00,VEHICLE,0,0,
-1433.0349,-815.1786,78.6915,94.0688,0.00,VEHICLE,0,0,
-1435.9342,-815.3827,78.2413,94.0806,0.00,VEHICLE,0,0,
-1438.7760,-815.5847,77.7999,94.0891,0.00,VEHICLE,0,0,
-1441.8419,-815.8041,77.3106,94.0832,0.00,VEHICLE,0,0,
-1445.3342,-816.0520,76.5826,93.9574,0.00,VEHICLE,0,0,
-1448.8119,-816.2660,75.6623,93.5074,0.00,VEHICLE,0,0,
-1452.0934,-816.4065,74.7625,92.5645,0.00,VEHICLE,0,0,
-1455.4200,-816.5309,73.9006,92.2413,0.00,VEHICLE,0,0,
-1458.7832,-816.6440,73.0316,92.1686,0.00,VEHICLE,0,0,
-1462.0524,-816.7516,72.1826,92.1538,0.00,VEHICLE,0,0,
-1465.8911,-816.8848,71.1828,92.1592,0.00,VEHICLE,0,0,
-1469.4530,-817.0162,70.2555,92.1607,0.00,VEHICLE,0,0,
-1471.4941,-817.0931,69.7251,92.1464,0.00,VEHICLE,0,0,
-1473.5704,-817.1537,69.1867,91.8168,0.00,VEHICLE,0,0,
-1475.6808,-817.1693,68.6417,90.7730,0.00,VEHICLE,0,0,
-1477.7489,-817.1641,68.1034,89.8700,0.00,VEHICLE,0,0,
-1479.9108,-817.1400,67.5331,89.3493,0.00,VEHICLE,0,0,
-1483.5558,-817.0615,66.5528,89.0878,0.00,VEHICLE,0,0,
-1487.2841,-816.9545,65.5290,89.0219,0.00,VEHICLE,0,0,
-1491.0490,-816.8428,64.4696,89.0250,0.00,VEHICLE,0,0,
-1493.1234,-816.7880,63.8839,89.0268,0.00,VEHICLE,0,0,
-1495.0974,-816.7413,63.3275,89.0170,0.00,VEHICLE,0,0,
-1497.1774,-816.6905,62.7467,88.8702,0.00,VEHICLE,0,0,
-1499.1423,-816.6383,62.2385,88.5579,0.00,VEHICLE,0,0,
-1501.2634,-816.5804,61.7173,88.3050,0.00,VEHICLE,0,0,
-1503.3536,-816.5219,61.2494,88.2059,0.00,VEHICLE,0,0,
-1505.5898,-816.4606,60.7629,88.1590,0.00,VEHICLE,0,0,
-1507.7498,-816.4025,60.2974,88.1390,0.00,VEHICLE,0,0,
-1509.8789,-816.3458,59.8369,88.1293,0.00,VEHICLE,0,0,
-1512.0991,-816.2843,59.3568,88.1091,0.00,VEHICLE,0,0,
-1514.3671,-816.2014,58.9071,87.8112,0.00,VEHICLE,0,0,
-1516.6686,-816.0711,58.4781,86.8999,0.00,VEHICLE,0,0,
-1519.0472,-815.8437,58.0733,84.9694,0.00,VEHICLE,0,0,
-1521.4479,-815.4961,57.6682,82.1912,0.00,VEHICLE,0,0,
-1523.4780,-815.1276,57.3208,79.9700,0.00,VEHICLE,0,0,
-1525.5916,-814.7043,56.9531,78.3909,0.00,VEHICLE,0,0,
-1527.6583,-814.2520,56.5958,77.4454,0.00,VEHICLE,0,0,
-1529.7194,-813.7735,56.2652,76.9199,0.00,VEHICLE,0,0,
-1531.7308,-813.2890,55.9620,76.6788,0.00,VEHICLE,0,0,
-1533.7847,-812.7864,55.6730,76.5880,0.00,VEHICLE,0,0,
-1535.8307,-812.2831,55.3885,76.5536,0.00,VEHICLE,0,0,
-1537.8823,-811.7780,55.1001,76.5410,0.00,VEHICLE,0,0,
-1540.1156,-811.2293,54.7816,76.5387,0.00,VEHICLE,0,0,
-1542.5031,-810.6458,54.4424,76.5421,0.00,VEHICLE,0,0,
-1544.9260,-810.0578,54.1182,76.5491,0.00,VEHICLE,0,0,
-1547.2175,-809.5083,53.8302,76.5950,0.00,VEHICLE,0,0,
-1549.5502,-808.9760,53.5446,77.0023,0.00,VEHICLE,0,0,
-1551.6528,-808.5267,53.2868,77.7122,0.00,VEHICLE,0,0,
-1553.7104,-808.0997,53.0330,78.1927,0.00,VEHICLE,0,0,
-1555.7355,-807.6890,52.7820,78.4476,0.00,VEHICLE,0,0,
-1557.7625,-807.2833,52.5415,78.5730,0.00,VEHICLE,0,0,
-1559.7539,-806.8875,52.3132,78.6307,0.00,VEHICLE,0,0,
-1561.8328,-806.4755,52.0858,78.6577,0.00,VEHICLE,0,0,
-1563.8990,-806.0662,51.8628,78.6693,0.00,VEHICLE,0,0,
-1566.1572,-805.6155,51.6177,78.6329,0.00,VEHICLE,0,0,
-1568.4266,-805.1388,51.3693,78.2392,0.00,VEHICLE,0,0,
-1570.4218,-804.7021,51.1494,77.7189,0.00,VEHICLE,0,0,
-1572.4143,-804.2568,50.9381,77.3912,0.00,VEHICLE,0,0,
-1574.4658,-803.7916,50.7273,77.2152,0.00,VEHICLE,0,0,
-1576.5181,-803.3218,50.5255,77.1316,0.00,VEHICLE,0,0,
-1578.5074,-802.8640,50.3319,77.0936,0.00,VEHICLE,0,0,
-1580.6199,-802.3760,50.1256,77.0754,0.00,VEHICLE,0,0,
-1582.6104,-801.9153,49.9298,77.0683,0.00,VEHICLE,0,0,
-1584.6434,-801.4445,49.7306,77.0656,0.00,VEHICLE,0,0,
-1586.8085,-800.9433,49.5261,77.0650,0.00,VEHICLE,0,0,
-1589.0498,-800.4230,49.3209,77.0341,0.00,VEHICLE,0,0,
-1591.3080,-799.8807,49.1196,76.7109,0.00,VEHICLE,0,0,
-1593.5166,-799.3051,48.9225,75.7828,0.00,VEHICLE,0,0,
-1595.5282,-798.7519,48.7417,74.8086,0.00,VEHICLE,0,0,
-1597.5184,-798.1893,48.5618,74.2296,0.00,VEHICLE,0,0,
-1599.5728,-797.5979,48.3804,73.9277,0.00,VEHICLE,0,0,
-1601.7134,-796.9750,48.1995,73.7807,0.00,VEHICLE,0,0,
-1603.7889,-796.3671,48.0333,73.7166,0.00,VEHICLE,0,0,
-1606.0356,-795.7061,47.8579,73.6777,0.00,VEHICLE,0,0,
-1608.3375,-795.0074,47.6778,73.3577,0.00,VEHICLE,0,0,
-1610.5753,-794.2702,47.5003,72.2602,0.00,VEHICLE,0,0,
-1612.8093,-793.4455,47.3185,70.2819,0.00,VEHICLE,0,0,
-1614.7007,-792.6808,47.1571,68.4662,0.00,VEHICLE,0,0,
-1616.5811,-791.8890,46.9929,67.2701,0.00,VEHICLE,0,0,
-1618.4628,-791.0737,46.8230,66.5990,0.00,VEHICLE,0,0,
-1620.4027,-790.2167,46.6462,66.2665,0.00,VEHICLE,0,0,
-1622.2306,-789.4014,46.4797,66.1234,0.00,VEHICLE,0,0,
-1624.0599,-788.5816,46.3130,66.0605,0.00,VEHICLE,0,0,
-1625.9025,-787.7542,46.1441,66.0333,0.00,VEHICLE,0,0,
-1627.9330,-786.8438,45.9529,66.0417,0.00,VEHICLE,0,0,
-1631.2633,-785.4285,45.6332,67.1607,0.00,VEHICLE,0,0,
-1633.1611,-784.6624,45.4498,68.0120,0.00,VEHICLE,0,0,
-1636.7562,-783.2511,45.1037,68.7024,0.00,VEHICLE,0,0,
-1640.3917,-781.8487,44.7613,68.8671,0.00,VEHICLE,0,0,
-1642.3518,-781.0970,44.5823,68.8912,0.00,VEHICLE,0,0,
-1644.3850,-780.3145,44.4022,68.8405,0.00,VEHICLE,0,0,
-1646.2615,-779.5797,44.2367,68.5934,0.00,VEHICLE,0,0,
-1649.8145,-778.1733,43.9216,68.2480,0.00,VEHICLE,0,0,
-1651.6674,-777.4341,43.7572,68.1831,0.00,VEHICLE,0,0,
-1655.2932,-775.9804,43.4457,68.1393,0.00,VEHICLE,0,0,
-1658.7574,-774.5859,43.1588,68.1329,0.00,VEHICLE,0,0,
-1662.4529,-773.0961,42.8531,68.1238,0.00,VEHICLE,0,0,
-1664.4600,-772.2667,42.6851,67.8204,0.00,VEHICLE,0,0,
-1667.7031,-770.7924,42.4038,65.6008,0.00,VEHICLE,0,0,
-1671.1699,-769.0901,42.0917,63.6526,0.00,VEHICLE,0,0,
-1674.5505,-767.3787,41.7840,63.1356,0.00,VEHICLE,0,0,
-1676.3350,-766.4675,41.6203,63.0547,0.00,VEHICLE,0,0,
-1679.7174,-764.7349,41.2907,63.0043,0.00,VEHICLE,0,0,
-1682.9202,-763.0929,40.9594,62.9975,0.00,VEHICLE,0,0,
-1686.0461,-761.4927,40.6344,62.9989,0.00,VEHICLE,0,0,
-1688.7756,-760.0986,40.3501,62.9988,0.00,VEHICLE,0,0,
-1692.0392,-758.4349,39.9892,62.9951,0.00,VEHICLE,0,0,
-1694.9146,-756.9698,39.6536,62.9816,0.00,VEHICLE,0,0,
-1697.8599,-755.4314,39.3062,62.4418,0.00,VEHICLE,0,0,
-1701.3026,-753.5758,38.8929,61.5287,0.00,VEHICLE,0,0,
-1704.2722,-751.9518,38.5228,61.2808,0.00,VEHICLE,0,0,
-1706.2244,-750.8783,38.2734,61.2304,0.00,VEHICLE,0,0,
-1709.5013,-749.0663,37.8529,61.1338,0.00,VEHICLE,0,0,
-1711.2621,-748.0602,37.6259,60.6773,0.00,VEHICLE,0,0,
-1712.9663,-747.0327,37.3757,59.6046,0.00,VEHICLE,0,0,
-1715.8658,-745.2190,36.8955,57.9045,0.00,VEHICLE,0,0,
-1718.6770,-743.4101,36.3712,57.2737,0.00,VEHICLE,0,0,
-1721.5790,-741.5201,35.8256,57.1078,0.00,VEHICLE,0,0,
-1724.3564,-739.7068,35.2878,57.0801,0.00,VEHICLE,0,0,
-1727.4664,-737.6751,34.6433,57.0788,0.00,VEHICLE,0,0,
-1730.5972,-735.6061,33.9656,56.7385,0.00,VEHICLE,0,0,
-1733.4481,-733.6592,33.3572,55.7163,0.00,VEHICLE,0,0,
-1736.4614,-731.5762,32.7777,55.2178,0.00,VEHICLE,0,0,
-1738.0919,-730.4396,32.4916,55.1257,0.00,VEHICLE,0,0,
-1741.2217,-728.2410,31.9385,55.0599,0.00,VEHICLE,0,0,
-1743.9762,-726.1852,31.4150,53.6556,0.00,VEHICLE,0,0,
-1746.4357,-723.9980,30.9421,48.7049,0.00,VEHICLE,0,0,
-1748.5277,-721.6728,30.5349,41.2895,0.00,VEHICLE,0,0,
-1750.0504,-719.4936,30.1937,34.0945,0.00,VEHICLE,0,0,
-1751.3427,-717.1928,29.8369,27.3417,0.00,VEHICLE,0,0,
-1752.4382,-714.9315,29.4735,22.4454,0.00,VEHICLE,0,0,
-1753.5043,-712.2366,29.0407,18.2348,0.00,VEHICLE,0,0,
-1754.2146,-710.0180,28.6894,16.1542,0.00,VEHICLE,0,0,
-1754.8217,-707.4781,28.2747,14.0681,0.00,VEHICLE,0,0,
-1755.2972,-704.5480,27.8121,10.1033,0.00,VEHICLE,0,0,
-1755.6680,-701.8258,27.3729,7.9501,0.00,VEHICLE,0,0,
-1756.0339,-698.9731,26.8806,7.3539,0.00,VEHICLE,0,0,
-1756.3279,-696.6177,26.4568,7.2366,0.00,VEHICLE,0,0,
-1756.6344,-694.1448,25.9955,7.2079,0.00,VEHICLE,0,0,
-1757.0009,-691.1390,25.4140,7.1898,0.00,VEHICLE,0,0,
-1757.3486,-688.2466,24.8396,7.1748,0.00,VEHICLE,0,0,
-1757.6193,-685.9982,24.4492,7.1559,0.00,VEHICLE,0,0,
-1757.9854,-682.9957,23.9952,7.1280,0.00,VEHICLE,0,0,
-1758.3630,-679.9490,23.5778,7.1194,0.00,VEHICLE,0,0,
-1758.7372,-676.9672,23.1555,7.1148,0.00,VEHICLE,0,0,
-1759.1345,-673.8209,22.7096,7.1026,0.00,VEHICLE,0,0,
-1759.5420,-670.5730,22.2661,7.0560,0.00,VEHICLE,0,0,
-1759.9135,-667.3177,21.8353,6.4765,0.00,VEHICLE,0,0,
-1760.2748,-664.0035,21.3953,6.1452,0.00,VEHICLE,0,0,
-1760.6296,-660.6608,20.9490,6.0601,0.00,VEHICLE,0,0,
-1761.0198,-656.9021,20.4550,5.9811,0.00,VEHICLE,0,0,
-1761.2966,-653.1549,19.9896,4.2900,0.00,VEHICLE,0,0,
-1761.3174,-649.5248,19.5547,0.1042,0.00,VEHICLE,0,0,
-1761.2295,-646.3013,19.1656,358.1662,0.00,VEHICLE,0,0,
-1761.0923,-643.0740,18.7748,357.5785,0.00,VEHICLE,0,0,
-1760.9283,-639.6793,18.3736,357.4458,0.00,VEHICLE,0,0,
-1760.8682,-636.2667,18.0510,359.2055,0.00,VEHICLE,0,0,
-1761.1272,-633.2951,17.8308,4.7971,0.00,VEHICLE,0,0,
-1761.6652,-630.6727,17.6355,11.8448,0.00,VEHICLE,0,0,
-1762.3571,-628.2744,17.4512,17.3411,0.00,VEHICLE,0,0,
-1763.1221,-626.0261,17.2697,20.3718,0.00,VEHICLE,0,0,
-1764.0750,-623.6255,17.0837,21.5998,0.00,VEHICLE,0,0,
-1765.0593,-620.9565,16.8883,19.9592,0.00,VEHICLE,0,0,
-1765.7404,-618.4984,16.7232,15.8040,0.00,VEHICLE,0,0,
-1766.1483,-616.1066,16.5772,10.5711,0.00,VEHICLE,0,0,
-1766.2996,-613.5776,16.4240,4.0292,0.00,VEHICLE,0,0,
-1766.2913,-611.2517,16.2812,359.7126,0.00,VEHICLE,0,0,
-1766.2026,-608.9705,16.1746,357.9036,0.00,VEHICLE,0,0,
-1766.0651,-606.6573,16.1371,357.4180,0.00,VEHICLE,0,0,
-1765.9310,-604.3831,16.1537,357.3315,0.00,VEHICLE,0,0,
-1765.7751,-601.9504,16.2085,356.9393,0.00,VEHICLE,0,0,
-1765.5675,-599.7013,16.2467,355.3282,0.00,VEHICLE,0,0,
-1765.3802,-597.6663,16.2759,354.6446,0.00,VEHICLE,0,0,
-1765.1744,-595.2099,16.3091,354.7358,0.00,VEHICLE,0,0,
-1765.1331,-593.0086,16.3238,357.4706,0.00,VEHICLE,0,0,
-1765.2839,-590.8107,16.3325,2.2638,0.00,VEHICLE,0,0,
-1765.8995,-587.9368,16.3255,11.1797,0.00,VEHICLE,0,0,
-1766.8911,-585.5814,16.3221,21.1639,0.00,VEHICLE,0,0,
-1768.5800,-583.2408,16.3213,34.7929,0.00,VEHICLE,0,0,
-1770.1381,-581.8683,16.3221,45.6431,0.00,VEHICLE,0,0,
-1772.3145,-580.6633,16.3229,58.5876,0.00,VEHICLE,0,0,
-1774.5339,-579.9089,16.3235,69.1670,0.00,VEHICLE,0,0,
-1776.7461,-579.2358,16.3255,72.4271,0.00,VEHICLE,0,0,
-1779.0146,-578.5688,16.3260,72.8047,0.00,VEHICLE,0,0,
-1781.5588,-577.8499,16.3268,73.7521,0.00,VEHICLE,0,0,
-1784.0752,-577.2177,16.3283,75.7939,0.00,VEHICLE,0,0,
-1786.9198,-576.5068,16.3288,76.1509,0.00,VEHICLE,0,0,
-1788.9441,-576.0079,16.3141,76.1624,0.00,VEHICLE,0,0,
-1791.5273,-575.2160,16.2743,73.4557,0.00,VEHICLE,0,0,
-1794.0503,-574.1398,16.2087,67.6901,0.00,VEHICLE,0,0,
-1796.2883,-572.8122,16.1493,60.7137,0.00,VEHICLE,0,0,
-1798.2651,-571.3066,16.1152,53.6842,0.00,VEHICLE,0,0,
-1799.9255,-569.9767,16.1043,51.1256,0.00,VEHICLE,0,0,
-1801.5850,-568.5955,16.1086,50.6054,0.00,VEHICLE,0,0,
-1803.6981,-566.7938,16.1269,50.3332,0.00,VEHICLE,0,0,
-1805.1748,-565.3882,16.1670,48.6188,0.00,VEHICLE,0,0,
-1806.5811,-563.8568,16.2099,45.2600,0.00,VEHICLE,0,0,
-1808.0430,-561.9611,16.2933,40.1292,0.00,VEHICLE,0,0,
-1809.6263,-559.7026,16.3372,36.0131,0.00,VEHICLE,0,0,
-1811.2357,-557.4342,16.3170,35.0559,0.00,VEHICLE,0,0,
-1812.3849,-555.7707,16.2776,34.3944,0.00,VEHICLE,0,0,
-1813.5502,-553.9389,16.1955,32.4310,0.00,VEHICLE,0,0,
-1814.7275,-551.8610,16.0906,29.5833,0.00,VEHICLE,0,0,
-1815.6829,-549.9763,15.9472,26.5297,0.00,VEHICLE,0,0,
-1816.8588,-547.1678,15.7399,21.4593,0.00,VEHICLE,0,0,
-1817.7926,-544.3201,15.5473,17.9137,0.00,VEHICLE,0,0,
-1818.6050,-541.5266,15.3979,17.0672,0.00,VEHICLE,0,0,
-1819.4089,-538.7379,15.2726,16.9601,0.00,VEHICLE,0,0,
-1820.2611,-535.8552,15.1498,16.9337,0.00,VEHICLE,0,0,
-1821.0321,-533.3094,15.0393,16.9166,0.00,VEHICLE,0,0,
-1821.7401,-530.9065,14.9655,16.4298,0.00,VEHICLE,0,0,
-1822.3202,-528.4807,14.9285,13.8805,0.00,VEHICLE,0,0,
-1822.6995,-526.0324,14.9337,9.4234,0.00,VEHICLE,0,0,
-1822.9119,-522.9418,14.9446,3.8630,0.00,VEHICLE,0,0,
-1823.0161,-519.8214,14.9489,1.5078,0.00,VEHICLE,0,0,
-1823.0488,-516.7286,14.9512,0.9613,0.00,VEHICLE,0,0,
-1823.0687,-513.4000,14.9527,0.8859,0.00,VEHICLE,0,0,
-1823.0950,-510.2305,14.9531,0.8762,0.00,VEHICLE,0,0,
-1823.1317,-507.1006,14.9531,0.8525,0.00,VEHICLE,0,0,
-1823.1287,-504.1306,14.9531,0.0674,0.00,VEHICLE,0,0,
-1823.0758,-500.8332,14.9533,358.9514,0.00,VEHICLE,0,0,
-1823.0050,-497.4134,14.9532,358.6564,0.00,VEHICLE,0,0,
-1822.9586,-495.4008,14.9532,358.6101,0.00,VEHICLE,0,0,
-1822.8734,-491.9491,14.9532,358.5896,0.00,VEHICLE,0,0,
-1822.7836,-488.4701,14.9533,358.5889,0.00,VEHICLE,0,0,
-1822.6945,-485.0346,14.9533,358.5906,0.00,VEHICLE,0,0,
-1822.5953,-481.4525,14.9534,358.4807,0.00,VEHICLE,0,0,
-1822.3461,-477.6531,14.9529,356.1508,0.00,VEHICLE,0,0,
-1821.9713,-474.2488,14.9519,353.6155,0.00,VEHICLE,0,0,
-1821.5441,-470.7904,14.9517,352.9422,0.00,VEHICLE,0,0,
-1821.1223,-467.5047,14.9522,352.8192,0.00,VEHICLE,0,0,
-1820.6832,-464.1136,14.9526,352.7952,0.00,VEHICLE,0,0,
-1820.2065,-460.4142,14.9529,352.7912,0.00,VEHICLE,0,0,
-1819.7751,-457.0348,14.9530,352.7895,0.00,VEHICLE,0,0,
-1819.3396,-453.5927,14.9530,352.7869,0.00,VEHICLE,0,0,
-1818.8911,-450.0295,14.9530,352.7842,0.00,VEHICLE,0,0,
-1818.4346,-446.3977,14.9530,352.7823,0.00,VEHICLE,0,0,
-1817.9926,-442.8890,14.9530,352.7817,0.00,VEHICLE,0,0,
-1817.5448,-439.3488,14.9530,352.7820,0.00,VEHICLE,0,0,
-1817.1178,-435.9792,14.9530,352.7826,0.00,VEHICLE,0,0,
-1816.6729,-432.4698,14.9530,352.7834,0.00,VEHICLE,0,0,
-1816.1880,-428.6467,14.9530,352.7839,0.00,VEHICLE,0,0,
-1815.7152,-424.9247,15.0148,352.7728,0.00,VEHICLE,0,0,
-1815.2638,-421.3807,15.1598,352.7679,0.00,VEHICLE,0,0,
-1814.8151,-417.8659,15.3280,352.7696,0.00,VEHICLE,0,0,
-1814.4222,-414.7852,15.4675,352.7697,0.00,VEHICLE,0,0,
-1814.1660,-412.7993,15.5552,352.7192,0.00,VEHICLE,0,0,
-1813.7793,-410.1966,15.6692,351.8394,0.00,VEHICLE,0,0,
-1813.3994,-408.1860,15.7569,350.0575,0.00,VEHICLE,0,0,
-1812.7091,-404.8630,15.9442,348.1042,0.00,VEHICLE,0,0,
-1811.9358,-401.3712,16.1863,347.5566,0.00,VEHICLE,0,0,
-1811.1768,-398.0136,16.4275,347.4561,0.00,VEHICLE,0,0,
-1810.4043,-394.6057,16.6662,347.4365,0.00,VEHICLE,0,0,
-1809.7605,-391.4210,16.8875,348.5946,0.00,VEHICLE,0,0,
-1809.1898,-388.0031,17.1250,350.6338,0.00,VEHICLE,0,0,
-1808.6572,-384.5772,17.3822,351.1621,0.00,VEHICLE,0,0,
-1808.2203,-381.6903,17.6135,351.2577,0.00,VEHICLE,0,0,
-1807.8359,-379.1323,17.8223,351.2772,0.00,VEHICLE,0,0,
-1807.4694,-376.6963,18.0195,351.2780,0.00,VEHICLE,0,0,
-1807.0187,-373.7231,18.2596,351.2741,0.00,VEHICLE,0,0,
-1806.4952,-370.3040,18.5361,351.2731,0.00,VEHICLE,0,0,
-1806.1104,-367.8130,18.7405,351.2758,0.00,VEHICLE,0,0,
-1805.7250,-365.3448,18.9965,351.2478,0.00,VEHICLE,0,0,
-1805.3572,-363.0025,19.2733,351.2298,0.00,VEHICLE,0,0,
-1805.0031,-360.7441,19.5687,351.2276,0.00,VEHICLE,0,0,
-1804.6390,-358.4059,19.8723,351.2218,0.00,VEHICLE,0,0,
-1804.2687,-356.0121,20.1787,351.2140,0.00,VEHICLE,0,0,
-1803.8510,-353.3005,20.5229,351.2059,0.00,VEHICLE,0,0,
-1803.4762,-350.8654,20.8310,351.1992,0.00,VEHICLE,0,0,
-1803.1163,-348.5296,21.1261,351.1940,0.00,VEHICLE,0,0,
-1802.7703,-345.7873,21.4907,352.4106,0.00,VEHICLE,0,0,
-1802.5962,-343.5054,21.8077,354.9753,0.00,VEHICLE,0,0,
-1802.4490,-341.2076,22.1398,356.2718,0.00,VEHICLE,0,0,
-1802.2653,-337.9133,22.6144,356.7419,0.00,VEHICLE,0,0,
-1802.1448,-335.6284,22.9422,356.8021,0.00,VEHICLE,0,0,
-1802.0292,-333.4182,23.2587,356.8159,0.00,VEHICLE,0,0,
-1801.9117,-331.1946,23.5769,356.8184,0.00,VEHICLE,0,0,
-1801.7914,-328.9610,23.8963,356.8188,0.00,VEHICLE,0,0,
-1801.6306,-326.0312,24.2382,356.8303,0.00,VEHICLE,0,0,
-1801.5011,-323.6944,24.4224,356.8515,0.00,VEHICLE,0,0,
-1801.3772,-321.4536,24.5195,356.8586,0.00,VEHICLE,0,0,
-1801.2532,-319.2045,24.5841,356.8614,0.00,VEHICLE,0,0,
-1801.1246,-316.8679,24.6807,356.8607,0.00,VEHICLE,0,0,
-1800.9982,-314.5661,24.7859,356.8601,0.00,VEHICLE,0,0,
-1800.8734,-312.2900,24.8927,356.8599,0.00,VEHICLE,0,0,
-1800.7546,-310.1235,24.9947,356.8596,0.00,VEHICLE,0,0,
-1800.6292,-307.8337,25.1027,356.8590,0.00,VEHICLE,0,0,
-1800.5062,-305.5940,25.1318,356.8592,0.00,VEHICLE,0,0,
-1800.3595,-302.9033,25.0019,356.8583,0.00,VEHICLE,0,0,
-1800.2377,-300.5961,24.8013,356.8729,0.00,VEHICLE,0,0,
-1800.1042,-298.0759,24.5432,356.8884,0.00,VEHICLE,0,0,
-1800.0288,-295.5280,24.3407,357.8632,0.00,VEHICLE,0,0,
-1800.0122,-293.2979,24.1753,359.3156,0.00,VEHICLE,0,0,
-1800.0101,-290.1674,23.9428,0.0012,0.00,VEHICLE,0,0,
-1800.0182,-287.2329,23.7183,0.1119,0.00,VEHICLE,0,0,
-1800.0295,-284.1712,23.3457,0.1352,0.00,VEHICLE,0,0,
-1800.0415,-281.1472,22.8499,0.1357,0.00,VEHICLE,0,0,
-1800.0500,-277.9219,22.2242,0.1189,0.00,VEHICLE,0,0,
-1800.0560,-274.7908,21.6644,0.1187,0.00,VEHICLE,0,0,
-1800.0624,-271.3706,21.0655,0.1190,0.00,VEHICLE,0,0,
-1800.0685,-268.3140,20.5322,0.1190,0.00,VEHICLE,0,0,
-1800.0758,-264.7305,20.0141,0.1182,0.00,VEHICLE,0,0,
-1800.0836,-261.0031,19.6238,0.1175,0.00,VEHICLE,0,0,
-1800.0907,-257.6366,19.3113,0.1173,0.00,VEHICLE,0,0,
-1800.0973,-254.4796,19.0092,0.1172,0.00,VEHICLE,0,0,
-1800.1014,-252.4859,18.8158,0.1171,0.00,VEHICLE,0,0,
-1800.1085,-249.0701,18.4824,0.1171,0.00,VEHICLE,0,0,
-1800.0875,-246.0714,18.2435,359.6928,0.00,VEHICLE,0,0,
-1800.0006,-243.0895,18.1273,358.4184,0.00,VEHICLE,0,0,
-1799.9023,-240.3298,18.1416,357.8097,0.00,VEHICLE,0,0,
-1799.7344,-236.3353,18.1929,357.5959,0.00,VEHICLE,0,0,
-1799.5919,-233.0937,18.2096,357.5645,0.00,VEHICLE,0,0,
-1799.5031,-231.0860,18.2136,357.5600,0.00,VEHICLE,0,0,
-1799.3578,-227.7894,18.2157,357.5593,0.00,VEHICLE,0,0,
-1799.2300,-224.8733,18.1294,357.5514,0.00,VEHICLE,0,0,
-1799.0931,-221.6529,17.8546,357.5773,0.00,VEHICLE,0,0,
-1798.9972,-217.8863,17.3992,358.3797,0.00,VEHICLE,0,0,
-1798.9563,-215.8532,17.1638,358.7093,0.00,VEHICLE,0,0,
-1798.9021,-212.7558,16.8394,358.8992,0.00,VEHICLE,0,0,
-1798.8551,-209.9013,16.5475,358.9424,0.00,VEHICLE,0,0,
-1798.8047,-206.8666,16.2280,358.9527,0.00,VEHICLE,0,0,
-1798.7452,-203.4432,15.7690,358.9504,0.00,VEHICLE,0,0,
-1798.6843,-200.0681,15.2200,358.9506,0.00,VEHICLE,0,0,
-1798.6360,-196.6806,14.6519,359.1881,0.00,VEHICLE,0,0,
-1798.6531,-193.8723,14.1945,0.2697,0.00,VEHICLE,0,0,
-1798.6833,-191.2682,13.7739,0.7781,0.00,VEHICLE,0,0,
-1798.7260,-188.6355,13.3511,0.9326,0.00,VEHICLE,0,0,
-1798.7715,-186.1272,12.9390,0.9635,0.00,VEHICLE,0,0,
-1798.8185,-183.6222,12.4990,0.9707,0.00,VEHICLE,0,0,
-1798.8667,-181.0366,12.0153,0.9694,0.00,VEHICLE,0,0,
-1798.9111,-178.5748,11.5477,0.9683,0.00,VEHICLE,0,0,
-1798.9518,-176.2177,11.1021,0.9665,0.00,VEHICLE,0,0,
-1798.9896,-173.9483,10.6771,0.9662,0.00,VEHICLE,0,0,
-1799.0281,-171.5703,10.2340,0.9667,0.00,VEHICLE,0,0,
-1799.0660,-169.2141,9.7952,0.9673,0.00,VEHICLE,0,0,
-1799.1071,-166.6828,9.3340,0.9670,0.00,VEHICLE,0,0,
-1799.1556,-163.7417,8.8738,0.9622,0.00,VEHICLE,0,0,
-1799.1918,-161.5981,8.5858,0.9625,0.00,VEHICLE,0,0,
-1799.2268,-159.5408,8.3183,0.9627,0.00,VEHICLE,0,0,
-1799.2610,-157.5446,8.0535,0.9600,0.00,VEHICLE,0,0,
-1799.2949,-155.5511,7.7873,0.9580,0.00,VEHICLE,0,0,
-1799.3289,-153.5334,7.5170,0.9570,0.00,VEHICLE,0,0,
-1799.3663,-151.2903,7.2155,0.9562,0.00,VEHICLE,0,0,
-1799.3982,-148.9353,6.8988,0.8508,0.00,VEHICLE,0,0,
-1799.3132,-146.3523,6.5893,358.8079,0.00,VEHICLE,0,0,
-1799.0771,-144.0059,6.3893,355.1436,0.00,VEHICLE,0,0,
-1798.8281,-141.7961,6.2726,353.7108,0.00,VEHICLE,0,0,
-1798.5637,-139.6241,6.1751,353.2930,0.00,VEHICLE,0,0,
-1798.2664,-137.2464,6.0604,353.1839,0.00,VEHICLE,0,0,
-1797.9299,-134.5491,5.9213,353.1658,0.00,VEHICLE,0,0,
-1797.5465,-131.5177,5.7627,352.9642,0.00,VEHICLE,0,0,
-1797.1624,-129.4064,5.6522,350.7986,0.00,VEHICLE,0,0,
-1796.4797,-126.9528,5.5352,345.5250,0.00,VEHICLE,0,0,
-1795.2513,-124.2443,5.4729,336.5103,0.00,VEHICLE,0,0,
-1794.0284,-122.4435,5.4693,328.3286,0.00,VEHICLE,0,0,
-1792.2480,-120.6150,5.4804,317.6356,0.00,VEHICLE,0,0,
-1790.5569,-119.4411,5.4787,308.1772,0.00,VEHICLE,0,0,
-1787.9396,-118.3142,5.3764,294.9625,0.00,VEHICLE,0,0,
-1785.3595,-117.7838,5.1311,283.8084,0.00,VEHICLE,0,0,
-1782.7507,-117.5786,4.7746,274.3311,0.00,VEHICLE,0,0,
-1780.0649,-117.4436,4.3809,269.1574,0.00,VEHICLE,0,0,
-1778.0449,-117.4793,4.0899,267.3229,0.00,VEHICLE,0,0,
-1775.0903,-117.6249,3.7851,267.0359,0.00,VEHICLE,0,0,
-1773.0818,-117.7284,3.6482,267.0395,0.00,VEHICLE,0,0,
-1771.0404,-117.8365,3.6075,267.0413,0.00,VEHICLE,0,0,
-1768.7567,-117.9601,3.5819,267.0455,0.00,VEHICLE,0,0,
-1766.6218,-118.0626,3.5841,267.2349,0.00,VEHICLE,0,0,
-1764.5969,-118.0590,3.5817,269.1206,0.00,VEHICLE,0,0,
-1762.4272,-117.9074,3.5752,272.7289,0.00,VEHICLE,0,0,
-1759.7928,-117.4775,3.5645,278.3022,0.00,VEHICLE,0,0,
-1757.8329,-116.9475,3.5579,283.2213,0.00,VEHICLE,0,0,
-1755.2101,-115.8938,3.5519,291.1329,0.00,VEHICLE,0,0,
-1753.2162,-114.7477,3.5474,298.2685,0.00,VEHICLE,0,0,
-1751.0537,-113.0140,3.5449,307.6971,0.00,VEHICLE,0,0,
-1749.2717,-110.9459,3.5397,317.9636,0.00,VEHICLE,0,0,
-1747.9745,-108.6724,3.5406,328.6447,0.00,VEHICLE,0,0,
-1747.0551,-105.8224,3.5410,341.4787,0.00,VEHICLE,0,0,
-1746.7894,-102.9143,3.5415,354.2084,0.00,VEHICLE,0,0,
-1746.8315,-99.9623,3.5438,1.4384,0.00,VEHICLE,0,0,
-1747.0197,-96.6395,3.5466,2.7855,0.00,VEHICLE,0,0,
-1747.1433,-94.5422,3.5471,2.8658,0.00,VEHICLE,0,0,
-1747.2631,-92.3414,3.5473,2.8894,0.00,VEHICLE,0,0,
-1747.3716,-90.1837,3.5474,2.9027,0.00,VEHICLE,0,0,
-1747.4757,-87.9989,3.5477,2.9127,0.00,VEHICLE,0,0,
-1747.5826,-85.7192,3.5478,2.9194,0.00,VEHICLE,0,0,
-1747.6946,-83.3689,3.5479,2.9218,0.00,VEHICLE,0,0,
-1747.8126,-80.9678,3.5478,2.9208,0.00,VEHICLE,0,0,
-1747.9330,-78.5903,3.5474,2.9179,0.00,VEHICLE,0,0,
-1748.0551,-76.2356,3.5470,2.9154,0.00,VEHICLE,0,0,
-1748.1808,-73.8283,3.5461,2.9127,0.00,VEHICLE,0,0,
-1748.3151,-71.2296,3.5452,2.8910,0.00,VEHICLE,0,0,
-1748.3612,-68.5659,3.5448,1.4420,0.00,VEHICLE,0,0,
-1748.1915,-66.0859,3.5450,357.1884,0.00,VEHICLE,0,0,
-1747.8207,-63.8041,3.5447,352.1383,0.00,VEHICLE,0,0,
-1747.3608,-61.5703,3.5445,348.6261,0.00,VEHICLE,0,0,
-1746.8738,-59.4462,3.5449,347.3049,0.00,VEHICLE,0,0,
-1746.3584,-57.3140,3.5453,346.9740,0.00,VEHICLE,0,0,
-1745.8021,-55.1485,3.5453,346.4409,0.00,VEHICLE,0,0,
-1745.1340,-53.0972,3.5450,343.6359,0.00,VEHICLE,0,0,
-1744.2915,-51.1067,3.5446,338.8813,0.00,VEHICLE,0,0,
-1743.3069,-49.3070,3.5440,333.4097,0.00,VEHICLE,0,0,
-1742.1249,-47.6010,3.5435,327.3208,0.00,VEHICLE,0,0,
-1740.6405,-45.7692,3.5431,321.5003,0.00,VEHICLE,0,0,
-1738.6925,-43.5249,3.5446,318.9905,0.00,VEHICLE,0,0,
-1737.2495,-41.9260,3.5459,318.6642,0.00,VEHICLE,0,0,
-1735.6705,-40.3199,3.5469,316.9147,0.00,VEHICLE,0,0,
-1733.7926,-38.6683,3.5473,312.6859,0.00,VEHICLE,0,0,
-1731.7921,-37.2106,3.5467,307.3185,0.00,VEHICLE,0,0,
-1730.0090,-36.0788,3.5460,303.3107,0.00,VEHICLE,0,0,
-1728.0208,-34.8587,3.5459,301.4215,0.00,VEHICLE,0,0,
-1726.1790,-33.7665,3.5473,301.0991,0.00,VEHICLE,0,0,
-1724.2078,-32.6036,3.5484,301.1633,0.00,VEHICLE,0,0,
-1722.1790,-31.4058,3.5511,301.0109,0.00,VEHICLE,0,0,
-1720.2372,-30.2573,3.5479,300.8903,0.00,VEHICLE,0,0,
-1718.2263,-29.0533,3.5520,300.8688,0.00,VEHICLE,0,0,
-1716.0261,-27.7033,3.5496,301.1294,0.00,VEHICLE,0,0,
-1713.9017,-26.2948,3.5472,302.8406,0.00,VEHICLE,0,0,
-1712.0032,-25.0154,3.5468,303.7122,0.00,VEHICLE,0,0,
-1710.1060,-23.7294,3.5468,303.9879,0.00,VEHICLE,0,0,
-1707.9906,-22.2938,3.5469,304.0756,0.00,VEHICLE,0,0,
-1705.7697,-20.7875,3.5469,304.0999,0.00,VEHICLE,0,0,
-1703.6898,-19.3784,3.5470,304.1064,0.00,VEHICLE,0,0,
-1701.2556,-17.6715,3.5471,304.8721,0.00,VEHICLE,0,0,
-1699.0642,-16.0776,3.5471,306.0031,0.00,VEHICLE,0,0,
-1696.8248,-14.4301,3.5470,306.3889,0.00,VEHICLE,0,0,
-1694.7716,-12.9109,3.5469,306.4781,0.00,VEHICLE,0,0,
-1692.7003,-11.3742,3.5469,306.5000,0.00,VEHICLE,0,0,
-1690.5935,-9.8100,3.5470,306.5042,0.00,VEHICLE,0,0,
-1688.1279,-7.9297,3.5470,307.1198,0.00,VEHICLE,0,0,
-1686.1053,-6.2453,3.5470,309.3148,0.00,VEHICLE,0,0,
-1684.0204,-4.4627,3.5468,310.5731,0.00,VEHICLE,0,0,
-1681.8247,-2.5568,3.5467,310.9639,0.00,VEHICLE,0,0,
-1679.7578,-0.7515,3.5468,311.0506,0.00,VEHICLE,0,0,
-1677.4183,1.2928,3.5469,311.0381,0.00,VEHICLE,0,0,
-1675.3328,1.3850,3.5473,316.0896,0.00,VEHICLE,0,0,
-1673.7357,3.0550,3.5479,320.9799,0.00,VEHICLE,0,0,
-1672.1500,4.8112,3.5490,318.0304,0.00,VEHICLE,0,0,
-1670.4395,6.7099,3.5488,318.0454,0.00,VEHICLE,0,0,
-1668.8110,8.5021,3.5490,318.0295,0.00,VEHICLE,0,0,
-1667.2751,9.9773,3.5487,315.1990,0.00,VEHICLE,0,0,
-1665.4028,11.7172,3.5485,313.3329,0.00,VEHICLE,0,0,
-1663.5800,13.4168,3.5487,313.1330,0.00,VEHICLE,0,0,
-1661.9836,14.9053,3.5486,313.1098,0.00,VEHICLE,0,0,
-1660.2855,16.4914,3.5482,313.1053,0.00,VEHICLE,0,0,
-1658.1013,18.5357,3.5479,313.1030,0.00,VEHICLE,0,0,
-1656.3268,20.1979,3.5479,313.1018,0.00,VEHICLE,0,0,
-1654.5055,21.9038,3.5478,313.1013,0.00,VEHICLE,0,0,
-1652.8325,23.4700,3.5478,313.1013,0.00,VEHICLE,0,0,
-1650.9203,25.2598,3.5478,313.1017,0.00,VEHICLE,0,0,
-1649.2654,26.8080,3.5478,313.1021,0.00,VEHICLE,0,0,
-1646.8915,29.0290,3.5478,313.1024,0.00,VEHICLE,0,0,
-1644.7477,31.0349,3.5479,313.1024,0.00,VEHICLE,0,0,
-1643.2803,32.4081,3.5479,313.1023,0.00,VEHICLE,0,0,
-1641.7339,33.8555,3.5479,313.1022,0.00,VEHICLE,0,0,
-1640.0442,35.4370,3.5477,313.1021,0.00,VEHICLE,0,0,
-1638.4166,36.9604,3.5475,313.1020,0.00,VEHICLE,0,0,
-1636.6871,38.5790,3.5473,313.1020,0.00,VEHICLE,0,0,
-1634.9645,40.1911,3.5472,313.1020,0.00,VEHICLE,0,0,
-1633.1127,41.9240,3.5471,313.1020,0.00,VEHICLE,0,0,
-1631.3353,43.5873,3.5471,313.1021,0.00,VEHICLE,0,0,
-1629.4861,45.3180,3.5471,313.1021,0.00,VEHICLE,0,0,
-1627.5520,47.1280,3.5471,313.1021,0.00,VEHICLE,0,0,
-1625.6079,49.0034,3.5471,313.7390,0.00,VEHICLE,0,0,
-1623.3660,51.2405,3.5471,315.0063,0.00,VEHICLE,0,0,
-1621.2975,53.3298,3.5469,315.3145,0.00,VEHICLE,0,0,
-1619.2192,55.4394,3.5468,315.3760,0.00,VEHICLE,0,0,
-1617.1399,57.5531,3.5470,315.3856,0.00,VEHICLE,0,0,
-1614.9316,59.7977,3.5470,315.3864,0.00,VEHICLE,0,0,
-1612.7815,61.9805,3.5470,315.3874,0.00,VEHICLE,0,0,
-1610.5605,64.2320,3.5471,315.3894,0.00,VEHICLE,0,0,
-1608.2755,66.5466,3.5471,315.3917,0.00,VEHICLE,0,0,
-1605.9105,68.9411,3.5471,315.3932,0.00,VEHICLE,0,0,
-1603.5244,71.3579,3.5471,315.3936,0.00,VEHICLE,0,0,
-1601.0210,73.8951,3.5471,315.3929,0.00,VEHICLE,0,0,
-1598.6346,76.3149,3.5471,315.3919,0.00,VEHICLE,0,0,
-1596.1726,78.8120,3.5471,315.3911,0.00,VEHICLE,0,0,
-1593.5870,81.4343,3.5471,315.3906,0.00,VEHICLE,0,0,
-1591.0394,84.0174,3.5471,315.3908,0.00,VEHICLE,0,0,
-1588.4282,86.6646,3.5471,315.3912,0.00,VEHICLE,0,0,
-1586.7920,88.3232,3.5471,315.3916,0.00,VEHICLE,0,0,
-1585.1854,89.9515,3.5470,315.3919,0.00,VEHICLE,0,0,
-1583.5264,91.6330,3.5469,315.3921,0.00,VEHICLE,0,0,
-1581.9386,93.2423,3.5469,315.3921,0.00,VEHICLE,0,0,
-1580.3060,94.8972,3.5468,315.3921,0.00,VEHICLE,0,0,
-1578.7333,96.4915,3.5469,315.3919,0.00,VEHICLE,0,0,
-1576.0646,99.1972,3.5469,315.3916,0.00,VEHICLE,0,0,
-1573.0226,102.2814,3.5469,315.3913,0.00,VEHICLE,0,0,
-1571.4349,103.8910,3.5469,315.3912,0.00,VEHICLE,0,0,
-1569.8304,105.5177,3.5469,315.3912,0.00,VEHICLE,0,0,
-1568.1516,107.2196,3.5469,315.3913,0.00,VEHICLE,0,0,
-1566.5558,108.8374,3.5469,315.3914,0.00,VEHICLE,0,0,
-1564.9490,110.4663,3.5469,315.3915,0.00,VEHICLE,0,0,
-1563.2368,112.2019,3.5469,315.3916,0.00,VEHICLE,0,0,
-1561.5455,113.9164,3.5469,315.3916,0.00,VEHICLE,0,0,
-1559.8503,115.6348,3.5469,315.3917,0.00,VEHICLE,0,0,
-1558.2366,117.2708,3.5469,315.3917,0.00,VEHICLE,0,0,
-1556.6698,118.8590,3.5469,315.3916,0.00,VEHICLE,0,0,
-1554.9641,120.5899,3.5468,315.4201,0.00,VEHICLE,0,0,
-1553.4369,122.7861,4.5291,315.4359,0.00,VEHICLE,0,0,
-1553.4369,122.7861,4.5291,315.4359,0.00,VEHICLE,0,0,
