route,xh.csv,-2645.1685,1364.0293,6.9296,355.0544,0.00,VEHICLE,0,0,
-2645.1685,1364.0293,6.9296,355.0544,0.00,VEHICLE,0,0,
-2644.9888,1366.1069,6.9310,355.0663,0.00,VEHICLE,0,0,
-2644.7957,1368.3567,6.9290,355.0834,0.00,VEHICLE,0,0,
-2644.5935,1370.6454,6.9257,1.2612,0.00,VEHICLE,0,0,
-2644.5581,1372.6713,6.9289,15.6315,0.00,VEHICLE,0,0,
-2645.3250,1374.7241,6.9320,25.0366,0.00,VEHICLE,0,0,
-2646.2114,1376.5260,6.9363,26.7844,0.00,VEHICLE,0,0,
-2647.0906,1378.7253,6.9387,37.7754,0.00,VEHICLE,0,0,
-2648.4019,1380.4120,6.9456,59.3508,0.00,VEHICLE,0,0,
-2650.3406,1381.3250,6.9511,66.2819,0.00,VEHICLE,0,0,
-2652.2639,1382.1556,6.9487,68.2062,0.00,VEHICLE,0,0,
-2654.3015,1383.0787,6.9508,86.1659,0.00,VEHICLE,0,0,
-2656.7478,1383.0259,6.9475,95.7790,0.00,VEHICLE,0,0,
-2659.1233,1382.6924,6.9474,97.3629,0.00,VEHICLE,0,0,
-2661.5718,1382.3804,6.9447,97.5267,0.00,VEHICLE,0,0,
-2664.0391,1382.0684,6.9387,97.5480,0.00,VEHICLE,0,0,
-2666.3267,1381.7584,6.9388,97.5497,0.00,VEHICLE,0,0,
-2668.7073,1381.4430,6.9262,97.5384,0.00,VEHICLE,0,0,
-2671.0276,1381.1417,6.9124,97.5815,0.00,VEHICLE,0,0,
-2673.4568,1380.8771,6.9045,111.8643,0.00,VEHICLE,0,0,
-2675.6924,1379.6470,6.8894,127.2125,0.00,VEHICLE,0,0,
-2677.3230,1378.2703,6.8733,130.3835,0.00,VEHICLE,0,0,
-2678.8235,1376.8197,6.8656,124.7608,0.00,VEHICLE,0,0,
-2680.7332,1375.5278,6.8592,98.6743,0.00,VEHICLE,0,0,
-2683.0493,1375.4186,6.8628,91.9108,0.00,VEHICLE,0,0,
-2685.0737,1375.3445,6.8617,91.6867,0.00,VEHICLE,0,0,
-2687.3782,1375.2687,6.8618,91.6507,0.00,VEHICLE,0,0,
-2689.6064,1375.2139,6.8577,91.6535,0.00,VEHICLE,0,0,
-2691.6299,1375.1537,6.8624,91.6584,0.00,VEHICLE,0,0,
-2693.9612,1375.0835,6.8613,91.6569,0.00,VEHICLE,0,0,
-2696.2415,1375.0188,6.8573,91.6535,0.00,VEHICLE,0,0,
-2698.5588,1374.9514,6.8624,91.6552,0.00,VEHICLE,0,0,
-2700.8647,1374.8807,6.8673,91.5642,0.00,VEHICLE,0,0,
-2702.8718,1374.7887,6.8851,65.9316,0.00,VEHICLE,0,0,
-2704.7180,1375.7701,6.9011,31.3955,0.00,VEHICLE,0,0,
-2705.7915,1377.5024,6.9093,356.6297,0.00,VEHICLE,0,0,
-2705.2659,1379.5999,6.9052,307.3691,0.00,VEHICLE,0,0,
-2703.3123,1380.4983,6.8876,268.8933,0.00,VEHICLE,0,0,
-2701.2759,1380.3221,6.8786,265.6147,0.00,VEHICLE,0,0,
-2699.0662,1380.1659,6.8632,265.4433,0.00,VEHICLE,0,0,
-2696.7097,1379.9698,6.8654,265.4247,0.00,VEHICLE,0,0,
-2694.4221,1379.7880,6.8643,265.4270,0.00,VEHICLE,0,0,
-2692.0313,1379.5984,6.8614,265.4238,0.00,VEHICLE,0,0,
-2689.7712,1379.4154,6.8647,265.4238,0.00,VEHICLE,0,0,
-2687.5234,1379.2358,6.8639,265.4256,0.00,VEHICLE,0,0,
-2685.0100,1379.0353,6.8646,265.4263,0.00,VEHICLE,0,0,
-2682.9368,1378.8695,6.8622,265.4275,0.00,VEHICLE,0,0,
-2680.4355,1378.6682,6.8667,265.4248,0.00,VEHICLE,0,0,
-2678.3096,1378.4940,6.8742,265.4416,0.00,VEHICLE,0,0,
-2676.2366,1378.2455,6.8782,272.0093,0.00,VEHICLE,0,0,
-2673.6475,1378.5605,6.8930,283.2695,0.00,VEHICLE,0,0,
-2671.2104,1379.2180,6.9068,284.7951,0.00,VEHICLE,0,0,
-2669.1895,1379.7999,6.9168,283.5595,0.00,VEHICLE,0,0,
-2666.8638,1380.3665,6.9264,268.9315,0.00,VEHICLE,0,0,
-2664.3906,1380.1298,6.9259,261.1663,0.00,VEHICLE,0,0,
-2662.2642,1379.7386,6.9239,260.3630,0.00,VEHICLE,0,0,
-2659.9897,1379.3602,6.9202,260.2882,0.00,VEHICLE,0,0,
-2657.5146,1378.9487,6.9165,260.2707,0.00,VEHICLE,0,0,
-2655.3059,1378.5637,6.9112,260.2845,0.00,VEHICLE,0,0,
-2652.9141,1378.1493,6.9112,260.2912,0.00,VEHICLE,0,0,
-2650.8188,1377.8297,6.9520,258.9031,0.00,VEHICLE,0,0,
-2648.7144,1377.4755,6.9450,227.0195,0.00,VEHICLE,0,0,
-2647.4854,1375.7454,6.9402,208.7871,0.00,VEHICLE,0,0,
-2646.4780,1374.0146,6.9377,204.4489,0.00,VEHICLE,0,0,
-2645.7205,1372.0278,6.9363,194.4591,0.00,VEHICLE,0,0,
-2645.2073,1370.0197,6.9291,194.4227,0.00,VEHICLE,0,0,
-2644.6377,1368.0815,6.9303,189.3816,0.00,VEHICLE,0,0,
-2644.4255,1365.8313,6.9286,195.0624,0.00,VEHICLE,0,0,
-2643.8442,1363.7407,6.9274,231.7407,0.00,VEHICLE,0,0,
-2641.9109,1362.4208,6.9172,274.1035,0.00,VEHICLE,0,0,
-2639.6169,1363.1376,6.9063,300.5484,0.00,VEHICLE,0,0,
-2637.6206,1364.4250,6.8958,318.1124,0.00,VEHICLE,0,0,
-2636.3545,1366.1337,6.8936,327.7246,0.00,VEHICLE,0,0,
-2635.2083,1368.0508,6.8879,328.8389,0.00,VEHICLE,0,0,
-2633.9612,1370.0920,6.8796,329.0811,0.00,VEHICLE,0,0,
-2632.9202,1371.8429,6.8791,329.1391,0.00,VEHICLE,0,0,
-2631.7307,1373.8384,6.8730,329.1561,0.00,VEHICLE,0,0,
-2630.5581,1375.7959,6.8852,329.1717,0.00,VEHICLE,0,0,
-2629.4924,1377.5833,6.9033,329.1764,0.00,VEHICLE,0,0,
-2628.3928,1379.4290,6.9180,329.1890,0.00,VEHICLE,0,0,
-2627.2998,1381.2604,6.9341,329.1969,0.00,VEHICLE,0,0,
-2625.7954,1383.7649,6.9539,329.3371,0.00,VEHICLE,0,0,
-2624.5117,1385.8534,6.9288,338.6530,0.00,VEHICLE,0,0,
-2623.8096,1387.9254,6.8900,345.4443,0.00,VEHICLE,0,0,
-2623.2813,1390.2427,6.8674,347.6021,0.00,VEHICLE,0,0,
-2622.7522,1392.7961,6.8648,348.1964,0.00,VEHICLE,0,0,
-2622.3372,1394.7596,6.8636,348.3438,0.00,VEHICLE,0,0,
-2621.8447,1397.4625,6.8666,346.5195,0.00,VEHICLE,0,0,
-2621.3347,1399.7687,6.8644,333.4788,0.00,VEHICLE,0,0,
-2620.3311,1401.5635,6.8630,326.6310,0.00,VEHICLE,0,0,
-2618.7024,1403.7867,6.8687,324.5124,0.00,VEHICLE,0,0,
-2617.0283,1405.7170,6.8785,335.9454,0.00,VEHICLE,0,0,
-2616.1831,1407.7767,6.8874,351.6460,0.00,VEHICLE,0,0,
-2616.0076,1410.1550,6.8820,358.9715,0.00,VEHICLE,0,0,
-2616.0647,1412.1718,6.8808,0.8297,0.00,VEHICLE,0,0,
-2616.1121,1414.2346,6.8831,1.3325,0.00,VEHICLE,0,0,
-2616.1289,1416.5773,6.8799,1.7951,0.00,VEHICLE,0,0,
-2616.0828,1419.1333,6.8841,15.9340,0.00,VEHICLE,0,0,
-2616.9417,1421.3694,6.8748,28.7540,0.00,VEHICLE,0,0,
-2618.0869,1423.2400,6.8675,31.9402,0.00,VEHICLE,0,0,
-2619.1953,1425.0297,6.8624,38.1686,0.00,VEHICLE,0,0,
-2620.5388,1426.6549,6.8605,42.3378,0.00,VEHICLE,0,0,
-2622.1304,1428.3353,6.8603,43.2366,0.00,VEHICLE,0,0,
-2623.6584,1429.9441,6.8624,43.3878,0.00,VEHICLE,0,0,
-2625.0696,1431.4502,6.8628,43.4223,0.00,VEHICLE,0,0,
-2626.8276,1433.3140,6.8678,43.4356,0.00,VEHICLE,0,0,
-2628.3938,1434.9562,6.8646,42.4569,0.00,VEHICLE,0,0,
-2629.9253,1436.6471,6.8648,41.7774,0.00,VEHICLE,0,0,
-2631.5740,1438.5222,6.8674,41.8121,0.00,VEHICLE,0,0,
-2632.8748,1440.0958,6.8658,49.0973,0.00,VEHICLE,0,0,
-2634.4670,1441.3834,6.8633,55.6541,0.00,VEHICLE,0,0,
-2636.3215,1442.5383,6.8791,58.0547,0.00,VEHICLE,0,0,
-2638.0662,1443.5779,6.9014,58.4446,0.00,VEHICLE,0,0,
-2639.9919,1444.5406,6.9154,50.8869,0.00,VEHICLE,0,0,
-2641.5388,1445.9152,6.9107,39.1002,0.00,VEHICLE,0,0,
-2642.8716,1447.7479,6.9201,35.4946,0.00,VEHICLE,0,0,
-2644.1633,1449.5928,6.9267,35.0576,0.00,VEHICLE,0,0,
-2645.4622,1451.4232,6.9318,34.9203,0.00,VEHICLE,0,0,
-2646.6921,1453.1919,6.9301,34.8882,0.00,VEHICLE,0,0,
-2648.0808,1455.1862,6.9154,34.8764,0.00,VEHICLE,0,0,
-2649.3889,1457.0370,6.9096,34.8048,0.00,VEHICLE,0,0,
-2650.7175,1459.0017,6.9166,40.7162,0.00,VEHICLE,0,0,
-2652.2053,1460.6370,6.9093,44.7088,0.00,VEHICLE,0,0,
-2653.7927,1462.1943,6.9202,45.6181,0.00,VEHICLE,0,0,
-2655.2576,1463.6295,6.9420,45.7323,0.00,VEHICLE,0,0,
-2656.8838,1465.2227,6.9527,45.7165,0.00,VEHICLE,0,0,
-2658.3291,1466.6387,6.9513,45.7116,0.00,VEHICLE,0,0,
-2659.9177,1468.1858,6.9502,45.7154,0.00,VEHICLE,0,0,
-2661.3396,1469.6891,6.9531,48.5071,0.00,VEHICLE,0,0,
-2663.0588,1471.1606,6.9491,59.5267,0.00,VEHICLE,0,0,
-2664.9678,1472.1625,6.9524,62.9185,0.00,VEHICLE,0,0,
-2666.7947,1473.0693,6.9526,63.2653,0.00,VEHICLE,0,0,
-2668.6816,1474.0381,6.9487,63.3334,0.00,VEHICLE,0,0,
-2670.4744,1474.9324,6.9536,63.3530,0.00,VEHICLE,0,0,
-2672.2913,1475.8400,6.9514,63.3522,0.00,VEHICLE,0,0,
-2674.2610,1476.8322,6.9508,63.3519,0.00,VEHICLE,0,0,
-2676.1587,1477.7832,6.9527,63.3527,0.00,VEHICLE,0,0,
-2677.9758,1478.7102,6.9488,63.7132,0.00,VEHICLE,0,0,
-2679.8669,1479.5697,6.9525,93.2042,0.00,VEHICLE,0,0,
-2681.0769,1477.7432,6.9539,143.3252,0.00,VEHICLE,0,0,
-2682.4199,1476.0791,6.9520,155.7848,0.00,VEHICLE,0,0,
-2683.1643,1473.9824,6.9495,163.5528,0.00,VEHICLE,0,0,
-2683.7358,1471.9818,6.9526,163.8976,0.00,VEHICLE,0,0,
-2684.3677,1469.8198,6.9523,163.9217,0.00,VEHICLE,0,0,
-2684.9453,1467.7970,6.9525,163.9218,0.00,VEHICLE,0,0,
-2685.5142,1465.5933,6.9521,161.6080,0.00,VEHICLE,0,0,
-2686.2073,1463.5862,6.9424,151.2820,0.00,VEHICLE,0,0,
-2687.6616,1461.1879,6.9083,146.2282,0.00,VEHICLE,0,0,
-2689.1899,1459.1467,6.8820,149.3222,0.00,VEHICLE,0,0,
-2690.3240,1457.1158,6.8636,155.8999,0.00,VEHICLE,0,0,
-2691.1116,1455.2517,6.8650,158.2169,0.00,VEHICLE,0,0,
-2691.9922,1452.8942,6.8660,159.3041,0.00,VEHICLE,0,0,
-2692.8635,1450.5338,6.8660,159.5898,0.00,VEHICLE,0,0,
-2693.6726,1448.3778,6.8663,159.6736,0.00,VEHICLE,0,0,
-2694.4438,1446.3191,6.8663,159.7091,0.00,VEHICLE,0,0,
-2695.2886,1444.0637,6.8662,159.8820,0.00,VEHICLE,0,0,
-2696.2356,1441.7833,6.8656,166.1768,0.00,VEHICLE,0,0,
-2696.7913,1439.0902,6.8659,174.7429,0.00,VEHICLE,0,0,
-2696.9509,1436.5710,6.8629,178.4332,0.00,VEHICLE,0,0,
-2696.9460,1434.0485,6.8633,179.9595,0.00,VEHICLE,0,0,
-2696.9138,1431.9578,6.8664,180.3675,0.00,VEHICLE,0,0,
-2696.8967,1429.7751,6.8668,180.5182,0.00,VEHICLE,0,0,
-2696.8884,1427.4930,6.8661,180.5731,0.00,VEHICLE,0,0,
-2696.8721,1425.0054,6.8659,180.6067,0.00,VEHICLE,0,0,
-2696.8396,1422.2773,6.8663,180.6226,0.00,VEHICLE,0,0,
-2696.8018,1419.3910,6.8664,180.6243,0.00,VEHICLE,0,0,
-2696.7769,1417.2123,6.8663,180.6221,0.00,VEHICLE,0,0,
-2696.7485,1414.3312,6.8662,180.6210,0.00,VEHICLE,0,0,
-2696.7205,1411.5288,6.8645,180.6236,0.00,VEHICLE,0,0,
-2696.6936,1409.0558,6.8632,180.6284,0.00,VEHICLE,0,0,
-2696.6653,1406.5664,6.8639,180.6299,0.00,VEHICLE,0,0,
-2696.6370,1404.0225,6.8654,180.6291,0.00,VEHICLE,0,0,
-2696.6218,1401.5656,6.8670,180.8197,0.00,VEHICLE,0,0,
-2696.7478,1398.9624,6.8646,188.8297,0.00,VEHICLE,0,0,
-2696.3518,1396.5585,6.8636,202.5782,0.00,VEHICLE,0,0,
-2695.2432,1394.2831,6.8620,213.0334,0.00,VEHICLE,0,0,
-2693.8306,1392.3981,6.8646,217.6602,0.00,VEHICLE,0,0,
-2692.5151,1390.7859,6.8651,219.2623,0.00,VEHICLE,0,0,
-2691.2024,1389.1733,6.8636,220.0227,0.00,VEHICLE,0,0,
-2689.5767,1387.2351,6.8605,220.4636,0.00,VEHICLE,0,0,
-2688.1985,1385.5914,6.8579,221.5125,0.00,VEHICLE,0,0,
-2686.7905,1383.9772,6.8596,232.4190,0.00,VEHICLE,0,0,
-2685.0142,1382.7274,6.8581,237.7683,0.00,VEHICLE,0,0,
-2682.9104,1381.4619,6.8579,239.9679,0.00,VEHICLE,0,0,
-2680.8911,1380.0715,6.8709,255.7590,0.00,VEHICLE,0,0,
-2678.4377,1379.6538,6.8815,272.1913,0.00,VEHICLE,0,0,
-2676.1270,1379.9316,6.8861,277.4917,0.00,VEHICLE,0,0,
-2673.7568,1380.3114,6.9017,278.7280,0.00,VEHICLE,0,0,
-2671.7688,1380.5969,6.9107,279.0042,0.00,VEHICLE,0,0,
-2669.7598,1380.9041,6.9193,279.1219,0.00,VEHICLE,0,0,
-2667.2673,1381.3156,6.9314,279.1726,0.00,VEHICLE,0,0,
-2664.6296,1381.7484,6.9405,279.1763,0.00,VEHICLE,0,0,
-2662.6121,1382.0685,6.9420,279.1819,0.00,VEHICLE,0,0,
-2660.4656,1382.4432,6.9448,278.2690,0.00,VEHICLE,0,0,
-2658.3396,1382.8970,6.9470,268.5709,0.00,VEHICLE,0,0,
-2656.2822,1382.7842,6.9448,257.4688,0.00,VEHICLE,0,0,
-2654.1836,1382.1986,6.9394,250.8886,0.00,VEHICLE,0,0,
-2652.1770,1381.4258,6.9413,247.6768,0.00,VEHICLE,0,0,
-2650.1484,1380.6472,6.9531,224.6185,0.00,VEHICLE,0,0,
-2648.9077,1379.0099,6.9489,211.4524,0.00,VEHICLE,0,0,
-2647.9187,1377.2484,6.9425,201.2999,0.00,VEHICLE,0,0,
-2647.0388,1375.1383,6.9383,195.7590,0.00,VEHICLE,0,0,
-2646.6189,1373.0818,6.9390,188.0812,0.00,VEHICLE,0,0,
-2646.3462,1371.0858,6.9357,187.7198,0.00,VEHICLE,0,0,
-2646.0686,1368.8788,6.9377,192.4691,0.00,VEHICLE,0,0,
-2645.5532,1366.8296,6.9329,194.1625,0.00,VEHICLE,0,0,
-2645.0623,1364.8524,6.9317,194.2442,0.00,VEHICLE,0,0,
-2644.5027,1362.6285,6.9259,194.2726,0.00,VEHICLE,0,0,
-2644.1064,1360.2598,6.9265,210.0590,0.00,VEHICLE,0,0,
-2643.2051,1358.4307,6.9233,240.2671,0.00,VEHICLE,0,0,
-2641.3213,1357.4208,6.9147,271.7689,0.00,VEHICLE,0,0,
-2639.0627,1357.8306,6.9041,286.6404,0.00,VEHICLE,0,0,
-2636.8740,1358.4298,6.8910,303.3660,0.00,VEHICLE,0,0,
-2635.2344,1359.7462,6.8910,339.4758,0.00,VEHICLE,0,0,
-2634.8176,1361.7716,6.8808,353.1370,0.00,VEHICLE,0,0,
-2634.6648,1363.8030,6.8867,355.0043,0.00,VEHICLE,0,0,
-2634.4436,1366.0471,6.8814,355.2497,0.00,VEHICLE,0,0,
-2634.2864,1368.3250,6.8852,354.7575,0.00,VEHICLE,0,0,
-2634.0381,1370.4821,6.8825,350.0594,0.00,VEHICLE,0,0,
-2633.6084,1372.7230,6.8801,349.0873,0.00,VEHICLE,0,0,
-2633.1965,1374.8550,6.8811,349.0224,0.00,VEHICLE,0,0,
-2632.7651,1376.8199,6.8950,351.6684,0.00,VEHICLE,0,0,
-2632.5276,1379.1097,6.9146,359.7715,0.00,VEHICLE,0,0,
-2632.5837,1381.4099,6.9325,1.8562,0.00,VEHICLE,0,0,
-2632.6736,1383.6556,6.9552,2.0182,0.00,VEHICLE,0,0,
-2632.7402,1385.8799,6.9294,2.0343,0.00,VEHICLE,0,0,
-2632.8157,1387.9700,6.8827,2.0582,0.00,VEHICLE,0,0,
-2632.9004,1390.1663,6.8653,2.0543,0.00,VEHICLE,0,0,
-2632.8918,1392.1930,6.8620,8.2483,0.00,VEHICLE,0,0,
-2633.4346,1394.2456,6.8638,28.3887,0.00,VEHICLE,0,0,
-2634.5642,1396.1575,6.8629,50.6743,0.00,VEHICLE,0,0,
-2636.6311,1395.8857,6.8618,154.6267,0.00,VEHICLE,0,0,
-2637.3459,1393.8876,6.8630,163.3892,0.00,VEHICLE,0,0,
-2637.9036,1391.8790,6.8676,164.5187,0.00,VEHICLE,0,0,
-2638.4480,1389.9340,6.8634,164.5992,0.00,VEHICLE,0,0,
-2638.9851,1387.9794,6.8868,164.5778,0.00,VEHICLE,0,0,
-2639.5901,1385.7975,6.9285,164.5972,0.00,VEHICLE,0,0,
-2640.1516,1383.7430,6.9542,164.6190,0.00,VEHICLE,0,0,
-2640.7734,1381.4606,6.9359,164.6072,0.00,VEHICLE,0,0,
-2641.3228,1379.4767,6.9170,164.5968,0.00,VEHICLE,0,0,
-2641.9358,1377.2494,6.9172,164.6002,0.00,VEHICLE,0,0,
-2642.4990,1375.1981,6.9205,164.5951,0.00,VEHICLE,0,0,
-2643.0972,1373.0317,6.9205,164.5795,0.00,VEHICLE,0,0,
-2643.7295,1371.0133,6.9221,167.0824,0.00,VEHICLE,0,0,
-2644.0801,1368.8191,6.9247,183.5667,0.00,VEHICLE,0,0,
-2643.8250,1366.6841,6.9264,186.6077,0.00,VEHICLE,0,0,
-2643.5876,1364.5198,6.9219,186.7562,0.00,VEHICLE,0,0,
-2643.4749,1362.4149,6.9234,195.8981,0.00,VEHICLE,0,0,
-2642.8586,1360.4186,6.9219,230.0393,0.00,VEHICLE,0,0,
-2641.0679,1359.3784,6.9102,266.2399,0.00,VEHICLE,0,0,
-2638.9050,1359.3099,6.9034,282.1697,0.00,VEHICLE,0,0,
-2636.8091,1359.9658,6.8947,295.0229,0.00,VEHICLE,0,0,
-2634.7625,1361.0171,6.8860,296.9208,0.00,VEHICLE,0,0,
-2632.7856,1361.9623,6.8773,298.8949,0.00,VEHICLE,0,0,
-2630.7646,1363.0120,6.8672,314.1659,0.00,VEHICLE,0,0,
-2629.1150,1364.8807,6.8608,322.1589,0.00,VEHICLE,0,0,
-2627.6384,1366.7571,6.8541,327.4708,0.00,VEHICLE,0,0,
-2626.3311,1368.9440,6.8464,343.5557,0.00,VEHICLE,0,0,
-2625.7952,1371.2919,6.8478,348.4438,0.00,VEHICLE,0,0,
-2625.3291,1373.7660,6.8696,348.8174,0.00,VEHICLE,0,0,
-2624.8706,1375.9703,6.8881,348.8569,0.00,VEHICLE,0,0,
-2624.4810,1377.9586,6.9057,348.8709,0.00,VEHICLE,0,0,
-2624.0942,1379.9668,6.9227,348.8705,0.00,VEHICLE,0,0,
-2623.6816,1382.0714,6.9405,348.8682,0.00,VEHICLE,0,0,
-2623.2590,1384.1993,6.9530,348.8750,0.00,VEHICLE,0,0,
-2622.7517,1386.8035,6.9100,348.8919,0.00,VEHICLE,0,0,
-2622.3228,1389.0088,6.8804,348.8944,0.00,VEHICLE,0,0,
-2621.8879,1391.2145,6.8646,348.8857,0.00,VEHICLE,0,0,
-2621.4216,1393.5580,6.8659,348.8812,0.00,VEHICLE,0,0,
-2620.9797,1395.8004,6.8635,348.8868,0.00,VEHICLE,0,0,
-2620.4973,1398.2719,6.8662,348.8871,0.00,VEHICLE,0,0,
-2620.0984,1400.3042,6.8669,348.8865,0.00,VEHICLE,0,0,
-2619.6624,1402.5172,6.8659,348.8864,0.00,VEHICLE,0,0,
-2619.1995,1404.8719,6.8660,348.8873,0.00,VEHICLE,0,0,
-2618.6357,1407.4384,6.8665,351.3271,0.00,VEHICLE,0,0,
-2618.3345,1409.8765,6.8653,359.5459,0.00,VEHICLE,0,0,
-2618.3757,1412.0892,6.8627,2.8495,0.00,VEHICLE,0,0,
-2618.5540,1414.4871,6.8656,3.7466,0.00,VEHICLE,0,0,
-2618.7302,1417.0344,6.8604,3.8621,0.00,VEHICLE,0,0,
-2618.7637,1419.4215,6.8543,14.2575,0.00,VEHICLE,0,0,
-2619.7009,1421.3735,6.8558,55.3664,0.00,VEHICLE,0,0,
-2621.3816,1422.5803,6.8567,24.9885,0.00,VEHICLE,0,0,
-2621.9336,1424.5242,6.8601,11.7342,0.00,VEHICLE,0,0,
-2622.0979,1426.6302,6.8580,24.8280,0.00,VEHICLE,0,0,
-2623.2327,1428.5599,6.8552,36.6531,0.00,VEHICLE,0,0,
-2624.4966,1430.2411,6.8622,62.9677,0.00,VEHICLE,0,0,
-2626.5566,1430.9078,6.8671,76.4971,0.00,VEHICLE,0,0,
-2628.6641,1431.4220,6.8641,98.9317,0.00,VEHICLE,0,0,
-2630.9070,1430.7795,6.8660,101.9778,0.00,VEHICLE,0,0,
-2632.8926,1430.3893,6.8637,70.0946,0.00,VEHICLE,0,0,
-2634.8208,1431.5587,6.8626,53.8702,0.00,VEHICLE,0,0,
-2636.6313,1432.8904,6.8597,53.3837,0.00,VEHICLE,0,0,
-2638.3616,1434.1788,6.8625,53.3689,0.00,VEHICLE,0,0,
-2640.2485,1435.5809,6.8616,53.3847,0.00,VEHICLE,0,0,
-2641.9224,1436.8427,6.8632,53.7219,0.00,VEHICLE,0,0,
-2643.5942,1438.0885,6.8593,68.4433,0.00,VEHICLE,0,0,
-2645.7310,1438.8092,6.8602,71.0628,0.00,VEHICLE,0,0,
-2647.7024,1439.5774,6.8586,84.1143,0.00,VEHICLE,0,0,
-2650.0564,1439.6223,6.8610,92.4290,0.00,VEHICLE,0,0,
-2652.2856,1439.4724,6.8623,93.2747,0.00,VEHICLE,0,0,
-2654.7366,1439.3387,6.8635,93.3987,0.00,VEHICLE,0,0,
-2656.8147,1439.2274,6.8662,93.4265,0.00,VEHICLE,0,0,
-2659.0244,1439.0956,6.8660,93.4391,0.00,VEHICLE,0,0,
-2661.3215,1438.9520,6.8662,93.4378,0.00,VEHICLE,0,0,
-2663.7070,1438.8073,6.8662,93.4341,0.00,VEHICLE,0,0,
-2666.0886,1438.6666,6.8662,93.4338,0.00,VEHICLE,0,0,
-2668.7317,1438.5284,6.8661,93.9311,0.00,VEHICLE,0,0,
-2670.8079,1438.4296,6.8660,100.4352,0.00,VEHICLE,0,0,
-2673.1782,1437.9017,6.8631,107.3499,0.00,VEHICLE,0,0,
-2675.2537,1437.1901,6.8628,109.6372,0.00,VEHICLE,0,0,
-2677.8384,1436.2037,6.8670,110.2688,0.00,VEHICLE,0,0,
-2679.9807,1435.4172,6.8662,110.3480,0.00,VEHICLE,0,0,
-2682.1416,1434.6296,6.8659,110.3749,0.00,VEHICLE,0,0,
-2684.4060,1433.7878,6.8662,110.3866,0.00,VEHICLE,0,0,
-2686.7065,1432.9263,6.8662,110.3850,0.00,VEHICLE,0,0,
-2689.1526,1432.0637,6.8591,112.2081,0.00,VEHICLE,0,0,
-2691.2632,1431.3214,6.8595,130.5509,0.00,VEHICLE,0,0,
-2692.6853,1429.8241,6.8647,157.2148,0.00,VEHICLE,0,0,
-2693.2827,1427.5576,6.8610,167.0100,0.00,VEHICLE,0,0,
-2693.7981,1425.1063,6.8624,168.2147,0.00,VEHICLE,0,0,
-2694.3372,1422.6447,6.8659,168.3861,0.00,VEHICLE,0,0,
-2694.7805,1420.4794,6.8663,168.4172,0.00,VEHICLE,0,0,
-2695.2344,1418.2178,6.8661,168.4167,0.00,VEHICLE,0,0,
-2695.6885,1415.9982,6.8662,168.4115,0.00,VEHICLE,0,0,
-2696.2048,1413.7461,6.8661,169.8886,0.00,VEHICLE,0,0,
-2696.6108,1411.0986,6.8662,176.2613,0.00,VEHICLE,0,0,
-2696.7271,1408.4659,6.8659,178.8048,0.00,VEHICLE,0,0,
-2696.7410,1406.0767,6.8661,179.5056,0.00,VEHICLE,0,0,
-2696.7437,1403.6044,6.8661,179.7169,0.00,VEHICLE,0,0,
-2696.7617,1401.0712,6.8662,179.8372,0.00,VEHICLE,0,0,
-2696.8716,1399.0677,6.8657,183.5731,0.00,VEHICLE,0,0,
-2696.9612,1396.6794,6.8644,197.6085,0.00,VEHICLE,0,0,
-2696.3750,1394.6931,6.8646,212.4102,0.00,VEHICLE,0,0,
-2694.9202,1392.7123,6.8696,226.6324,0.00,VEHICLE,0,0,
-2692.8928,1391.1411,6.8602,234.1201,0.00,VEHICLE,0,0,
-2690.6487,1389.6442,6.8643,237.1172,0.00,VEHICLE,0,0,
-2689.1274,1388.3329,6.8606,208.4169,0.00,VEHICLE,0,0,
-2688.9617,1386.2820,6.8590,193.4011,0.00,VEHICLE,0,0,
-2688.5444,1384.0647,6.8595,221.8861,0.00,VEHICLE,0,0,
-2686.9827,1382.7988,6.8606,238.1720,0.00,VEHICLE,0,0,
-2685.1191,1381.4741,6.8609,251.2918,0.00,VEHICLE,0,0,
-2683.0574,1381.0135,6.8612,268.1367,0.00,VEHICLE,0,0,
-2680.7898,1381.0989,6.8754,272.2191,0.00,VEHICLE,0,0,
-2678.5505,1381.1694,6.8852,272.5862,0.00,VEHICLE,0,0,
-2676.1482,1381.2826,6.8958,272.6558,0.00,VEHICLE,0,0,
-2673.9202,1381.3937,6.9052,272.6683,0.00,VEHICLE,0,0,
-2671.7598,1381.4917,6.9143,272.6755,0.00,VEHICLE,0,0,
-2669.4541,1381.5964,6.9237,272.6865,0.00,VEHICLE,0,0,
-2666.9102,1381.7673,6.9347,270.9346,0.00,VEHICLE,0,0,
-2664.7273,1381.7738,6.9383,261.6059,0.00,VEHICLE,0,0,
-2662.7200,1381.4032,6.9336,257.0682,0.00,VEHICLE,0,0,
-2660.7803,1380.9004,6.9341,256.0138,0.00,VEHICLE,0,0,
-2658.6628,1380.3556,6.9283,255.8035,0.00,VEHICLE,0,0,
-2656.3931,1379.7941,6.9232,255.7699,0.00,VEHICLE,0,0,
-2654.1892,1379.2828,6.9171,254.6445,0.00,VEHICLE,0,0,
-2652.1885,1378.7567,6.9202,245.5742,0.00,VEHICLE,0,0,
-2650.3152,1377.7861,6.9519,239.2749,0.00,VEHICLE,0,0,
-2648.3125,1376.7845,6.9427,220.8097,0.00,VEHICLE,0,0,
-2647.3857,1374.7717,6.9412,183.7100,0.00,VEHICLE,0,0,
-2647.3469,1372.7097,6.9381,179.9591,0.00,VEHICLE,0,0,
-2647.2617,1370.4231,6.9397,186.3907,0.00,VEHICLE,0,0,
-2646.8855,1368.3397,6.9406,208.3740,0.00,VEHICLE,0,0,
-2645.8164,1366.4382,6.9342,213.3308,0.00,VEHICLE,0,0,
-2644.3357,1364.3718,6.9283,219.0757,0.00,VEHICLE,0,0,
-2642.9490,1362.7257,6.9192,220.1907,0.00,VEHICLE,0,0,
-2641.4690,1360.8914,6.9162,222.0485,0.00,VEHICLE,0,0,
-2640.0461,1358.9176,6.9091,244.0224,0.00,VEHICLE,0,0,
-2638.0415,1357.7922,6.9003,274.6866,0.00,VEHICLE,0,0,
-2635.7251,1358.2771,6.8890,302.6628,0.00,VEHICLE,0,0,
-2634.0000,1359.6786,6.8824,311.9909,0.00,VEHICLE,0,0,
-2632.3643,1361.2493,6.8757,314.1248,0.00,VEHICLE,0,0,
-2630.4751,1363.0815,6.8672,314.7525,0.00,VEHICLE,0,0,
-2628.9065,1364.4735,6.8593,320.5597,0.00,VEHICLE,0,0,
-2627.5952,1366.1689,6.8546,332.0735,0.00,VEHICLE,0,0,
-2626.6216,1368.2806,6.8464,338.3271,0.00,VEHICLE,0,0,
-2625.8298,1370.3505,6.8458,342.7018,0.00,VEHICLE,0,0,
-2625.1248,1372.3534,6.8570,0.0922,0.00,VEHICLE,0,0,
-2625.2786,1374.5413,6.8776,12.4507,0.00,VEHICLE,0,0,
-2626.0037,1376.9884,6.8942,17.5116,0.00,VEHICLE,0,0,
-2626.6655,1378.8856,6.9130,18.5471,0.00,VEHICLE,0,0,
-2627.4329,1381.2451,6.9310,19.4420,0.00,VEHICLE,0,0,
-2627.9766,1383.1910,6.9486,32.0395,0.00,VEHICLE,0,0,
-2629.3542,1385.0077,6.9475,58.9077,0.00,VEHICLE,0,0,
-2631.3359,1385.9484,6.9223,70.2822,0.00,VEHICLE,0,0,
-2633.3586,1386.5522,6.9137,78.1892,0.00,VEHICLE,0,0,
-2635.7480,1386.9614,6.9033,82.1973,0.00,VEHICLE,0,0,
-2637.7549,1387.2306,6.9018,83.0505,0.00,VEHICLE,0,0,
-2639.9954,1387.6259,6.8926,91.4664,0.00,VEHICLE,0,0,
-2642.2324,1387.4735,6.8963,100.8501,0.00,VEHICLE,0,0,
-2644.5085,1386.9508,6.9065,104.2678,0.00,VEHICLE,0,0,
-2646.7664,1386.3188,6.9199,105.1666,0.00,VEHICLE,0,0,
-2649.2546,1385.6327,6.9340,105.4139,0.00,VEHICLE,0,0,
-2651.4556,1385.0378,6.9463,105.4964,0.00,VEHICLE,0,0,
-2653.6096,1384.4426,6.9552,105.5620,0.00,VEHICLE,0,0,
-2655.9329,1383.7775,6.9554,105.5744,0.00,VEHICLE,0,0,
-2658.0200,1383.1790,6.9513,105.5812,0.00,VEHICLE,0,0,
-2660.3555,1382.4796,6.9451,103.9411,0.00,VEHICLE,0,0,
-2662.4949,1381.9532,6.9396,97.0534,0.00,VEHICLE,0,0,
-2664.8662,1381.7344,6.9363,91.9369,0.00,VEHICLE,0,0,
-2667.0481,1381.7172,6.9347,89.9350,0.00,VEHICLE,0,0,
-2669.0483,1381.7570,6.9271,89.3024,0.00,VEHICLE,0,0,
-2671.3147,1381.7827,6.9171,88.6620,0.00,VEHICLE,0,0,
-2673.3784,1381.8219,6.9066,85.6661,0.00,VEHICLE,0,0,
-2675.5054,1381.9995,6.8971,83.4246,0.00,VEHICLE,0,0,
-2677.7520,1382.2976,6.8847,82.4928,0.00,VEHICLE,0,0,
-2679.8965,1382.6150,6.8694,82.2662,0.00,VEHICLE,0,0,
-2681.9370,1382.8898,6.8596,82.2269,0.00,VEHICLE,0,0,
-2683.9397,1383.1031,6.8583,80.7345,0.00,VEHICLE,0,0,
-2686.0857,1383.4598,6.8559,73.0562,0.00,VEHICLE,0,0,
-2688.2869,1384.2257,6.8553,68.4523,0.00,VEHICLE,0,0,
-2690.4456,1385.0906,6.8598,65.1952,0.00,VEHICLE,0,0,
-2692.4419,1385.8972,6.8653,51.2823,0.00,VEHICLE,0,0,
-2694.0239,1387.3040,6.8616,40.6192,0.00,VEHICLE,0,0,
-2695.3811,1389.0820,6.8673,37.1862,0.00,VEHICLE,0,0,
-2696.7695,1390.6725,6.8645,27.5441,0.00,VEHICLE,0,0,
-2697.7683,1392.6400,6.8633,1.4528,0.00,VEHICLE,0,0,
-2697.5269,1394.6971,6.8661,349.8642,0.00,VEHICLE,0,0,
-2697.0322,1397.0579,6.8664,348.2629,0.00,VEHICLE,0,0,
-2696.6389,1399.0662,6.8665,348.0692,0.00,VEHICLE,0,0,
-2696.0496,1401.1329,6.8646,354.7611,0.00,VEHICLE,0,0,
-2695.9863,1403.3868,6.8629,10.3346,0.00,VEHICLE,0,0,
-2696.4883,1405.3768,6.8669,14.2359,0.00,VEHICLE,0,0,
-2696.8257,1407.4567,6.8653,26.2612,0.00,VEHICLE,0,0,
-2697.8940,1409.3307,6.8653,40.9378,0.00,VEHICLE,0,0,
-2699.4905,1410.9346,6.8661,45.3566,0.00,VEHICLE,0,0,
-2701.3867,1412.7422,6.8666,46.1665,0.00,VEHICLE,0,0,
-2703.3125,1414.3298,6.8648,36.2274,0.00,VEHICLE,0,0,
-2704.6155,1416.2886,6.8663,22.7654,0.00,VEHICLE,0,0,
-2705.4709,1418.7209,6.8637,17.2829,0.00,VEHICLE,0,0,
-2706.0715,1420.9307,6.8631,15.9042,0.00,VEHICLE,0,0,
-2706.6301,1422.9213,6.8654,15.5499,0.00,VEHICLE,0,0,
-2707.2944,1425.2371,6.8674,15.4361,0.00,VEHICLE,0,0,
-2707.9226,1427.4867,6.8642,15.1930,0.00,VEHICLE,0,0,
-2708.5229,1429.8004,6.8635,9.2385,0.00,VEHICLE,0,0,
-2708.8447,1432.0865,6.8641,5.9966,0.00,VEHICLE,0,0,
-2709.1462,1434.1007,6.8669,344.9079,0.00,VEHICLE,0,0,
-2708.2588,1435.9111,6.8635,322.4593,0.00,VEHICLE,0,0,
-2706.9360,1437.5642,6.8680,323.4041,0.00,VEHICLE,0,0,
-2705.5762,1439.5219,6.8653,326.9423,0.00,VEHICLE,0,0,
-2704.4216,1441.3120,6.8682,327.1502,0.00,VEHICLE,0,0,
-2703.4097,1443.0560,6.8681,321.7480,0.00,VEHICLE,0,0,
-2702.2107,1444.7407,6.8666,291.2584,0.00,VEHICLE,0,0,
-2700.0449,1445.1956,6.8673,244.0336,0.00,VEHICLE,0,0,
-2698.2068,1444.3190,6.8668,210.1664,0.00,VEHICLE,0,0,
-2697.4524,1442.3373,6.8656,193.9604,0.00,VEHICLE,0,0,
-2697.0081,1440.1173,6.8666,191.2847,0.00,VEHICLE,0,0,
-2696.5330,1438.1227,6.8662,188.2120,0.00,VEHICLE,0,0,
-2696.2385,1435.9303,6.8667,173.9004,0.00,VEHICLE,0,0,
-2696.6553,1433.5190,6.8655,166.6892,0.00,VEHICLE,0,0,
-2697.3552,1431.0138,6.8660,164.3631,0.00,VEHICLE,0,0,
-2697.9365,1428.9955,6.8661,163.8415,0.00,VEHICLE,0,0,
-2698.5586,1426.9167,6.8662,164.3008,0.00,VEHICLE,0,0,
-2699.3059,1424.8844,6.8649,174.1241,0.00,VEHICLE,0,0,
-2699.4595,1422.7502,6.8662,185.1894,0.00,VEHICLE,0,0,
-2699.1677,1420.5928,6.8648,191.0349,0.00,VEHICLE,0,0,
-2698.6353,1418.3923,6.8648,193.4342,0.00,VEHICLE,0,0,
-2697.9583,1415.8220,6.8660,194.4589,0.00,VEHICLE,0,0,
-2697.3398,1413.3966,6.8650,194.7786,0.00,VEHICLE,0,0,
-2696.8413,1411.4469,6.8633,194.9211,0.00,VEHICLE,0,0,
-2696.1543,1408.8838,6.8661,195.0175,0.00,VEHICLE,0,0,
-2695.5259,1406.5834,6.8670,195.0367,0.00,VEHICLE,0,0,
-2694.9785,1404.5520,6.8654,195.0376,0.00,VEHICLE,0,0,
-2694.3223,1402.1229,6.8630,194.8864,0.00,VEHICLE,0,0,
-2693.7329,1399.9540,6.8658,189.5135,0.00,VEHICLE,0,0,
-2693.4009,1397.6221,6.8667,185.8344,0.00,VEHICLE,0,0,
-2693.2092,1395.3834,6.8644,184.6444,0.00,VEHICLE,0,0,
-2693.0396,1392.9976,6.8635,184.1343,0.00,VEHICLE,0,0,
-2692.9097,1390.3483,6.8675,185.7147,0.00,VEHICLE,0,0,
-2692.9509,1387.9132,6.8630,206.3119,0.00,VEHICLE,0,0,
-2691.6750,1386.1412,6.8637,238.0888,0.00,VEHICLE,0,0,
-2689.6357,1385.2318,6.8620,246.4665,0.00,VEHICLE,0,0,
-2687.4568,1384.2698,6.8589,247.3838,0.00,VEHICLE,0,0,
-2685.5757,1383.4406,6.8585,249.2063,0.00,VEHICLE,0,0,
-2683.3853,1382.7029,6.8591,258.9317,0.00,VEHICLE,0,0,
-2681.1345,1382.3339,6.8614,262.2239,0.00,VEHICLE,0,0,
-2679.1287,1382.1052,6.8757,263.0635,0.00,VEHICLE,0,0,
-2676.8923,1381.8458,6.8923,263.3728,0.00,VEHICLE,0,0,
-2674.6370,1381.5623,6.9032,263.4635,0.00,VEHICLE,0,0,
-2672.0640,1381.1898,6.9113,265.6931,0.00,VEHICLE,0,0,
-2670.0457,1381.0654,6.9175,272.2096,0.00,VEHICLE,0,0,
-2667.8271,1381.2213,6.9256,276.2523,0.00,VEHICLE,0,0,
-2665.5696,1381.5247,6.9384,277.5017,0.00,VEHICLE,0,0,
-2663.4556,1381.8143,6.9404,277.7340,0.00,VEHICLE,0,0,
-2661.1943,1382.1631,6.9421,276.2372,0.00,VEHICLE,0,0,
-2658.6882,1382.5972,6.9452,257.7641,0.00,VEHICLE,0,0,
-2656.3564,1381.8258,6.9357,239.5914,0.00,VEHICLE,0,0,
-2654.5498,1380.5458,6.9299,234.8352,0.00,VEHICLE,0,0,
-2652.6177,1379.1600,6.9161,234.0268,0.00,VEHICLE,0,0,
-2650.7654,1377.8209,6.9569,233.7497,0.00,VEHICLE,0,0,
-2649.1436,1376.6484,6.9487,233.6423,0.00,VEHICLE,0,0,
-2647.3047,1375.4934,6.9373,221.3667,0.00,VEHICLE,0,0,
-2646.1597,1373.5938,6.9331,186.5530,0.00,VEHICLE,0,0,
-2646.0879,1371.5059,6.9360,180.5358,0.00,VEHICLE,0,0,
-2646.1528,1369.3843,6.9357,181.3999,0.00,VEHICLE,0,0,
-2645.9272,1367.0698,6.9342,194.2398,0.00,VEHICLE,0,0,
-2645.3000,1364.9641,6.9305,196.0523,0.00,VEHICLE,0,0,
-2644.7112,1362.6976,6.9307,197.4081,0.00,VEHICLE,0,0,
-2644.2195,1360.5702,6.9270,217.4270,0.00,VEHICLE,0,0,
-2642.9004,1358.7836,6.9222,249.6258,0.00,VEHICLE,0,0,
-2640.4941,1358.3198,6.9095,276.5969,0.00,VEHICLE,0,0,
-2638.4673,1358.6646,6.9008,286.0239,0.00,VEHICLE,0,0,
-2636.3582,1359.2169,6.8937,315.2787,0.00,VEHICLE,0,0,
-2635.0295,1360.8495,6.8923,345.2322,0.00,VEHICLE,0,0,
-2634.7585,1363.0829,6.8793,356.2662,0.00,VEHICLE,0,0,
-2634.6973,1365.4614,6.8868,357.8259,0.00,VEHICLE,0,0,
-2634.5916,1367.4885,6.8852,357.9553,0.00,VEHICLE,0,0,
-2634.5125,1369.7479,6.8814,358.0294,0.00,VEHICLE,0,0,
-2634.4531,1371.8364,6.8858,358.0251,0.00,VEHICLE,0,0,
-2634.3799,1374.2343,6.8842,357.6519,0.00,VEHICLE,0,0,
-2634.3438,1376.7213,6.8919,343.2439,0.00,VEHICLE,0,0,
-2633.6055,1378.6793,6.9081,333.7484,0.00,VEHICLE,0,0,
-2632.4597,1380.7727,6.9302,332.2245,0.00,VEHICLE,0,0,
-2631.4465,1382.7194,6.9463,332.1406,0.00,VEHICLE,0,0,
-2630.3176,1384.8884,6.9501,332.1268,0.00,VEHICLE,0,0,
-2629.0715,1387.2504,6.8997,332.1178,0.00,VEHICLE,0,0,
-2628.0676,1389.1387,6.8674,332.1162,0.00,VEHICLE,0,0,
-2626.9854,1391.1680,6.8650,332.1059,0.00,VEHICLE,0,0,
-2625.8735,1393.2626,6.8662,332.1066,0.00,VEHICLE,0,0,
-2624.6892,1395.5077,6.8660,332.1056,0.00,VEHICLE,0,0,
-2623.7097,1397.2905,6.8661,333.9030,0.00,VEHICLE,0,0,
-2622.6309,1399.5896,6.8663,337.5558,0.00,VEHICLE,0,0,
-2621.6621,1402.0208,6.8660,339.1866,0.00,VEHICLE,0,0,
-2620.8394,1404.2490,6.8661,339.6910,0.00,VEHICLE,0,0,
-2619.9922,1406.5845,6.8662,339.8821,0.00,VEHICLE,0,0,
-2619.0913,1409.0076,6.8662,340.2660,0.00,VEHICLE,0,0,
-2618.1943,1411.4515,6.8654,345.4846,0.00,VEHICLE,0,0,
-2617.6406,1413.7932,6.8657,349.8816,0.00,VEHICLE,0,0,
-2617.3181,1415.8311,6.8667,351.7086,0.00,VEHICLE,0,0,
-2617.0715,1417.8296,6.8675,352.4699,0.00,VEHICLE,0,0,
-2616.7627,1420.3708,6.8779,352.9344,0.00,VEHICLE,0,0,
-2616.2302,1422.9775,6.8888,2.7132,0.00,VEHICLE,0,0,
-2616.1941,1425.5538,6.8925,23.1579,0.00,VEHICLE,0,0,
-2617.1311,1427.4611,6.8838,36.3414,0.00,VEHICLE,0,0,
-2618.7251,1429.2555,6.8618,41.9671,0.00,VEHICLE,0,0,
-2620.2192,1430.8424,6.8668,42.9102,0.00,VEHICLE,0,0,
-2621.6689,1432.4427,6.8666,43.0951,0.00,VEHICLE,0,0,
-2623.2346,1434.1310,6.8640,43.1812,0.00,VEHICLE,0,0,
-2624.9194,1435.9003,6.8650,43.2122,0.00,VEHICLE,0,0,
-2626.3542,1437.5745,6.8669,48.2297,0.00,VEHICLE,0,0,
-2628.2993,1439.1547,6.8625,59.6739,0.00,VEHICLE,0,0,
-2630.1528,1440.1312,6.8672,62.3304,0.00,VEHICLE,0,0,
-2632.1626,1441.1481,6.8665,62.7964,0.00,VEHICLE,0,0,
-2633.9893,1442.0944,6.8758,62.8914,0.00,VEHICLE,0,0,
-2636.1243,1443.0925,6.8907,59.9595,0.00,VEHICLE,0,0,
-2638.0730,1444.2549,6.9150,48.2737,0.00,VEHICLE,0,0,
-2639.6150,1445.7861,6.9205,42.4906,0.00,VEHICLE,0,0,
-2641.1304,1447.5792,6.9259,40.8414,0.00,VEHICLE,0,0,
-2642.4607,1449.1198,6.9318,40.5773,0.00,VEHICLE,0,0,
-2643.9829,1450.8743,6.9368,40.4794,0.00,VEHICLE,0,0,
-2645.5146,1452.6716,6.9405,40.4349,0.00,VEHICLE,0,0,
-2646.8252,1454.2206,6.9283,40.4210,0.00,VEHICLE,0,0,
-2648.3691,1456.0219,6.9160,40.3844,0.00,VEHICLE,0,0,
-2649.7517,1457.6268,6.9149,40.3973,0.00,VEHICLE,0,0,
-2651.1895,1459.4369,6.9120,43.7414,0.00,VEHICLE,0,0,
-2653.1111,1461.2638,6.9061,56.2123,0.00,VEHICLE,0,0,
-2654.8188,1462.3092,6.9217,59.7313,0.00,VEHICLE,0,0,
-2656.6824,1463.4250,6.9385,63.7189,0.00,VEHICLE,0,0,
-2658.5095,1464.4885,6.9470,86.6990,0.00,VEHICLE,0,0,
-2660.7388,1464.2219,6.9474,105.9194,0.00,VEHICLE,0,0,
-2662.7422,1463.5367,6.9370,126.5748,0.00,VEHICLE,0,0,
-2664.3721,1462.2544,6.9234,142.2897,0.00,VEHICLE,0,0,
-2665.5391,1460.3933,6.8987,156.1859,0.00,VEHICLE,0,0,
-2666.4048,1458.4104,6.8731,158.3120,0.00,VEHICLE,0,0,
-2667.2542,1456.5419,6.8642,188.3917,0.00,VEHICLE,0,0,
-2666.3362,1454.4946,6.8669,206.3747,0.00,VEHICLE,0,0,
-2665.4729,1452.5878,6.8682,174.2365,0.00,VEHICLE,0,0,
-2665.8228,1450.6058,6.8666,159.8240,0.00,VEHICLE,0,0,
-2666.5894,1448.6410,6.8640,157.2267,0.00,VEHICLE,0,0,
-2667.2976,1446.5569,6.8661,142.4691,0.00,VEHICLE,0,0,
-2668.9675,1444.8452,6.8654,127.0149,0.00,VEHICLE,0,0,
-2670.7415,1443.6470,6.8665,124.4019,0.00,VEHICLE,0,0,
-2672.5469,1442.4196,6.8667,123.9454,0.00,VEHICLE,0,0,
-2674.4705,1441.1074,6.8665,123.7948,0.00,VEHICLE,0,0,
-2676.7051,1439.5663,6.8659,115.5132,0.00,VEHICLE,0,0,
-2678.8132,1438.6565,6.8656,109.6956,0.00,VEHICLE,0,0,
-2680.7913,1438.0021,6.8629,108.0223,0.00,VEHICLE,0,0,
-2683.3506,1437.2094,6.8675,107.5654,0.00,VEHICLE,0,0,
-2685.3564,1436.6583,6.8657,110.6263,0.00,VEHICLE,0,0,
-2687.3003,1436.1415,6.8653,125.3662,0.00,VEHICLE,0,0,
-2689.0088,1434.7380,6.8621,139.7041,0.00,VEHICLE,0,0,
-2690.5032,1432.6412,6.8666,144.7172,0.00,VEHICLE,0,0,
-2691.7893,1430.7872,6.8660,145.2354,0.00,VEHICLE,0,0,
-2692.9846,1429.0946,6.8625,145.3350,0.00,VEHICLE,0,0,
-2694.3877,1427.1107,6.8633,146.1744,0.00,VEHICLE,0,0,
-2695.9580,1425.0059,6.8652,162.3396,0.00,VEHICLE,0,0,
-2696.4934,1422.7715,6.8622,176.2724,0.00,VEHICLE,0,0,
-2696.4609,1420.5894,6.8637,181.4120,0.00,VEHICLE,0,0,
-2696.3633,1418.1885,6.8674,182.4305,0.00,VEHICLE,0,0,
-2696.2852,1415.9266,6.8662,182.5392,0.00,VEHICLE,0,0,
-2696.1848,1413.8389,6.8666,182.5577,0.00,VEHICLE,0,0,
-2696.0676,1411.3599,6.8664,182.5548,0.00,VEHICLE,0,0,
-2695.9771,1409.2596,6.8661,182.5526,0.00,VEHICLE,0,0,
-2695.8875,1407.1787,6.8662,182.5547,0.00,VEHICLE,0,0,
-2695.7708,1404.5747,6.8662,182.5567,0.00,VEHICLE,0,0,
-2695.6582,1402.0929,6.8637,182.5555,0.00,VEHICLE,0,0,
-2695.6431,1399.6582,6.8632,188.5133,0.00,VEHICLE,0,0,
-2695.1604,1397.5182,6.8642,201.3281,0.00,VEHICLE,0,0,
-2694.2537,1395.5413,6.8667,205.1472,0.00,VEHICLE,0,0,
-2693.3706,1393.7108,6.8668,205.7406,0.00,VEHICLE,0,0,
-2692.3469,1391.5620,6.8665,205.9019,0.00,VEHICLE,0,0,
-2691.2383,1389.2859,6.8667,205.9472,0.00,VEHICLE,0,0,
-2690.1941,1386.9657,6.8613,209.4509,0.00,VEHICLE,0,0,
-2688.9932,1385.0804,6.8573,227.2965,0.00,VEHICLE,0,0,
-2687.1021,1383.6128,6.8579,234.4097,0.00,VEHICLE,0,0,
-2685.4119,1382.3337,6.8595,249.6598,0.00,VEHICLE,0,0,
-2683.4058,1381.8082,6.8621,258.1555,0.00,VEHICLE,0,0,
-2681.3894,1381.2727,6.8681,271.8448,0.00,VEHICLE,0,0,
-2679.3953,1381.4960,6.8796,283.3178,0.00,VEHICLE,0,0,
-2677.2974,1382.1061,6.8888,285.8108,0.00,VEHICLE,0,0,
-2675.1282,1382.7419,6.8970,286.1833,0.00,VEHICLE,0,0,
-2672.9656,1383.3723,6.9048,285.9621,0.00,VEHICLE,0,0,
-2671.0459,1384.0654,6.9060,277.5784,0.00,VEHICLE,0,0,
-2669.0544,1384.2742,6.9173,269.0782,0.00,VEHICLE,0,0,
-2666.5266,1384.1107,6.9347,264.5791,0.00,VEHICLE,0,0,
-2664.3044,1383.8264,6.9531,263.7761,0.00,VEHICLE,0,0,
-2662.1594,1383.5880,6.9555,263.6754,0.00,VEHICLE,0,0,
-2660.0237,1383.3645,6.9520,263.6608,0.00,VEHICLE,0,0,
-2657.9204,1383.1326,6.9503,263.6568,0.00,VEHICLE,0,0,
-2655.6492,1382.8915,6.9471,263.3024,0.00,VEHICLE,0,0,
-2653.2112,1382.6246,6.9436,247.2073,0.00,VEHICLE,0,0,
-2651.2686,1381.5699,6.9517,235.2226,0.00,VEHICLE,0,0,
-2649.6079,1380.4083,6.9498,221.9574,0.00,VEHICLE,0,0,
-2648.2366,1378.7115,6.9447,218.1629,0.00,VEHICLE,0,0,
-2646.8538,1377.0630,6.9365,202.7782,0.00,VEHICLE,0,0,
-2646.2290,1374.9584,6.9369,194.7837,0.00,VEHICLE,0,0,
-2645.6118,1372.6558,6.9335,194.5661,0.00,VEHICLE,0,0,
-2645.1123,1370.7191,6.9315,194.5460,0.00,VEHICLE,0,0,
-2644.5046,1368.3846,6.9288,194.4516,0.00,VEHICLE,0,0,
-2643.7498,1366.2704,6.9210,177.9963,0.00,VEHICLE,0,0,
-2644.1738,1364.2723,6.9244,156.5373,0.00,VEHICLE,0,0,
-2645.1543,1362.5259,6.9319,168.8858,0.00,VEHICLE,0,0,
-2645.4958,1360.3834,6.9335,202.4160,0.00,VEHICLE,0,0,
-2644.4573,1358.3970,6.9284,245.8161,0.00,VEHICLE,0,0,
-2642.4302,1357.8545,6.9197,292.7113,0.00,VEHICLE,0,0,
-2640.6375,1359.0247,6.9111,309.1686,0.00,VEHICLE,0,0,
-2639.0479,1360.2793,6.9042,314.7493,0.00,VEHICLE,0,0,
-2637.3828,1361.8300,6.8967,342.1277,0.00,VEHICLE,0,0,
-2637.0525,1363.9199,6.8951,356.8493,0.00,VEHICLE,0,0,
-2636.9888,1366.2466,6.8957,358.3399,0.00,VEHICLE,0,0,
-2636.9102,1368.2852,6.8938,358.4869,0.00,VEHICLE,0,0,
-2636.8643,1370.5869,6.8956,358.5343,0.00,VEHICLE,0,0,
-2636.8040,1372.8083,6.8949,358.5399,0.00,VEHICLE,0,0,
-2636.7637,1374.9451,6.8932,355.9791,0.00,VEHICLE,0,0,
-2636.5894,1376.9730,6.8973,354.0643,0.00,VEHICLE,0,0,
-2636.3411,1379.2350,6.9167,353.8865,0.00,VEHICLE,0,0,
-2636.1157,1381.3568,6.9346,353.8760,0.00,VEHICLE,0,0,
-2635.8867,1383.5032,6.9535,353.8732,0.00,VEHICLE,0,0,
-2635.5586,1385.8118,6.9261,0.8364,0.00,VEHICLE,0,0,
-2635.7419,1387.8286,6.8892,10.9675,0.00,VEHICLE,0,0,
-2636.2393,1390.0446,6.8645,11.9278,0.00,VEHICLE,0,0,
-2636.7319,1392.1842,6.8657,2.4959,0.00,VEHICLE,0,0,
-2636.6985,1394.3505,6.8659,355.7184,0.00,VEHICLE,0,0,
-2636.5842,1396.3959,6.8606,328.9669,0.00,VEHICLE,0,0,
-2637.1970,1394.4479,6.8708,326.6626,0.00,VEHICLE,0,0,
-2635.8416,1396.1840,6.8635,291.7795,0.00,VEHICLE,0,0,
-2633.7910,1396.9720,6.8618,254.5281,0.00,VEHICLE,0,0,
-2631.7568,1395.9768,6.8646,224.5340,0.00,VEHICLE,0,0,
-2630.2485,1394.1508,6.8642,218.1086,0.00,VEHICLE,0,0,
-2628.6782,1392.4884,6.8668,194.9199,0.00,VEHICLE,0,0,
-2628.2703,1390.3213,6.8624,162.4009,0.00,VEHICLE,0,0,
-2629.2117,1388.3120,6.8805,154.3165,0.00,VEHICLE,0,0,
-2630.0918,1386.4712,6.9152,153.7329,0.00,VEHICLE,0,0,
-2631.1929,1384.2382,6.9522,153.6422,0.00,VEHICLE,0,0,
-2632.1157,1382.3645,6.9406,153.6988,0.00,VEHICLE,0,0,
-2632.9031,1380.4087,6.9272,146.4781,0.00,VEHICLE,0,0,
-2634.1733,1378.6827,6.9115,134.0330,0.00,VEHICLE,0,0,
-2635.9063,1377.1823,6.8958,129.6959,0.00,VEHICLE,0,0,
-2637.7485,1375.7635,6.8990,131.0978,0.00,VEHICLE,0,0,
-2639.5229,1374.1371,6.9070,133.5076,0.00,VEHICLE,0,0,
-2641.2546,1372.5956,6.9109,136.8917,0.00,VEHICLE,0,0,
-2642.6331,1370.7927,6.9187,159.4386,0.00,VEHICLE,0,0,
-2643.2170,1368.7751,6.9253,163.8600,0.00,VEHICLE,0,0,
-2643.8843,1366.5171,6.9246,163.9691,0.00,VEHICLE,0,0,
-2644.4280,1364.5918,6.9274,163.9573,0.00,VEHICLE,0,0,
-2645.1465,1362.6392,6.9308,174.5658,0.00,VEHICLE,0,0,
-2645.1536,1360.4611,6.9322,213.4765,0.00,VEHICLE,0,0,
-2643.7361,1358.9902,6.9222,235.5383,0.00,VEHICLE,0,0,
-2643.7361,1358.9902,6.9222,235.5383,0.00,VEHICLE,0,0,
