route,xh1.csv,-2646.3015,1366.0930,6.9358,192.9697,0.00,VEHICLE,0,0,
-2646.3015,1366.0930,6.9358,192.9697,0.00,VEHICLE,0,0,
-2644.7000,1364.7537,6.9299,251.0311,0.00,VEHICLE,0,0,
-2642.6118,1364.2988,6.9201,279.5772,0.00,VEHICLE,0,0,
-2640.3877,1364.8136,6.9087,286.5286,0.00,VEHICLE,0,0,
-2638.3533,1365.4491,6.9030,321.5911,0.00,VEHICLE,0,0,
-2637.3601,1367.3575,6.8965,357.9245,0.00,VEHICLE,0,0,
-2637.4795,1369.5034,6.8980,4.2150,0.00,VEHICLE,0,0,
-2637.5815,1371.5070,6.8978,7.4867,0.00,VEHICLE,0,0,
-2637.9021,1373.6747,6.9000,19.5984,0.00,VEHICLE,0,0,
-2638.7593,1375.8228,6.9022,23.4328,0.00,VEHICLE,0,0,
-2639.7009,1377.8513,6.9077,24.1844,0.00,VEHICLE,0,0,
-2640.6675,1379.9912,6.9229,24.2811,0.00,VEHICLE,0,0,
-2641.7815,1382.5077,6.9441,24.4728,0.00,VEHICLE,0,0,
-2642.5481,1384.6306,6.9529,34.7643,0.00,VEHICLE,0,0,
-2643.5962,1386.9652,6.9066,61.1523,0.00,VEHICLE,0,0,
-2645.5791,1388.1458,6.8902,93.0490,0.00,VEHICLE,0,0,
-2647.7559,1387.5718,6.8931,112.9760,0.00,VEHICLE,0,0,
-2649.8960,1386.5300,6.9170,115.8642,0.00,VEHICLE,0,0,
-2652.0867,1385.4913,6.9367,116.2792,0.00,VEHICLE,0,0,
-2653.9595,1384.5588,6.9549,116.4051,0.00,VEHICLE,0,0,
-2656.0625,1383.4849,6.9545,116.4167,0.00,VEHICLE,0,0,
-2658.5059,1382.2418,6.9430,115.7767,0.00,VEHICLE,0,0,
-2660.3557,1381.3575,6.9341,108.3984,0.00,VEHICLE,0,0,
-2662.4429,1380.7393,6.9282,104.1086,0.00,VEHICLE,0,0,
-2664.4592,1380.2736,6.9293,103.4503,0.00,VEHICLE,0,0,
-2666.8733,1379.7025,6.9240,103.3469,0.00,VEHICLE,0,0,
-2668.8352,1379.2317,6.9164,103.3159,0.00,VEHICLE,0,0,
-2670.8613,1378.6869,6.9040,100.3734,0.00,VEHICLE,0,0,
-2673.2322,1378.3488,6.8918,82.8114,0.00,VEHICLE,0,0,
-2675.2847,1378.7511,6.8879,76.5436,0.00,VEHICLE,0,0,
-2677.5505,1379.3602,6.8814,75.4268,0.00,VEHICLE,0,0,
-2679.9194,1379.9335,6.8742,74.4140,0.00,VEHICLE,0,0,
-2681.8489,1380.4601,6.8670,66.4020,0.00,VEHICLE,0,0,
-2683.9167,1381.4796,6.8607,61.6830,0.00,VEHICLE,0,0,
-2685.9905,1382.6680,6.8633,60.9111,0.00,VEHICLE,0,0,
-2687.7659,1383.6346,6.8603,60.6181,0.00,VEHICLE,0,0,
-2689.8584,1384.8097,6.8586,57.8542,0.00,VEHICLE,0,0,
-2691.8313,1386.0729,6.8624,56.5728,0.00,VEHICLE,0,0,
-2693.7849,1387.2037,6.8615,43.6688,0.00,VEHICLE,0,0,
-2695.0403,1388.8634,6.8645,3.9002,0.00,VEHICLE,0,0,
-2694.7268,1391.0699,6.8663,348.5662,0.00,VEHICLE,0,0,
-2694.2695,1393.1833,6.8634,347.2024,0.00,VEHICLE,0,0,
-2693.7571,1395.4504,6.8675,346.9780,0.00,VEHICLE,0,0,
-2693.2429,1397.5050,6.8648,347.7477,0.00,VEHICLE,0,0,
-2692.8706,1399.8533,6.8672,2.5998,0.00,VEHICLE,0,0,
-2693.0464,1401.9395,6.8641,5.9994,0.00,VEHICLE,0,0,
-2693.3386,1404.3436,6.8673,6.7201,0.00,VEHICLE,0,0,
-2693.6262,1406.6439,6.8664,3.0106,0.00,VEHICLE,0,0,
-2693.7009,1409.2646,6.8664,359.9374,0.00,VEHICLE,0,0,
-2693.6746,1411.6932,6.8662,359.3021,0.00,VEHICLE,0,0,
-2693.6404,1413.7791,6.8661,359.1744,0.00,VEHICLE,0,0,
-2693.6057,1416.2244,6.8662,359.1366,0.00,VEHICLE,0,0,
-2693.5676,1418.9828,6.8662,359.1238,0.00,VEHICLE,0,0,
-2693.5276,1421.4624,6.8617,359.1187,0.00,VEHICLE,0,0,
-2693.4841,1423.7921,6.8599,359.1404,0.00,VEHICLE,0,0,
-2693.4470,1426.2140,6.8632,359.1470,0.00,VEHICLE,0,0,
-2693.4194,1428.6238,6.8622,359.0585,0.00,VEHICLE,0,0,
-2693.5623,1431.2489,6.8637,348.4642,0.00,VEHICLE,0,0,
-2693.2434,1433.2272,6.8646,328.7059,0.00,VEHICLE,0,0,
-2691.7666,1435.0867,6.8620,312.1994,0.00,VEHICLE,0,0,
-2690.1360,1436.3446,6.8651,308.2970,0.00,VEHICLE,0,0,
-2688.3164,1437.7654,6.8635,307.3658,0.00,VEHICLE,0,0,
-2686.5298,1439.1219,6.8659,309.2221,0.00,VEHICLE,0,0,
-2684.7813,1440.5824,6.8671,310.9518,0.00,VEHICLE,0,0,
-2682.9995,1442.1510,6.8664,311.1083,0.00,VEHICLE,0,0,
-2681.2581,1443.6660,6.8665,311.1253,0.00,VEHICLE,0,0,
-2679.5994,1445.2272,6.8648,307.3114,0.00,VEHICLE,0,0,
-2677.7832,1446.4702,6.8632,297.9666,0.00,VEHICLE,0,0,
-2675.8804,1447.3859,6.8675,295.7897,0.00,VEHICLE,0,0,
-2673.9258,1448.3209,6.8654,295.5372,0.00,VEHICLE,0,0,
-2671.8608,1449.3181,6.8666,295.4703,0.00,VEHICLE,0,0,
-2669.7495,1450.2886,6.8667,296.1241,0.00,VEHICLE,0,0,
-2667.8469,1451.2532,6.8629,300.2060,0.00,VEHICLE,0,0,
-2666.2678,1452.5613,6.8670,350.8935,0.00,VEHICLE,0,0,
-2666.0645,1454.7061,6.8670,27.1150,0.00,VEHICLE,0,0,
-2667.1345,1456.5309,6.8645,70.0037,0.00,VEHICLE,0,0,
-2669.2302,1456.8351,6.8663,91.6530,0.00,VEHICLE,0,0,
-2671.4182,1456.8217,6.8656,97.6637,0.00,VEHICLE,0,0,
-2673.5134,1456.4381,6.8668,114.9964,0.00,VEHICLE,0,0,
-2675.4141,1455.4147,6.8659,119.7827,0.00,VEHICLE,0,0,
-2677.1292,1454.3783,6.8665,120.6801,0.00,VEHICLE,0,0,
-2679.1802,1453.1638,6.8666,120.9088,0.00,VEHICLE,0,0,
-2681.1465,1451.9989,6.8660,120.9778,0.00,VEHICLE,0,0,
-2683.0840,1450.8962,6.8659,125.5946,0.00,VEHICLE,0,0,
-2685.0774,1449.3577,6.8661,131.3620,0.00,VEHICLE,0,0,
-2686.6804,1447.9279,6.8660,133.5603,0.00,VEHICLE,0,0,
-2688.3696,1446.5735,6.8643,144.4507,0.00,VEHICLE,0,0,
-2689.7136,1444.6008,6.8643,162.1028,0.00,VEHICLE,0,0,
-2690.2390,1442.4845,6.8618,171.8027,0.00,VEHICLE,0,0,
-2690.4075,1440.3622,6.8662,175.0062,0.00,VEHICLE,0,0,
-2690.5654,1438.1565,6.8662,175.7125,0.00,VEHICLE,0,0,
-2690.7349,1436.1381,6.8661,175.9001,0.00,VEHICLE,0,0,
-2690.7776,1433.8920,6.8649,171.2189,0.00,VEHICLE,0,0,
-2690.9539,1431.8042,6.8666,154.7122,0.00,VEHICLE,0,0,
-2691.8879,1430.0305,6.8662,142.1068,0.00,VEHICLE,0,0,
-2693.3948,1428.4072,6.8612,135.6499,0.00,VEHICLE,0,0,
-2695.1501,1427.1195,6.8613,144.0812,0.00,VEHICLE,0,0,
-2696.4751,1425.1387,6.8727,160.5764,0.00,VEHICLE,0,0,
-2697.0708,1422.8417,6.8686,168.7136,0.00,VEHICLE,0,0,
-2697.4338,1420.2303,6.8641,171.2957,0.00,VEHICLE,0,0,
-2697.8342,1417.5663,6.8665,171.8881,0.00,VEHICLE,0,0,
-2698.2024,1415.1550,6.8663,172.0536,0.00,VEHICLE,0,0,
-2698.5022,1413.0029,6.8659,172.1193,0.00,VEHICLE,0,0,
-2698.8120,1410.6663,6.8662,172.1376,0.00,VEHICLE,0,0,
-2699.1628,1408.0793,6.8663,172.1357,0.00,VEHICLE,0,0,
-2699.7136,1405.3041,6.8650,178.3875,0.00,VEHICLE,0,0,
-2699.7488,1402.8971,6.8642,189.4727,0.00,VEHICLE,0,0,
-2699.2483,1400.5277,6.8621,196.7493,0.00,VEHICLE,0,0,
-2698.5471,1398.5558,6.8637,199.8022,0.00,VEHICLE,0,0,
-2697.7258,1396.4633,6.8639,201.1863,0.00,VEHICLE,0,0,
-2696.7859,1394.0176,6.8671,201.8178,0.00,VEHICLE,0,0,
-2695.7473,1391.4231,6.8667,201.9726,0.00,VEHICLE,0,0,
-2694.9180,1389.3036,6.8657,202.7328,0.00,VEHICLE,0,0,
-2694.0986,1387.2335,6.8661,212.3792,0.00,VEHICLE,0,0,
-2692.7710,1385.3168,6.8659,219.7822,0.00,VEHICLE,0,0,
-2691.2813,1383.6461,6.8653,222.6593,0.00,VEHICLE,0,0,
-2689.5247,1381.7235,6.8623,226.0637,0.00,VEHICLE,0,0,
-2687.9766,1380.0089,6.8618,247.6520,0.00,VEHICLE,0,0,
-2686.0508,1379.4136,6.8697,273.2638,0.00,VEHICLE,0,0,
-2683.9839,1379.8307,6.8619,286.3085,0.00,VEHICLE,0,0,
-2681.7500,1380.6564,6.8675,290.1004,0.00,VEHICLE,0,0,
-2679.7529,1381.3696,6.8813,290.7351,0.00,VEHICLE,0,0,
-2677.7976,1382.1117,6.8854,290.8552,0.00,VEHICLE,0,0,
-2675.6660,1382.9510,6.8918,290.8237,0.00,VEHICLE,0,0,
-2673.4094,1383.8815,6.8898,284.9695,0.00,VEHICLE,0,0,
-2671.0112,1384.3898,6.8978,278.0773,0.00,VEHICLE,0,0,
-2668.7996,1384.6394,6.9145,276.5780,0.00,VEHICLE,0,0,
-2666.6982,1384.8788,6.9250,276.1487,0.00,VEHICLE,0,0,
-2664.2295,1385.1847,6.9379,267.5941,0.00,VEHICLE,0,0,
-2661.9819,1385.0116,6.9482,261.7864,0.00,VEHICLE,0,0,
-2659.9407,1384.6456,6.9502,259.7453,0.00,VEHICLE,0,0,
-2657.8677,1384.2728,6.9556,258.1319,0.00,VEHICLE,0,0,
-2655.7146,1384.0486,6.9542,244.2245,0.00,VEHICLE,0,0,
-2653.8464,1382.9912,6.9455,232.1411,0.00,VEHICLE,0,0,
-2652.2373,1381.5514,6.9399,228.8412,0.00,VEHICLE,0,0,
-2650.4834,1380.0020,6.9590,228.3680,0.00,VEHICLE,0,0,
-2648.7239,1378.6445,6.9440,220.6565,0.00,VEHICLE,0,0,
-2647.5054,1376.8077,6.9403,199.2373,0.00,VEHICLE,0,0,
-2646.9858,1374.8712,6.9400,194.4914,0.00,VEHICLE,0,0,
-2646.4856,1372.8425,6.9342,194.1578,0.00,VEHICLE,0,0,
-2645.9211,1370.8278,6.9364,198.3831,0.00,VEHICLE,0,0,
-2645.2747,1368.9270,6.9286,198.8494,0.00,VEHICLE,0,0,
-2644.6152,1366.9624,6.9313,196.5466,0.00,VEHICLE,0,0,
-2644.2427,1364.8528,6.9277,214.7112,0.00,VEHICLE,0,0,
-2643.1279,1363.1837,6.9204,251.7127,0.00,VEHICLE,0,0,
-2641.1201,1362.7915,6.9134,296.4560,0.00,VEHICLE,0,0,
-2639.5654,1364.1974,6.9077,339.2730,0.00,VEHICLE,0,0,
-2638.9846,1366.1123,6.9044,344.3187,0.00,VEHICLE,0,0,
-2638.2036,1368.3235,6.9000,353.2119,0.00,VEHICLE,0,0,
-2638.0464,1370.4348,6.9002,9.6521,0.00,VEHICLE,0,0,
-2638.5930,1372.6505,6.8994,14.6530,0.00,VEHICLE,0,0,
-2639.2498,1375.0573,6.9063,15.2192,0.00,VEHICLE,0,0,
-2639.7834,1377.0718,6.9077,15.2811,0.00,VEHICLE,0,0,
-2640.3472,1379.5310,6.9172,19.9534,0.00,VEHICLE,0,0,
-2640.9187,1381.7443,6.9372,44.7441,0.00,VEHICLE,0,0,
-2642.5916,1383.0171,6.9446,64.2542,0.00,VEHICLE,0,0,
-2644.6758,1383.8207,6.9548,67.7909,0.00,VEHICLE,0,0,
-2646.8545,1384.7480,6.9498,68.0234,0.00,VEHICLE,0,0,
-2648.6943,1385.6377,6.9344,75.3853,0.00,VEHICLE,0,0,
-2650.6575,1386.0551,6.9257,83.9269,0.00,VEHICLE,0,0,
-2653.0183,1386.1906,6.9250,87.5431,0.00,VEHICLE,0,0,
-2655.1438,1386.2423,6.9322,88.2397,0.00,VEHICLE,0,0,
-2657.2598,1386.3152,6.9299,88.3747,0.00,VEHICLE,0,0,
-2659.3088,1386.3920,6.9283,88.6771,0.00,VEHICLE,0,0,
-2661.7815,1386.4393,6.9255,97.1347,0.00,VEHICLE,0,0,
-2663.9812,1386.0989,6.9207,101.6800,0.00,VEHICLE,0,0,
-2666.4932,1385.5206,6.9145,103.1660,0.00,VEHICLE,0,0,
-2668.8306,1384.9471,6.9068,103.4887,0.00,VEHICLE,0,0,
-2670.9214,1384.4460,6.9002,103.5812,0.00,VEHICLE,0,0,
-2672.9280,1383.9692,6.8929,103.6404,0.00,VEHICLE,0,0,
-2675.1746,1383.4276,6.8854,103.7107,0.00,VEHICLE,0,0,
-2677.1367,1382.9468,6.8805,103.7286,0.00,VEHICLE,0,0,
-2679.1018,1382.4626,6.8733,103.7770,0.00,VEHICLE,0,0,
-2681.3662,1381.9023,6.8696,103.8222,0.00,VEHICLE,0,0,
-2683.7258,1381.2897,6.8606,103.1800,0.00,VEHICLE,0,0,
-2685.8962,1380.5947,6.8612,90.5700,0.00,VEHICLE,0,0,
-2688.3484,1380.6490,6.8679,67.8947,0.00,VEHICLE,0,0,
-2690.4170,1381.6953,6.8710,53.8564,0.00,VEHICLE,0,0,
-2691.9871,1383.0603,6.8595,48.7265,0.00,VEHICLE,0,0,
-2693.5928,1384.5708,6.8669,47.5419,0.00,VEHICLE,0,0,
-2695.3057,1386.1069,6.8667,47.2951,0.00,VEHICLE,0,0,
-2697.2053,1387.8381,6.8655,47.2082,0.00,VEHICLE,0,0,
-2698.8960,1389.4221,6.8647,47.1780,0.00,VEHICLE,0,0,
-2700.7627,1391.0797,6.8665,44.9899,0.00,VEHICLE,0,0,
-2702.5181,1392.8527,6.8645,31.9853,0.00,VEHICLE,0,0,
-2703.6199,1394.8369,6.8625,25.0326,0.00,VEHICLE,0,0,
-2704.5625,1397.1138,6.8673,23.0846,0.00,VEHICLE,0,0,
-2705.4661,1399.2524,6.8663,22.7716,0.00,VEHICLE,0,0,
-2706.4282,1401.5011,6.8658,22.6825,0.00,VEHICLE,0,0,
-2707.5117,1404.1029,6.8663,22.6487,0.00,VEHICLE,0,0,
-2708.4324,1406.2069,6.8661,21.3622,0.00,VEHICLE,0,0,
-2709.2278,1408.2128,6.8659,13.7884,0.00,VEHICLE,0,0,
-2709.7463,1410.7338,6.8628,8.0416,0.00,VEHICLE,0,0,
-2709.9893,1412.9458,6.8638,6.3073,0.00,VEHICLE,0,0,
-2710.1943,1415.0841,6.8672,5.8170,0.00,VEHICLE,0,0,
-2710.4197,1417.2023,6.8668,5.7065,0.00,VEHICLE,0,0,
-2710.6531,1419.4636,6.8658,5.6699,0.00,VEHICLE,0,0,
-2710.8816,1421.8126,6.8646,5.6575,0.00,VEHICLE,0,0,
-2711.1047,1424.1046,6.8670,5.5886,0.00,VEHICLE,0,0,
-2711.3208,1426.5022,6.8980,359.6311,0.00,VEHICLE,0,0,
-2711.1963,1428.7542,6.8807,355.4940,0.00,VEHICLE,0,0,
-2711.0571,1431.0182,6.8672,355.2895,0.00,VEHICLE,0,0,
-2710.9019,1433.0725,6.8666,355.8247,0.00,VEHICLE,0,0,
-2710.7439,1435.0750,6.8645,355.8837,0.00,VEHICLE,0,0,
-2710.7256,1437.0750,6.8631,343.5267,0.00,VEHICLE,0,0,
-2709.8953,1438.9216,6.8662,330.2536,0.00,VEHICLE,0,0,
-2708.9204,1440.8572,6.8663,319.6310,0.00,VEHICLE,0,0,
-2707.4746,1442.2523,6.8654,307.8103,0.00,VEHICLE,0,0,
-2705.8472,1443.4362,6.8672,306.1384,0.00,VEHICLE,0,0,
-2703.8054,1444.0842,6.8625,288.6818,0.00,VEHICLE,0,0,
-2701.9919,1445.2161,6.8665,273.5369,0.00,VEHICLE,0,0,
-2699.9502,1445.4281,6.8663,241.7243,0.00,VEHICLE,0,0,
-2698.0640,1444.3457,6.8667,201.9277,0.00,VEHICLE,0,0,
-2697.6494,1442.0510,6.8654,178.3072,0.00,VEHICLE,0,0,
-2697.8530,1439.8469,6.8666,174.3577,0.00,VEHICLE,0,0,
-2698.0657,1437.7882,6.8666,173.7247,0.00,VEHICLE,0,0,
-2698.2932,1435.6448,6.8665,173.5658,0.00,VEHICLE,0,0,
-2698.5718,1433.2107,6.8662,173.5216,0.00,VEHICLE,0,0,
-2698.8667,1430.6597,6.8662,173.5150,0.00,VEHICLE,0,0,
-2699.0920,1428.6687,6.8662,173.5150,0.00,VEHICLE,0,0,
-2699.5266,1426.1022,6.8652,179.3301,0.00,VEHICLE,0,0,
-2699.5046,1423.9365,6.8663,188.8875,0.00,VEHICLE,0,0,
-2699.1194,1421.8844,6.8649,193.6224,0.00,VEHICLE,0,0,
-2698.4709,1419.5680,6.8657,195.9387,0.00,VEHICLE,0,0,
-2697.7803,1417.3209,6.8661,196.7163,0.00,VEHICLE,0,0,
-2696.8740,1414.5430,6.8661,194.7842,0.00,VEHICLE,0,0,
-2696.3105,1412.1963,6.8662,189.6588,0.00,VEHICLE,0,0,
-2695.9536,1409.8464,6.8660,186.9874,0.00,VEHICLE,0,0,
-2695.6406,1406.9109,6.8662,185.7000,0.00,VEHICLE,0,0,
-2695.3923,1404.1649,6.8662,185.2335,0.00,VEHICLE,0,0,
-2695.1580,1401.5474,6.8662,185.0800,0.00,VEHICLE,0,0,
-2694.8999,1398.6874,6.8649,185.0167,0.00,VEHICLE,0,0,
-2694.7244,1396.5809,6.8635,185.1842,0.00,VEHICLE,0,0,
-2694.5957,1394.5522,6.8634,189.1611,0.00,VEHICLE,0,0,
-2694.1621,1392.2134,6.8642,194.6915,0.00,VEHICLE,0,0,
-2693.5974,1390.1530,6.8639,197.6675,0.00,VEHICLE,0,0,
-2692.8486,1387.3604,6.8623,218.5686,0.00,VEHICLE,0,0,
-2691.3423,1385.7968,6.8672,251.6157,0.00,VEHICLE,0,0,
-2689.2656,1385.4977,6.8546,269.1966,0.00,VEHICLE,0,0,
-2687.2190,1385.6329,6.8568,272.1483,0.00,VEHICLE,0,0,
-2685.2048,1385.2183,6.8552,253.9680,0.00,VEHICLE,0,0,
-2683.0408,1384.4453,6.8591,248.7526,0.00,VEHICLE,0,0,
-2681.1777,1383.6404,6.8583,251.6480,0.00,VEHICLE,0,0,
-2678.9336,1383.0156,6.8659,259.1595,0.00,VEHICLE,0,0,
-2676.5796,1382.6362,6.8884,260.7872,0.00,VEHICLE,0,0,
-2674.1150,1382.2424,6.9065,261.0664,0.00,VEHICLE,0,0,
-2672.0432,1381.8835,6.9153,261.2938,0.00,VEHICLE,0,0,
-2670.0481,1381.5653,6.9212,264.3223,0.00,VEHICLE,0,0,
-2667.3843,1381.3564,6.9312,266.6789,0.00,VEHICLE,0,0,
-2664.8765,1381.2415,6.9337,267.4417,0.00,VEHICLE,0,0,
-2662.5183,1381.1942,6.9349,265.9532,0.00,VEHICLE,0,0,
-2660.2021,1380.9567,6.9320,258.3500,0.00,VEHICLE,0,0,
-2657.8169,1380.3844,6.9268,255.1448,0.00,VEHICLE,0,0,
-2655.7041,1379.7869,6.9252,254.5588,0.00,VEHICLE,0,0,
-2653.3472,1379.1335,6.9180,254.4346,0.00,VEHICLE,0,0,
-2650.8752,1378.5880,6.9513,245.7339,0.00,VEHICLE,0,0,
-2648.9114,1377.4700,6.9447,227.0334,0.00,VEHICLE,0,0,
-2647.3738,1375.8093,6.9417,222.7465,0.00,VEHICLE,0,0,
-2645.9551,1374.3789,6.9320,207.7016,0.00,VEHICLE,0,0,
-2644.9915,1372.4006,6.9299,199.8459,0.00,VEHICLE,0,0,
-2644.5930,1370.4167,6.9308,176.3263,0.00,VEHICLE,0,0,
-2644.7644,1368.3470,6.9266,175.1807,0.00,VEHICLE,0,0,
-2645.1528,1366.2399,6.9324,191.1761,0.00,VEHICLE,0,0,
-2644.8730,1364.0881,6.9296,223.4515,0.00,VEHICLE,0,0,
-2643.0691,1362.7638,6.9230,273.6329,0.00,VEHICLE,0,0,
-2641.0398,1363.0616,6.9139,317.3483,0.00,VEHICLE,0,0,
-2640.0657,1365.0015,6.9094,349.5899,0.00,VEHICLE,0,0,
-2639.5654,1367.0723,6.9058,7.3441,0.00,VEHICLE,0,0,
-2640.1736,1369.0542,6.9079,42.7540,0.00,VEHICLE,0,0,
-2641.7036,1370.3838,6.9160,50.7385,0.00,VEHICLE,0,0,
-2643.3892,1371.7571,6.9216,52.3107,0.00,VEHICLE,0,0,
-2645.1338,1373.0717,6.9326,52.5735,0.00,VEHICLE,0,0,
-2646.7971,1374.3530,6.9370,52.5992,0.00,VEHICLE,0,0,
-2648.5913,1375.7212,6.9479,52.6181,0.00,VEHICLE,0,0,
-2650.3682,1377.0793,6.9541,52.6264,0.00,VEHICLE,0,0,
-2652.1846,1378.6000,6.9257,56.5582,0.00,VEHICLE,0,0,
-2653.9448,1379.5631,6.9234,83.6225,0.00,VEHICLE,0,0,
-2655.9683,1379.5895,6.9209,91.0033,0.00,VEHICLE,0,0,
-2658.5015,1379.4883,6.9221,93.1856,0.00,VEHICLE,0,0,
-2660.8379,1379.3585,6.9205,93.5860,0.00,VEHICLE,0,0,
-2662.9600,1379.2168,6.9194,93.6553,0.00,VEHICLE,0,0,
-2665.3977,1379.0454,6.9188,93.4049,0.00,VEHICLE,0,0,
-2667.7156,1378.9214,6.9166,89.8693,0.00,VEHICLE,0,0,
-2670.1301,1378.9705,6.9069,87.6867,0.00,VEHICLE,0,0,
-2672.5425,1379.0981,6.9015,87.0698,0.00,VEHICLE,0,0,
-2674.6963,1379.1801,6.8928,85.5525,0.00,VEHICLE,0,0,
-2676.9722,1379.3839,6.8808,82.6772,0.00,VEHICLE,0,0,
-2679.1006,1379.6851,6.8765,81.4999,0.00,VEHICLE,0,0,
-2681.3398,1379.9340,6.8691,77.8974,0.00,VEHICLE,0,0,
-2683.6250,1380.4904,6.8618,68.3461,0.00,VEHICLE,0,0,
-2685.9043,1381.5182,6.8676,64.6106,0.00,VEHICLE,0,0,
-2687.8306,1382.4777,6.8661,63.7276,0.00,VEHICLE,0,0,
-2690.0144,1383.5562,6.8624,63.3584,0.00,VEHICLE,0,0,
-2691.8782,1384.3691,6.8632,58.2586,0.00,VEHICLE,0,0,
-2693.6326,1385.5326,6.8636,46.8866,0.00,VEHICLE,0,0,
-2695.2285,1387.2028,6.8638,41.7721,0.00,VEHICLE,0,0,
-2696.5637,1388.7878,6.8676,40.7839,0.00,VEHICLE,0,0,
-2698.1213,1390.5815,6.8660,40.5289,0.00,VEHICLE,0,0,
-2699.7759,1392.2141,6.8650,32.8345,0.00,VEHICLE,0,0,
-2701.0337,1394.4658,6.8633,16.2892,0.00,VEHICLE,0,0,
-2701.4927,1396.6676,6.8656,9.3905,0.00,VEHICLE,0,0,
-2701.7795,1398.8693,6.8669,7.8160,0.00,VEHICLE,0,0,
-2702.0942,1401.1262,6.8661,7.4709,0.00,VEHICLE,0,0,
-2702.4253,1403.5531,6.8660,7.3648,0.00,VEHICLE,0,0,
-2702.7422,1406.0508,6.8663,7.3342,0.00,VEHICLE,0,0,
-2702.9951,1408.1201,6.8645,7.4389,0.00,VEHICLE,0,0,
-2703.2361,1410.3429,6.8652,13.4208,0.00,VEHICLE,0,0,
-2703.9121,1412.7638,6.8656,19.2278,0.00,VEHICLE,0,0,
-2704.7007,1414.8546,6.8642,21.0407,0.00,VEHICLE,0,0,
-2705.5562,1416.9926,6.8669,21.5096,0.00,VEHICLE,0,0,
-2706.4670,1419.3077,6.8662,21.6257,0.00,VEHICLE,0,0,
-2707.2793,1421.1664,6.8652,19.2500,0.00,VEHICLE,0,0,
-2708.0339,1423.6064,6.8635,10.3007,0.00,VEHICLE,0,0,
-2708.3503,1425.7413,6.8639,6.9391,0.00,VEHICLE,0,0,
-2708.5532,1427.8384,6.8673,5.9832,0.00,VEHICLE,0,0,
-2708.7893,1430.1179,6.8666,5.7639,0.00,VEHICLE,0,0,
-2709.0015,1432.1318,6.8659,5.7057,0.00,VEHICLE,0,0,
-2709.2122,1434.1989,6.8648,5.6267,0.00,VEHICLE,0,0,
-2709.5115,1436.5784,6.8633,357.0993,0.00,VEHICLE,0,0,
-2709.2312,1438.9128,6.8640,348.1772,0.00,VEHICLE,0,0,
-2708.8855,1440.9878,6.8642,329.8839,0.00,VEHICLE,0,0,
-2707.5696,1442.7090,6.8638,285.9312,0.00,VEHICLE,0,0,
-2705.3687,1443.0446,6.8663,269.6086,0.00,VEHICLE,0,0,
-2703.1821,1443.0645,6.8669,233.4306,0.00,VEHICLE,0,0,
-2701.8364,1441.3578,6.8667,202.4423,0.00,VEHICLE,0,0,
-2701.0774,1439.2881,6.8664,199.7323,0.00,VEHICLE,0,0,
-2700.3350,1437.2863,6.8665,195.6408,0.00,VEHICLE,0,0,
-2699.7292,1434.9193,6.8665,193.2453,0.00,VEHICLE,0,0,
-2699.1196,1432.3057,6.8666,192.2284,0.00,VEHICLE,0,0,
-2698.5984,1429.7231,6.8663,187.4266,0.00,VEHICLE,0,0,
-2698.3313,1427.4403,6.8661,185.4880,0.00,VEHICLE,0,0,
-2698.1379,1425.1229,6.8663,184.7367,0.00,VEHICLE,0,0,
-2697.9624,1422.8252,6.8663,184.4815,0.00,VEHICLE,0,0,
-2697.7681,1420.3522,6.8662,184.3896,0.00,VEHICLE,0,0,
-2697.5537,1417.6136,6.8645,184.3430,0.00,VEHICLE,0,0,
-2697.3679,1415.1510,6.8661,184.3230,0.00,VEHICLE,0,0,
-2697.1775,1412.6010,6.8668,184.3172,0.00,VEHICLE,0,0,
-2696.9846,1410.0354,6.8662,184.3163,0.00,VEHICLE,0,0,
-2696.7771,1407.2948,6.8662,184.3158,0.00,VEHICLE,0,0,
-2696.5623,1404.4563,6.8646,184.3139,0.00,VEHICLE,0,0,
-2696.3726,1401.9500,6.8665,184.3134,0.00,VEHICLE,0,0,
-2696.1650,1399.1930,6.8666,184.3134,0.00,VEHICLE,0,0,
-2695.9993,1396.3401,6.8633,185.4101,0.00,VEHICLE,0,0,
-2695.7473,1393.8995,6.8637,194.6212,0.00,VEHICLE,0,0,
-2695.1243,1391.8101,6.8639,200.3598,0.00,VEHICLE,0,0,
-2694.2119,1389.6171,6.8641,203.1318,0.00,VEHICLE,0,0,
-2693.3591,1387.7142,6.8663,204.1804,0.00,VEHICLE,0,0,
-2692.7192,1385.7269,6.8646,214.0799,0.00,VEHICLE,0,0,
-2691.3035,1383.6906,6.8650,237.6276,0.00,VEHICLE,0,0,
-2689.3384,1382.7313,6.8616,248.7895,0.00,VEHICLE,0,0,
-2687.1370,1382.0327,6.8658,252.0807,0.00,VEHICLE,0,0,
-2684.6934,1381.2393,6.8660,252.9055,0.00,VEHICLE,0,0,
-2682.7019,1380.4856,6.8624,257.9470,0.00,VEHICLE,0,0,
-2680.2747,1380.1272,6.8751,280.7362,0.00,VEHICLE,0,0,
-2677.9656,1380.8143,6.8815,291.4822,0.00,VEHICLE,0,0,
-2675.8708,1381.7719,6.8990,293.9914,0.00,VEHICLE,0,0,
-2673.7249,1382.7458,6.9062,294.5973,0.00,VEHICLE,0,0,
-2671.3550,1383.8395,6.9086,294.5269,0.00,VEHICLE,0,0,
-2669.4236,1384.9236,6.9012,284.5642,0.00,VEHICLE,0,0,
-2667.2285,1385.3766,6.9082,268.6970,0.00,VEHICLE,0,0,
-2664.8306,1385.1099,6.9342,261.0216,0.00,VEHICLE,0,0,
-2662.3689,1384.6401,6.9547,259.5612,0.00,VEHICLE,0,0,
-2660.1736,1384.2410,6.9545,259.3258,0.00,VEHICLE,0,0,
-2658.1724,1383.8643,6.9556,259.2708,0.00,VEHICLE,0,0,
-2655.6924,1383.4248,6.9501,257.8355,0.00,VEHICLE,0,0,
-2653.3740,1382.8809,6.9472,238.3706,0.00,VEHICLE,0,0,
-2651.5815,1381.5380,6.9516,228.9821,0.00,VEHICLE,0,0,
-2649.9866,1380.0348,6.9502,226.9239,0.00,VEHICLE,0,0,
-2648.4565,1378.6805,6.9422,224.9514,0.00,VEHICLE,0,0,
-2646.8601,1377.1570,6.9392,200.9705,0.00,VEHICLE,0,0,
-2646.4229,1375.0469,6.9358,184.7761,0.00,VEHICLE,0,0,
-2646.3184,1372.8579,6.9342,183.1172,0.00,VEHICLE,0,0,
-2646.1504,1370.7900,6.9371,194.4138,0.00,VEHICLE,0,0,
-2645.5605,1368.7999,6.9344,196.9577,0.00,VEHICLE,0,0,
-2644.9448,1366.7529,6.9328,197.2110,0.00,VEHICLE,0,0,
-2644.5735,1364.5526,6.9294,217.7391,0.00,VEHICLE,0,0,
-2643.4009,1362.8561,6.9238,251.2080,0.00,VEHICLE,0,0,
-2641.4692,1362.2323,6.9156,289.8011,0.00,VEHICLE,0,0,
-2639.5537,1363.3868,6.9059,328.1403,0.00,VEHICLE,0,0,
-2638.6863,1365.3113,6.9028,338.5248,0.00,VEHICLE,0,0,
-2637.8579,1367.6140,6.8998,340.4486,0.00,VEHICLE,0,0,
-2637.1431,1369.6017,6.8965,340.7358,0.00,VEHICLE,0,0,
-2636.4204,1371.6637,6.8925,340.8163,0.00,VEHICLE,0,0,
-2635.7546,1373.5980,6.8869,340.8547,0.00,VEHICLE,0,0,
-2634.9919,1375.6721,6.8890,342.3912,0.00,VEHICLE,0,0,
-2634.0840,1377.9297,6.9055,1.0982,0.00,VEHICLE,0,0,
-2634.3323,1380.3119,6.9233,14.3281,0.00,VEHICLE,0,0,
-2634.8577,1382.3624,6.9413,23.9701,0.00,VEHICLE,0,0,
-2635.6692,1384.6938,6.9543,55.0823,0.00,VEHICLE,0,0,
-2637.5142,1386.0088,6.9286,82.1173,0.00,VEHICLE,0,0,
-2639.8271,1385.9688,6.9236,92.0987,0.00,VEHICLE,0,0,
-2641.9707,1385.8485,6.9281,93.0282,0.00,VEHICLE,0,0,
-2644.2588,1385.7684,6.9303,93.1715,0.00,VEHICLE,0,0,
-2646.5015,1385.6356,6.9335,93.2335,0.00,VEHICLE,0,0,
-2648.6902,1385.4966,6.9365,93.2597,0.00,VEHICLE,0,0,
-2650.9111,1385.3710,6.9393,93.2831,0.00,VEHICLE,0,0,
-2653.4116,1385.3291,6.9437,97.6093,0.00,VEHICLE,0,0,
-2655.5205,1384.9929,6.9497,105.9547,0.00,VEHICLE,0,0,
-2657.4392,1384.3809,6.9513,109.9661,0.00,VEHICLE,0,0,
-2659.5837,1383.5090,6.9541,111.4338,0.00,VEHICLE,0,0,
-2661.4805,1382.7325,6.9478,111.7447,0.00,VEHICLE,0,0,
-2663.7864,1381.7091,6.9381,107.2257,0.00,VEHICLE,0,0,
-2665.6907,1381.0846,6.9347,94.5981,0.00,VEHICLE,0,0,
-2668.0747,1381.0211,6.9259,86.5383,0.00,VEHICLE,0,0,
-2670.2168,1381.2399,6.9182,83.8591,0.00,VEHICLE,0,0,
-2672.7524,1381.5753,6.9079,82.9231,0.00,VEHICLE,0,0,
-2674.9912,1381.8506,6.9019,82.6695,0.00,VEHICLE,0,0,
-2677.6450,1382.1821,6.8871,82.5763,0.00,VEHICLE,0,0,
-2680.2600,1382.5415,6.8677,82.5779,0.00,VEHICLE,0,0,
-2682.7424,1382.8655,6.8592,82.5930,0.00,VEHICLE,0,0,
-2684.8352,1383.1261,6.8587,82.5927,0.00,VEHICLE,0,0,
-2686.9453,1383.3754,6.8582,82.1708,0.00,VEHICLE,0,0,
-2689.1311,1383.5276,6.8570,72.5479,0.00,VEHICLE,0,0,
-2691.3535,1384.3296,6.8617,50.7492,0.00,VEHICLE,0,0,
-2693.1855,1386.2933,6.8634,35.6145,0.00,VEHICLE,0,0,
-2694.4187,1388.2378,6.8658,32.7606,0.00,VEHICLE,0,0,
-2695.5239,1389.9869,6.8661,32.1899,0.00,VEHICLE,0,0,
-2696.9202,1392.1702,6.8662,32.0083,0.00,VEHICLE,0,0,
-2698.3013,1394.3551,6.8648,31.6827,0.00,VEHICLE,0,0,
-2699.6848,1396.5596,6.8663,22.4143,0.00,VEHICLE,0,0,
-2700.5388,1398.9423,6.8648,15.1615,0.00,VEHICLE,0,0,
-2701.1113,1401.3884,6.8629,12.5129,0.00,VEHICLE,0,0,
-2701.5547,1403.5664,6.8670,11.9072,0.00,VEHICLE,0,0,
-2702.1365,1406.0591,6.8649,10.1560,0.00,VEHICLE,0,0,
-2702.6248,1408.1737,6.8632,350.1240,0.00,VEHICLE,0,0,
-2701.9507,1410.1758,6.8634,327.7975,0.00,VEHICLE,0,0,
-2700.6851,1411.8518,6.8652,323.4921,0.00,VEHICLE,0,0,
-2699.4771,1413.5043,6.8644,323.0224,0.00,VEHICLE,0,0,
-2698.2529,1415.1046,6.8676,338.1751,0.00,VEHICLE,0,0,
-2697.5508,1417.1104,6.8661,341.4955,0.00,VEHICLE,0,0,
-2696.8528,1419.2338,6.8666,341.8025,0.00,VEHICLE,0,0,
-2696.1646,1421.3099,6.8654,341.8445,0.00,VEHICLE,0,0,
-2695.5002,1423.3411,6.8665,341.8577,0.00,VEHICLE,0,0,
-2694.7646,1425.6517,6.8668,341.3633,0.00,VEHICLE,0,0,
-2694.0244,1427.7899,6.8652,335.1814,0.00,VEHICLE,0,0,
-2692.9341,1429.9901,6.8617,331.9788,0.00,VEHICLE,0,0,
-2691.9375,1431.7969,6.8635,331.0844,0.00,VEHICLE,0,0,
-2691.0740,1433.6637,6.8659,320.2169,0.00,VEHICLE,0,0,
-2689.6648,1435.1349,6.8627,299.7892,0.00,VEHICLE,0,0,
-2687.8240,1436.0398,6.8672,293.2596,0.00,VEHICLE,0,0,
-2686.0208,1436.9573,6.8635,260.7825,0.00,VEHICLE,0,0,
-2683.9189,1436.0120,6.8664,226.7859,0.00,VEHICLE,0,0,
-2682.3877,1434.6097,6.8632,213.4178,0.00,VEHICLE,0,0,
-2681.4553,1432.7559,6.8637,171.1562,0.00,VEHICLE,0,0,
-2682.6121,1431.1113,6.8600,104.8832,0.00,VEHICLE,0,0,
-2684.8984,1430.8540,6.8612,91.4486,0.00,VEHICLE,0,0,
-2687.2102,1430.8595,6.8564,90.2416,0.00,VEHICLE,0,0,
-2689.2209,1430.8575,6.8595,90.0992,0.00,VEHICLE,0,0,
-2691.3086,1430.9634,6.8589,94.7396,0.00,VEHICLE,0,0,
-2693.4878,1430.8988,6.8673,125.8201,0.00,VEHICLE,0,0,
-2695.1375,1429.1641,6.8692,148.6962,0.00,VEHICLE,0,0,
-2696.1309,1427.1842,6.8653,152.5566,0.00,VEHICLE,0,0,
-2697.1750,1425.2120,6.8665,154.0621,0.00,VEHICLE,0,0,
-2698.2395,1423.0798,6.8665,163.3618,0.00,VEHICLE,0,0,
-2698.7690,1421.1193,6.8652,167.4636,0.00,VEHICLE,0,0,
-2699.2371,1418.6671,6.8660,168.9662,0.00,VEHICLE,0,0,
-2699.6443,1416.4388,6.8662,169.3459,0.00,VEHICLE,0,0,
-2700.0557,1414.2861,6.8663,169.4724,0.00,VEHICLE,0,0,
-2700.5315,1412.0837,6.8661,172.8468,0.00,VEHICLE,0,0,
-2700.7632,1409.8701,6.8661,177.9251,0.00,VEHICLE,0,0,
-2700.7988,1407.5262,6.8658,180.4476,0.00,VEHICLE,0,0,
-2700.7371,1405.1146,6.8661,181.4482,0.00,VEHICLE,0,0,
-2700.6399,1402.3040,6.8662,181.8432,0.00,VEHICLE,0,0,
-2700.5515,1399.4160,6.8663,182.0361,0.00,VEHICLE,0,0,
-2700.5769,1396.5081,6.8657,188.8731,0.00,VEHICLE,0,0,
-2700.0320,1393.7164,6.8634,198.2461,0.00,VEHICLE,0,0,
-2699.1436,1391.3295,6.8623,203.0871,0.00,VEHICLE,0,0,
-2698.0618,1388.9073,6.8645,207.1055,0.00,VEHICLE,0,0,
-2697.3538,1387.0210,6.8640,220.3417,0.00,VEHICLE,0,0,
-2696.2849,1385.0149,6.8677,244.7706,0.00,VEHICLE,0,0,
-2694.3691,1383.7809,6.8781,271.9497,0.00,VEHICLE,0,0,
-2692.1125,1384.2289,6.8711,299.8940,0.00,VEHICLE,0,0,
-2690.4727,1385.7601,6.8595,298.6881,0.00,VEHICLE,0,0,
-2688.5068,1386.3811,6.8605,256.8012,0.00,VEHICLE,0,0,
-2686.3506,1385.5964,6.8585,246.6976,0.00,VEHICLE,0,0,
-2684.4739,1384.7675,6.8589,245.9711,0.00,VEHICLE,0,0,
-2682.4985,1383.7931,6.8580,248.4648,0.00,VEHICLE,0,0,
-2680.3213,1383.0265,6.8600,262.4090,0.00,VEHICLE,0,0,
-2678.0737,1382.8519,6.8729,267.6474,0.00,VEHICLE,0,0,
-2675.5586,1382.8364,6.8930,269.2014,0.00,VEHICLE,0,0,
-2673.0815,1382.8005,6.9083,269.5361,0.00,VEHICLE,0,0,
-2670.4131,1382.7531,6.9244,269.6584,0.00,VEHICLE,0,0,
-2668.1023,1382.7358,6.9345,269.6715,0.00,VEHICLE,0,0,
-2666.0737,1382.7327,6.9425,269.6741,0.00,VEHICLE,0,0,
-2663.9338,1382.7258,6.9482,269.6707,0.00,VEHICLE,0,0,
-2661.5461,1382.8149,6.9475,265.1622,0.00,VEHICLE,0,0,
-2659.3940,1382.5913,6.9443,256.9101,0.00,VEHICLE,0,0,
-2656.9543,1381.9198,6.9373,251.8962,0.00,VEHICLE,0,0,
-2654.6958,1381.0961,6.9328,250.3366,0.00,VEHICLE,0,0,
-2652.5022,1380.3208,6.9285,249.2889,0.00,VEHICLE,0,0,
-2650.1689,1379.6921,6.9541,233.8528,0.00,VEHICLE,0,0,
-2648.3965,1378.2118,6.9401,217.1798,0.00,VEHICLE,0,0,
-2647.3193,1376.4536,6.9386,210.8119,0.00,VEHICLE,0,0,
-2646.1238,1374.5282,6.9363,204.3346,0.00,VEHICLE,0,0,
-2645.4028,1372.6604,6.9308,197.9157,0.00,VEHICLE,0,0,
-2644.7097,1370.6741,6.9265,176.9133,0.00,VEHICLE,0,0,
-2644.9819,1368.5519,6.9297,173.5348,0.00,VEHICLE,0,0,
-2645.1453,1366.3618,6.9327,202.8048,0.00,VEHICLE,0,0,
-2644.1360,1364.3724,6.9269,209.2810,0.00,VEHICLE,0,0,
-2643.0891,1362.5457,6.9227,209.8803,0.00,VEHICLE,0,0,
-2641.9050,1360.4846,6.9174,209.9687,0.00,VEHICLE,0,0,
-2640.7239,1358.4373,6.9123,209.9783,0.00,VEHICLE,0,0,
-2639.5901,1356.4729,6.9075,209.9737,0.00,VEHICLE,0,0,
-2638.3477,1354.3177,6.9016,209.9642,0.00,VEHICLE,0,0,
-2637.1409,1352.2233,6.8959,209.9551,0.00,VEHICLE,0,0,
-2636.0088,1350.2592,6.8886,209.9389,0.00,VEHICLE,0,0,
-2634.9480,1348.4178,6.8868,209.9304,0.00,VEHICLE,0,0,
-2633.8093,1346.4390,6.8840,209.9195,0.00,VEHICLE,0,0,
-2632.5420,1344.2288,6.9102,209.8985,0.00,VEHICLE,0,0,
-2631.5422,1342.4891,6.9339,209.8949,0.00,VEHICLE,0,0,
-2630.3406,1340.4020,6.9550,209.8945,0.00,VEHICLE,0,0,
-2629.2043,1338.4265,6.9617,209.8907,0.00,VEHICLE,0,0,
-2628.1880,1336.6575,6.9606,209.8889,0.00,VEHICLE,0,0,
-2627.0234,1334.6309,6.9567,209.8893,0.00,VEHICLE,0,0,
-2625.8193,1332.5278,6.9615,209.9485,0.00,VEHICLE,0,0,
-2624.6277,1330.3042,6.9573,219.3040,0.00,VEHICLE,0,0,
-2623.1807,1328.7166,6.9562,226.9012,0.00,VEHICLE,0,0,
-2621.2576,1327.0663,6.9534,229.2085,0.00,VEHICLE,0,0,
-2619.4373,1325.4968,6.9524,229.5731,0.00,VEHICLE,0,0,
-2617.6375,1323.9548,6.9183,229.7012,0.00,VEHICLE,0,0,
-2615.8093,1322.4156,6.8044,229.7009,0.00,VEHICLE,0,0,
-2614.1736,1321.0271,6.8013,229.7130,0.00,VEHICLE,0,0,
-2612.4409,1319.5548,6.8044,229.7206,0.00,VEHICLE,0,0,
-2610.9055,1318.1011,6.8003,234.5884,0.00,VEHICLE,0,0,
-2609.0098,1317.1033,6.8017,259.9089,0.00,VEHICLE,0,0,
-2606.8660,1316.8093,6.8044,261.8627,0.00,VEHICLE,0,0,
-2604.7234,1316.3646,6.8404,272.7924,0.00,VEHICLE,0,0,
-2602.5042,1316.6089,6.9472,312.5359,0.00,VEHICLE,0,0,
-2601.1760,1318.3844,6.9531,352.3794,0.00,VEHICLE,0,0,
-2601.1018,1320.5964,6.8810,359.1373,0.00,VEHICLE,0,0,
-2601.0991,1322.8895,6.8005,0.4107,0.00,VEHICLE,0,0,
-2600.9053,1325.1051,6.8022,4.0952,0.00,VEHICLE,0,0,
-2600.9045,1327.1748,6.8014,24.9467,0.00,VEHICLE,0,0,
-2602.0701,1328.9532,6.8023,39.2231,0.00,VEHICLE,0,0,
-2603.5483,1330.6611,6.8040,40.8465,0.00,VEHICLE,0,0,
-2605.0872,1332.4642,6.8039,40.9435,0.00,VEHICLE,0,0,
-2606.7583,1334.2885,6.8032,35.2311,0.00,VEHICLE,0,0,
-2608.0295,1336.3617,6.9645,28.7304,0.00,VEHICLE,0,0,
-2609.1182,1338.4110,6.9545,27.9474,0.00,VEHICLE,0,0,
-2610.1033,1340.2416,6.9585,30.3886,0.00,VEHICLE,0,0,
-2611.1990,1342.3254,6.9591,37.2909,0.00,VEHICLE,0,0,
-2612.5623,1344.0864,6.9578,59.1109,0.00,VEHICLE,0,0,
-2614.4604,1344.9677,6.9594,68.1579,0.00,VEHICLE,0,0,
-2616.8560,1345.8621,6.9602,69.3127,0.00,VEHICLE,0,0,
-2619.1384,1346.7201,6.9597,68.7961,0.00,VEHICLE,0,0,
-2621.0610,1347.4895,6.9477,65.0004,0.00,VEHICLE,0,0,
-2623.0364,1348.4343,6.9264,63.4982,0.00,VEHICLE,0,0,
-2625.0400,1349.4545,6.9059,63.1421,0.00,VEHICLE,0,0,
-2627.3618,1350.6058,6.8823,62.3086,0.00,VEHICLE,0,0,
-2629.4641,1351.7404,6.8609,54.8178,0.00,VEHICLE,0,0,
-2631.5332,1353.3042,6.8690,51.0434,0.00,VEHICLE,0,0,
-2633.1768,1354.6942,6.8793,50.4416,0.00,VEHICLE,0,0,
-2635.1631,1356.3285,6.8878,50.3695,0.00,VEHICLE,0,0,
-2636.9077,1357.7328,6.8952,49.6151,0.00,VEHICLE,0,0,
-2638.7354,1359.3616,6.8999,45.3201,0.00,VEHICLE,0,0,
-2640.1382,1360.7960,6.9073,44.1767,0.00,VEHICLE,0,0,
-2641.7217,1362.4384,6.9173,43.9910,0.00,VEHICLE,0,0,
-2643.1577,1363.9203,6.9189,43.9912,0.00,VEHICLE,0,0,
-2644.8413,1365.4313,6.9300,37.4696,0.00,VEHICLE,0,0,
-2646.2629,1367.0381,6.9370,11.8857,0.00,VEHICLE,0,0,
-2646.5007,1369.1001,6.9370,3.5443,0.00,VEHICLE,0,0,
-2646.5959,1371.4779,6.9371,2.3411,0.00,VEHICLE,0,0,
-2646.4922,1373.7252,6.9368,14.3411,0.00,VEHICLE,0,0,
-2647.1748,1375.8058,6.9395,24.4236,0.00,VEHICLE,0,0,
-2648.1848,1377.9017,6.9446,27.3589,0.00,VEHICLE,0,0,
-2648.9426,1379.9413,6.9470,45.9966,0.00,VEHICLE,0,0,
-2650.5557,1381.4938,6.9604,68.8559,0.00,VEHICLE,0,0,
-2652.7192,1382.1062,6.9515,77.5558,0.00,VEHICLE,0,0,
-2654.8035,1382.4276,6.9433,79.6555,0.00,VEHICLE,0,0,
-2656.8723,1382.7883,6.9477,80.0335,0.00,VEHICLE,0,0,
-2659.1208,1383.2173,6.9510,80.1059,0.00,VEHICLE,0,0,
-2661.7273,1383.7786,6.9549,84.9676,0.00,VEHICLE,0,0,
-2664.2058,1383.8792,6.9539,94.6865,0.00,VEHICLE,0,0,
-2666.5361,1383.6212,6.9393,97.9958,0.00,VEHICLE,0,0,
-2668.5623,1383.2931,6.9280,98.8859,0.00,VEHICLE,0,0,
-2671.0237,1382.8900,6.9208,99.0807,0.00,VEHICLE,0,0,
-2673.1409,1382.5609,6.9098,99.1208,0.00,VEHICLE,0,0,
-2675.4917,1382.1486,6.8984,97.5251,0.00,VEHICLE,0,0,
-2677.8279,1381.8933,6.8870,91.5560,0.00,VEHICLE,0,0,
-2680.0271,1381.8698,6.8741,89.3518,0.00,VEHICLE,0,0,
-2682.3879,1381.9364,6.8619,88.6227,0.00,VEHICLE,0,0,
-2684.7012,1382.0063,6.8587,88.4291,0.00,VEHICLE,0,0,
-2686.9514,1382.0602,6.8638,88.3839,0.00,VEHICLE,0,0,
-2689.4758,1381.9656,6.8638,81.8410,0.00,VEHICLE,0,0,
-2691.6563,1381.8877,6.8644,62.6810,0.00,VEHICLE,0,0,
-2693.8337,1383.0352,6.8704,35.8792,0.00,VEHICLE,0,0,
-2694.8279,1384.8768,6.8657,20.5880,0.00,VEHICLE,0,0,
-2695.3777,1386.8165,6.8652,16.5465,0.00,VEHICLE,0,0,
-2695.9370,1388.7793,6.8665,15.7451,0.00,VEHICLE,0,0,
-2696.5718,1390.9409,6.8661,15.5477,0.00,VEHICLE,0,0,
-2697.2043,1393.1956,6.8660,15.4845,0.00,VEHICLE,0,0,
-2697.8027,1395.4021,6.8662,15.4746,0.00,VEHICLE,0,0,
-2698.4707,1397.8354,6.8648,15.4843,0.00,VEHICLE,0,0,
-2699.0955,1400.0715,6.8646,15.4912,0.00,VEHICLE,0,0,
-2699.7178,1402.3059,6.8670,15.4876,0.00,VEHICLE,0,0,
-2700.3296,1404.5208,6.8639,15.4842,0.00,VEHICLE,0,0,
-2700.9712,1406.6079,6.8653,12.7481,0.00,VEHICLE,0,0,
-2701.3711,1408.6696,6.8648,3.9596,0.00,VEHICLE,0,0,
-2701.4441,1410.9614,6.8629,0.2945,0.00,VEHICLE,0,0,
-2701.4111,1413.0479,6.8675,359.7607,0.00,VEHICLE,0,0,
-2701.4097,1415.5278,6.8663,359.6987,0.00,VEHICLE,0,0,
-2701.4028,1417.8397,6.8664,359.6806,0.00,VEHICLE,0,0,
-2701.3945,1420.3798,6.8639,359.4429,0.00,VEHICLE,0,0,
-2701.4099,1422.8958,6.8669,346.3829,0.00,VEHICLE,0,0,
-2700.6675,1425.2389,6.8622,337.2413,0.00,VEHICLE,0,0,
-2699.7612,1427.1818,6.8674,335.6338,0.00,VEHICLE,0,0,
-2698.7964,1429.0328,6.8660,338.6790,0.00,VEHICLE,0,0,
-2697.8848,1431.4116,6.8639,354.0591,0.00,VEHICLE,0,0,
-2697.7832,1433.5398,6.8649,358.7143,0.00,VEHICLE,0,0,
-2697.6909,1435.9865,6.8659,2.3009,0.00,VEHICLE,0,0,
-2697.5781,1438.2758,6.8656,23.2023,0.00,VEHICLE,0,0,
-2698.6687,1440.1699,6.8632,34.9183,0.00,VEHICLE,0,0,
-2699.7659,1441.9348,6.8640,57.9278,0.00,VEHICLE,0,0,
-2701.7007,1442.6946,6.8633,101.9235,0.00,VEHICLE,0,0,
-2703.8979,1442.3195,6.8658,118.1191,0.00,VEHICLE,0,0,
-2705.7607,1441.5839,6.8663,146.0646,0.00,VEHICLE,0,0,
-2706.9343,1439.5482,6.8655,186.0845,0.00,VEHICLE,0,0,
-2706.3303,1437.3431,6.8672,198.9199,0.00,VEHICLE,0,0,
-2705.5610,1435.1818,6.8664,199.7911,0.00,VEHICLE,0,0,
-2704.8616,1433.2173,6.8667,199.8602,0.00,VEHICLE,0,0,
-2704.0212,1430.9647,6.8665,192.9155,0.00,VEHICLE,0,0,
-2703.5825,1428.7792,6.8663,188.7070,0.00,VEHICLE,0,0,
-2703.2405,1426.1615,6.8660,187.3175,0.00,VEHICLE,0,0,
-2702.9343,1423.6182,6.8662,186.9969,0.00,VEHICLE,0,0,
-2702.6531,1421.3671,6.8663,186.9172,0.00,VEHICLE,0,0,
-2702.3711,1419.0831,6.8662,186.8834,0.00,VEHICLE,0,0,
-2702.1016,1416.8380,6.8662,186.8697,0.00,VEHICLE,0,0,
-2701.8015,1414.2991,6.8663,186.8984,0.00,VEHICLE,0,0,
-2701.5500,1411.7166,6.8660,192.3363,0.00,VEHICLE,0,0,
-2700.9504,1409.3086,6.8660,198.2289,0.00,VEHICLE,0,0,
-2700.0481,1406.7922,6.8637,201.2552,0.00,VEHICLE,0,0,
-2699.1375,1404.5905,6.8649,202.3332,0.00,VEHICLE,0,0,
-2698.0063,1401.9475,6.8669,202.5310,0.00,VEHICLE,0,0,
-2696.9963,1399.4691,6.8646,201.0188,0.00,VEHICLE,0,0,
-2696.1970,1397.3330,6.8631,200.1471,0.00,VEHICLE,0,0,
-2695.4426,1395.2430,6.8665,199.7869,0.00,VEHICLE,0,0,
-2694.5522,1392.7518,6.8670,199.6316,0.00,VEHICLE,0,0,
-2693.9412,1390.8193,6.8649,201.4522,0.00,VEHICLE,0,0,
-2693.1892,1388.8147,6.8633,211.5097,0.00,VEHICLE,0,0,
-2691.7617,1386.7396,6.8633,220.0048,0.00,VEHICLE,0,0,
-2690.0703,1384.8090,6.8628,225.1285,0.00,VEHICLE,0,0,
-2688.5049,1383.0919,6.8604,245.1851,0.00,VEHICLE,0,0,
-2686.2361,1382.3336,6.8595,262.1364,0.00,VEHICLE,0,0,
-2684.1812,1382.2174,6.8618,266.9672,0.00,VEHICLE,0,0,
-2681.8757,1382.1331,6.8610,268.1682,0.00,VEHICLE,0,0,
-2679.4814,1382.0508,6.8754,268.4517,0.00,VEHICLE,0,0,
-2677.1067,1381.9877,6.8875,268.5406,0.00,VEHICLE,0,0,
-2675.0659,1381.9307,6.9026,268.5760,0.00,VEHICLE,0,0,
-2672.5508,1381.8618,6.9129,268.5545,0.00,VEHICLE,0,0,
-2669.9983,1381.8004,6.9223,268.5588,0.00,VEHICLE,0,0,
-2667.4324,1381.7416,6.9327,268.5099,0.00,VEHICLE,0,0,
-2664.7754,1381.6588,6.9377,264.7134,0.00,VEHICLE,0,0,
-2662.7075,1381.4375,6.9338,262.8708,0.00,VEHICLE,0,0,
-2660.3987,1381.1184,6.9351,262.2926,0.00,VEHICLE,0,0,
-2658.0549,1380.8458,6.9324,260.4516,0.00,VEHICLE,0,0,
-2656.0320,1380.5377,6.9278,250.3608,0.00,VEHICLE,0,0,
-2653.8635,1379.6298,6.9201,244.3181,0.00,VEHICLE,0,0,
-2651.8528,1378.5902,6.9420,243.3471,0.00,VEHICLE,0,0,
-2649.4993,1377.6609,6.9488,234.8792,0.00,VEHICLE,0,0,
-2647.8103,1376.3688,6.9392,222.3382,0.00,VEHICLE,0,0,
-2646.3276,1374.6074,6.9365,216.3984,0.00,VEHICLE,0,0,
-2644.9512,1372.6506,6.9275,194.4939,0.00,VEHICLE,0,0,
-2644.5920,1370.6276,6.9297,190.6128,0.00,VEHICLE,0,0,
-2644.2141,1368.6459,6.9248,190.4094,0.00,VEHICLE,0,0,
-2643.7844,1366.5015,6.9263,184.9788,0.00,VEHICLE,0,0,
-2643.6719,1364.3441,6.9241,181.9638,0.00,VEHICLE,0,0,
-2643.9148,1362.1979,6.9257,195.5433,0.00,VEHICLE,0,0,
-2643.4893,1360.0673,6.9242,227.8910,0.00,VEHICLE,0,0,
-2641.7905,1358.5912,6.9168,267.8703,0.00,VEHICLE,0,0,
-2639.6079,1359.0969,6.9072,303.0612,0.00,VEHICLE,0,0,
-2637.7134,1360.4348,6.8982,310.5762,0.00,VEHICLE,0,0,
-2635.8914,1362.0524,6.8916,336.3808,0.00,VEHICLE,0,0,
-2635.2458,1364.0131,6.8862,344.6168,0.00,VEHICLE,0,0,
-2634.7068,1366.3210,6.8857,346.1664,0.00,VEHICLE,0,0,
-2634.0186,1368.8323,6.8797,348.2713,0.00,VEHICLE,0,0,
-2633.5942,1370.9209,6.8815,8.4099,0.00,VEHICLE,0,0,
-2634.1489,1373.0342,6.8792,19.8945,0.00,VEHICLE,0,0,
-2635.0396,1375.2421,6.8881,21.2194,0.00,VEHICLE,0,0,
-2635.8384,1377.3418,6.8995,21.3287,0.00,VEHICLE,0,0,
-2636.6089,1379.7987,6.9200,30.0711,0.00,VEHICLE,0,0,
-2637.6636,1381.8219,6.9398,53.6842,0.00,VEHICLE,0,0,
-2639.9944,1383.1321,6.9525,67.8480,0.00,VEHICLE,0,0,
-2642.0701,1383.8254,6.9536,70.6146,0.00,VEHICLE,0,0,
-2644.1453,1384.5361,6.9512,71.1394,0.00,VEHICLE,0,0,
-2646.1523,1385.4188,6.9382,77.8908,0.00,VEHICLE,0,0,
-2648.2097,1385.8778,6.9286,90.5027,0.00,VEHICLE,0,0,
-2650.4268,1385.7374,6.9336,97.7043,0.00,VEHICLE,0,0,
-2652.8047,1385.2892,6.9422,99.9760,0.00,VEHICLE,0,0,
-2655.1917,1384.8254,6.9521,100.4694,0.00,VEHICLE,0,0,
-2657.3623,1384.4357,6.9541,100.6185,0.00,VEHICLE,0,0,
-2659.7952,1383.9896,6.9554,100.6687,0.00,VEHICLE,0,0,
-2662.1543,1383.5337,6.9542,100.7030,0.00,VEHICLE,0,0,
-2664.6111,1383.0577,6.9493,100.7030,0.00,VEHICLE,0,0,
-2666.9209,1382.6241,6.9392,100.6897,0.00,VEHICLE,0,0,
-2669.5491,1382.1364,6.9258,100.6866,0.00,VEHICLE,0,0,
-2671.9949,1381.6049,6.9132,97.6223,0.00,VEHICLE,0,0,
-2674.7354,1381.2952,6.9011,89.3518,0.00,VEHICLE,0,0,
-2677.3826,1381.3925,6.8896,84.9714,0.00,VEHICLE,0,0,
-2679.8025,1381.6638,6.8770,83.1627,0.00,VEHICLE,0,0,
-2681.9441,1381.9694,6.8649,82.5054,0.00,VEHICLE,0,0,
-2683.9788,1382.2640,6.8585,82.2598,0.00,VEHICLE,0,0,
-2686.7090,1382.6327,6.8598,82.1199,0.00,VEHICLE,0,0,
-2689.4988,1382.8705,6.8612,76.1381,0.00,VEHICLE,0,0,
-2692.0042,1383.0890,6.8634,59.3436,0.00,VEHICLE,0,0,
-2694.3508,1384.0408,6.8679,37.4380,0.00,VEHICLE,0,0,
-2696.0923,1385.9473,6.8798,11.4410,0.00,VEHICLE,0,0,
-2696.4500,1388.0464,6.8618,346.7617,0.00,VEHICLE,0,0,
-2695.4773,1390.3029,6.8659,327.9680,0.00,VEHICLE,0,0,
-2694.1438,1391.9396,6.8653,331.7258,0.00,VEHICLE,0,0,
-2692.9602,1393.9233,6.8647,354.1661,0.00,VEHICLE,0,0,
-2693.0388,1396.4066,6.8660,6.9108,0.00,VEHICLE,0,0,
-2693.4072,1398.6490,6.8663,8.9802,0.00,VEHICLE,0,0,
-2693.7410,1400.8334,6.8665,9.3104,0.00,VEHICLE,0,0,
-2694.1111,1403.1569,6.8661,9.4031,0.00,VEHICLE,0,0,
-2694.5420,1405.5436,6.8661,8.7436,0.00,VEHICLE,0,0,
-2694.8586,1407.5956,6.8662,3.2275,0.00,VEHICLE,0,0,
-2694.9260,1410.3381,6.8629,359.2068,0.00,VEHICLE,0,0,
-2694.8589,1412.3381,6.8663,358.4044,0.00,VEHICLE,0,0,
-2694.7656,1415.0889,6.8665,358.1752,0.00,VEHICLE,0,0,
-2694.6863,1417.8799,6.8658,358.1331,0.00,VEHICLE,0,0,
-2694.6106,1420.2256,6.8662,358.1203,0.00,VEHICLE,0,0,
-2694.5244,1422.7147,6.8662,358.1190,0.00,VEHICLE,0,0,
-2694.4377,1425.3049,6.8662,358.1213,0.00,VEHICLE,0,0,
-2694.3562,1427.8085,6.8662,358.1216,0.00,VEHICLE,0,0,
-2694.2886,1429.8824,6.8662,358.1207,0.00,VEHICLE,0,0,
-2694.2053,1432.4248,6.8662,358.1199,0.00,VEHICLE,0,0,
-2694.1287,1434.7446,6.8662,358.1201,0.00,VEHICLE,0,0,
-2694.0547,1436.9985,6.8643,358.1208,0.00,VEHICLE,0,0,
-2693.9856,1439.2023,6.8632,358.0797,0.00,VEHICLE,0,0,
-2693.9409,1441.3730,6.8641,354.9263,0.00,VEHICLE,0,0,
-2693.7014,1443.6005,6.8641,351.5741,0.00,VEHICLE,0,0,
-2693.3745,1445.5942,6.8653,350.4185,0.00,VEHICLE,0,0,
-2692.9885,1447.7521,6.8674,350.1119,0.00,VEHICLE,0,0,
-2692.5305,1450.3828,6.8659,350.0319,0.00,VEHICLE,0,0,
-2692.1238,1452.7253,6.8661,350.0039,0.00,VEHICLE,0,0,
-2691.6672,1455.3088,6.8665,349.9897,0.00,VEHICLE,0,0,
-2691.1606,1458.1603,6.8692,349.9851,0.00,VEHICLE,0,0,
-2690.8481,1460.1816,6.8930,348.3306,0.00,VEHICLE,0,0,
-2690.2041,1462.9929,6.9299,343.9255,0.00,VEHICLE,0,0,
-2689.4290,1465.5040,6.9531,341.8900,0.00,VEHICLE,0,0,
-2688.6580,1467.7502,6.9524,341.0868,0.00,VEHICLE,0,0,
-2687.8577,1470.0643,6.9530,340.7939,0.00,VEHICLE,0,0,
-2687.1138,1472.4250,6.9490,338.3296,0.00,VEHICLE,0,0,
-2686.1167,1474.6575,6.9501,327.3112,0.00,VEHICLE,0,0,
-2684.7957,1476.5227,6.9500,322.4245,0.00,VEHICLE,0,0,
-2683.5227,1478.0735,6.9501,316.5400,0.00,VEHICLE,0,0,
-2681.5916,1479.0337,6.9535,259.6826,0.00,VEHICLE,0,0,
-2679.5623,1478.4817,6.9533,251.4390,0.00,VEHICLE,0,0,
-2677.3030,1477.7382,6.9532,219.3353,0.00,VEHICLE,0,0,
-2676.3171,1475.9540,6.9509,202.1805,0.00,VEHICLE,0,0,
-2675.7102,1473.9165,6.9507,208.4458,0.00,VEHICLE,0,0,
-2674.6003,1472.2126,6.9527,219.3663,0.00,VEHICLE,0,0,
-2673.2461,1470.4749,6.9511,226.1218,0.00,VEHICLE,0,0,
-2671.4905,1469.0193,6.9528,243.3866,0.00,VEHICLE,0,0,
-2669.1943,1468.0427,6.9519,248.5268,0.00,VEHICLE,0,0,
-2667.1377,1467.2864,6.9524,249.4487,0.00,VEHICLE,0,0,
-2664.8923,1466.4410,6.9522,249.6763,0.00,VEHICLE,0,0,
-2662.4148,1465.5137,6.9520,249.7483,0.00,VEHICLE,0,0,
-2660.0571,1464.6871,6.9506,248.9366,0.00,VEHICLE,0,0,
-2657.5742,1463.6833,6.9422,244.5738,0.00,VEHICLE,0,0,
-2654.9927,1462.3877,6.9248,242.2301,0.00,VEHICLE,0,0,
-2653.0891,1461.4216,6.9120,240.0216,0.00,VEHICLE,0,0,
-2651.3416,1460.4213,6.9178,232.7905,0.00,VEHICLE,0,0,
-2649.7004,1459.1031,6.9355,226.9005,0.00,VEHICLE,0,0,
-2648.2139,1457.6284,6.9610,223.3311,0.00,VEHICLE,0,0,
-2646.3296,1455.3700,6.9974,220.7052,0.00,VEHICLE,0,0,
-2644.8398,1453.4623,7.0082,220.0829,0.00,VEHICLE,0,0,
-2643.2195,1451.5293,6.9944,220.2382,0.00,VEHICLE,0,0,
-2641.6641,1449.8871,6.9300,220.7033,0.00,VEHICLE,0,0,
-2640.1392,1448.2750,6.9291,220.8939,0.00,VEHICLE,0,0,
-2638.3499,1446.1802,6.9261,220.7867,0.00,VEHICLE,0,0,
-2636.9729,1444.5006,6.9245,220.7585,0.00,VEHICLE,0,0,
-2635.5713,1442.8348,6.8884,220.8063,0.00,VEHICLE,0,0,
-2634.0398,1441.0820,6.8631,220.8549,0.00,VEHICLE,0,0,
-2632.3965,1439.2141,6.8649,221.1229,0.00,VEHICLE,0,0,
-2630.6443,1437.2124,6.8660,226.0822,0.00,VEHICLE,0,0,
-2628.8472,1435.5278,6.8660,229.8093,0.00,VEHICLE,0,0,
-2627.2153,1434.1666,6.8657,231.4473,0.00,VEHICLE,0,0,
-2625.3923,1432.7502,6.8660,232.4045,0.00,VEHICLE,0,0,
-2623.4204,1431.3993,6.8654,229.7120,0.00,VEHICLE,0,0,
-2621.4583,1429.9551,6.8660,219.6124,0.00,VEHICLE,0,0,
-2619.9905,1428.2029,6.8674,210.2982,0.00,VEHICLE,0,0,
-2618.9119,1426.2780,6.8729,203.3339,0.00,VEHICLE,0,0,
-2618.0720,1424.1129,6.8681,198.1483,0.00,VEHICLE,0,0,
-2617.5376,1422.1849,6.8628,195.5621,0.00,VEHICLE,0,0,
-2616.8516,1419.2756,6.8716,194.1397,0.00,VEHICLE,0,0,
-2616.1226,1416.4124,6.8779,194.4480,0.00,VEHICLE,0,0,
-2615.4958,1414.1036,6.8882,194.6370,0.00,VEHICLE,0,0,
-2614.7852,1411.6205,6.8974,193.2588,0.00,VEHICLE,0,0,
-2613.8208,1409.0087,6.9066,176.7853,0.00,VEHICLE,0,0,
-2613.3916,1406.3019,6.9104,148.0440,0.00,VEHICLE,0,0,
-2614.0464,1404.1687,6.8986,121.7086,0.00,VEHICLE,0,0,
-2615.8828,1403.0989,6.8744,88.2291,0.00,VEHICLE,0,0,
-2617.9583,1403.7905,6.8728,79.0674,0.00,VEHICLE,0,0,
-2620.0481,1404.0543,6.8676,119.6925,0.00,VEHICLE,0,0,
-2621.8452,1402.5083,6.8657,139.5544,0.00,VEHICLE,0,0,
-2623.1565,1400.8644,6.8668,141.6175,0.00,VEHICLE,0,0,
-2624.6616,1398.9575,6.8665,141.9799,0.00,VEHICLE,0,0,
-2625.9778,1397.2764,6.8666,142.0401,0.00,VEHICLE,0,0,
-2627.4954,1395.3252,6.8665,142.0552,0.00,VEHICLE,0,0,
-2628.9648,1393.4387,6.8661,142.0567,0.00,VEHICLE,0,0,
-2630.5430,1391.4165,6.8662,142.0575,0.00,VEHICLE,0,0,
-2632.1782,1389.3201,6.8671,142.0583,0.00,VEHICLE,0,0,
-2633.7825,1387.2756,6.8954,142.0451,0.00,VEHICLE,0,0,
-2635.4158,1385.1909,6.9403,142.0639,0.00,VEHICLE,0,0,
-2637.1106,1383.0050,6.9525,142.1638,0.00,VEHICLE,0,0,
-2638.4053,1381.4001,6.9316,146.6927,0.00,VEHICLE,0,0,
-2639.6782,1379.2964,6.9151,152.2918,0.00,VEHICLE,0,0,
-2640.7410,1377.1417,6.9090,153.7975,0.00,VEHICLE,0,0,
-2641.8008,1374.9724,6.9176,154.0894,0.00,VEHICLE,0,0,
-2642.8237,1372.9298,6.9185,160.3402,0.00,VEHICLE,0,0,
-2643.5071,1370.7482,6.9222,164.3023,0.00,VEHICLE,0,0,
-2643.9507,1368.6793,6.9267,174.4483,0.00,VEHICLE,0,0,
-2644.2869,1366.4713,6.9285,192.3671,0.00,VEHICLE,0,0,
-2643.8445,1364.5088,6.9252,224.1342,0.00,VEHICLE,0,0,
-2642.1536,1363.2687,6.9192,272.1825,0.00,VEHICLE,0,0,
-2639.8848,1363.7092,6.9077,289.7875,0.00,VEHICLE,0,0,
-2637.9155,1364.3119,6.8987,309.2106,0.00,VEHICLE,0,0,
-2636.2024,1366.0269,6.8953,341.0297,0.00,VEHICLE,0,0,
-2635.7307,1368.0687,6.8875,348.7575,0.00,VEHICLE,0,0,
-2635.2595,1370.4053,6.8874,1.4337,0.00,VEHICLE,0,0,
-2635.4341,1372.6685,6.8872,11.2954,0.00,VEHICLE,0,0,
-2635.9253,1374.7051,6.8871,13.8444,0.00,VEHICLE,0,0,
-2636.5100,1376.9150,6.8980,14.1217,0.00,VEHICLE,0,0,
-2636.9985,1378.9125,6.9134,14.1416,0.00,VEHICLE,0,0,
-2637.5579,1381.0692,6.9298,13.6636,0.00,VEHICLE,0,0,
-2638.1350,1383.2039,6.9510,351.8260,0.00,VEHICLE,0,0,
-2637.5244,1385.3091,6.9418,334.3039,0.00,VEHICLE,0,0,
-2636.3792,1387.3669,6.8976,330.9283,0.00,VEHICLE,0,0,
-2635.1331,1389.5612,6.8655,330.5505,0.00,VEHICLE,0,0,
-2634.1375,1391.3387,6.8656,330.4885,0.00,VEHICLE,0,0,
-2633.0408,1393.3151,6.8659,327.4430,0.00,VEHICLE,0,0,
-2631.9297,1395.0066,6.8660,325.0232,0.00,VEHICLE,0,0,
-2630.6609,1396.7803,6.8663,324.0503,0.00,VEHICLE,0,0,
-2629.2502,1398.6962,6.8639,323.6471,0.00,VEHICLE,0,0,
-2627.7183,1400.7732,6.8644,323.4995,0.00,VEHICLE,0,0,
-2626.2119,1402.8060,6.8661,323.4458,0.00,VEHICLE,0,0,
-2624.6311,1404.9338,6.8662,323.4267,0.00,VEHICLE,0,0,
-2623.0303,1407.0900,6.8641,323.4212,0.00,VEHICLE,0,0,
-2621.4634,1409.1157,6.8634,326.3300,0.00,VEHICLE,0,0,
-2620.3091,1410.9277,6.8629,330.9458,0.00,VEHICLE,0,0,
-2619.3535,1412.7386,6.8609,333.1794,0.00,VEHICLE,0,0,
-2618.2527,1415.0228,6.8629,334.0800,0.00,VEHICLE,0,0,
-2617.2402,1416.9331,6.8644,337.0276,0.00,VEHICLE,0,0,
-2616.2910,1419.2070,6.8805,353.9241,0.00,VEHICLE,0,0,
-2616.2036,1421.2734,6.8853,2.7753,0.00,VEHICLE,0,0,
-2616.4019,1423.5540,6.8847,7.8929,0.00,VEHICLE,0,0,
-2616.7905,1425.6200,6.8811,16.5007,0.00,VEHICLE,0,0,
-2617.2891,1427.7451,6.8777,33.8029,0.00,VEHICLE,0,0,
-2618.6575,1429.2917,6.8668,57.4917,0.00,VEHICLE,0,0,
-2620.5557,1430.4944,6.8657,63.5608,0.00,VEHICLE,0,0,
-2622.5178,1431.3533,6.8635,86.4113,0.00,VEHICLE,0,0,
-2624.5518,1431.3213,6.8670,90.2024,0.00,VEHICLE,0,0,
-2626.6970,1431.3170,6.8662,89.7326,0.00,VEHICLE,0,0,
-2628.9639,1431.3767,6.8633,72.5198,0.00,VEHICLE,0,0,
-2631.1069,1432.2148,6.8670,70.8024,0.00,VEHICLE,0,0,
-2633.2490,1432.8298,6.8673,77.5075,0.00,VEHICLE,0,0,
-2635.4519,1433.3254,6.8664,77.3870,0.00,VEHICLE,0,0,
-2637.8374,1433.7030,6.8638,65.3068,0.00,VEHICLE,0,0,
-2639.9590,1434.8645,6.8605,56.2464,0.00,VEHICLE,0,0,
-2641.7205,1436.1351,6.8626,54.9983,0.00,VEHICLE,0,0,
-2643.5625,1437.4255,6.8601,54.9956,0.00,VEHICLE,0,0,
-2645.2327,1438.7489,6.8585,65.6662,0.00,VEHICLE,0,0,
-2647.6514,1439.6166,6.8580,77.3668,0.00,VEHICLE,0,0,
-2649.7563,1439.9996,6.8606,79.9137,0.00,VEHICLE,0,0,
-2651.9331,1440.3409,6.8640,80.4831,0.00,VEHICLE,0,0,
-2654.3159,1440.7618,6.8661,80.9860,0.00,VEHICLE,0,0,
-2656.8210,1441.1538,6.8661,82.8420,0.00,VEHICLE,0,0,
-2659.4026,1441.4591,6.8661,83.5116,0.00,VEHICLE,0,0,
-2662.1960,1441.8400,6.8656,87.3483,0.00,VEHICLE,0,0,
-2664.9382,1441.8583,6.8662,96.1948,0.00,VEHICLE,0,0,
-2667.7305,1441.4771,6.8654,99.5222,0.00,VEHICLE,0,0,
-2670.3123,1440.9929,6.8660,100.3080,0.00,VEHICLE,0,0,
-2673.1584,1440.4496,6.8660,100.5001,0.00,VEHICLE,0,0,
-2676.1328,1439.9063,6.8662,100.5412,0.00,VEHICLE,0,0,
-2678.1289,1439.5433,6.8662,100.5551,0.00,VEHICLE,0,0,
-2680.3179,1439.1383,6.8661,100.5656,0.00,VEHICLE,0,0,
-2682.6189,1438.7407,6.8661,101.5293,0.00,VEHICLE,0,0,
-2684.6501,1438.4956,6.8650,108.5287,0.00,VEHICLE,0,0,
-2686.6111,1438.0703,6.8662,118.5204,0.00,VEHICLE,0,0,
-2688.6125,1437.1138,6.8670,129.0028,0.00,VEHICLE,0,0,
-2690.2544,1435.7802,6.8732,137.9392,0.00,VEHICLE,0,0,
-2691.5457,1434.2423,6.8760,144.4453,0.00,VEHICLE,0,0,
-2692.7712,1432.2905,6.8572,147.8206,0.00,VEHICLE,0,0,
-2694.1787,1429.8472,6.8650,149.0422,0.00,VEHICLE,0,0,
-2695.2163,1428.1055,6.8658,149.2664,0.00,VEHICLE,0,0,
-2696.3596,1426.2303,6.8662,149.3537,0.00,VEHICLE,0,0,
-2697.7700,1423.8979,6.8660,149.4163,0.00,VEHICLE,0,0,
-2699.1223,1421.6458,6.8660,149.9081,0.00,VEHICLE,0,0,
-2700.3062,1419.8475,6.8653,155.8884,0.00,VEHICLE,0,0,
-2701.2068,1417.9498,6.8655,163.9808,0.00,VEHICLE,0,0,
-2701.8337,1415.4534,6.8621,171.7938,0.00,VEHICLE,0,0,
-2702.1047,1412.8479,6.8625,176.3344,0.00,VEHICLE,0,0,
-2702.1658,1410.7228,6.8641,177.8776,0.00,VEHICLE,0,0,
-2702.2119,1408.4932,6.8665,178.4755,0.00,VEHICLE,0,0,
-2702.2776,1406.2207,6.8666,178.6767,0.00,VEHICLE,0,0,
-2702.3748,1403.8124,6.8660,179.3069,0.00,VEHICLE,0,0,
-2702.4302,1401.0941,6.8659,187.7710,0.00,VEHICLE,0,0,
-2701.9526,1398.4001,6.8655,194.2452,0.00,VEHICLE,0,0,
-2701.2126,1395.7588,6.8656,197.4035,0.00,VEHICLE,0,0,
-2700.7151,1393.7682,6.8646,204.2862,0.00,VEHICLE,0,0,
-2699.7852,1391.3389,6.8651,220.6902,0.00,VEHICLE,0,0,
-2698.1250,1389.5073,6.8678,237.2813,0.00,VEHICLE,0,0,
-2696.0613,1388.3665,6.8695,249.5315,0.00,VEHICLE,0,0,
-2693.6528,1387.7094,6.8599,256.2899,0.00,VEHICLE,0,0,
-2690.9788,1387.2844,6.8632,252.1137,0.00,VEHICLE,0,0,
-2688.7773,1386.3333,6.8576,231.7103,0.00,VEHICLE,0,0,
-2687.0669,1384.6814,6.8591,227.7376,0.00,VEHICLE,0,0,
-2685.6125,1383.0781,6.8588,244.5003,0.00,VEHICLE,0,0,
-2683.6172,1382.3291,6.8566,256.2232,0.00,VEHICLE,0,0,
-2681.1016,1381.8929,6.8652,260.2618,0.00,VEHICLE,0,0,
-2678.7488,1381.5178,6.8833,260.9606,0.00,VEHICLE,0,0,
-2676.0923,1381.0016,6.8941,262.8977,0.00,VEHICLE,0,0,
-2674.0100,1380.7736,6.9016,269.8333,0.00,VEHICLE,0,0,
-2671.7644,1380.8389,6.9109,273.8124,0.00,VEHICLE,0,0,
-2669.0200,1381.0942,6.9233,275.3692,0.00,VEHICLE,0,0,
-2666.8872,1381.3130,6.9329,275.7112,0.00,VEHICLE,0,0,
-2664.5696,1381.5480,6.9393,275.7081,0.00,VEHICLE,0,0,
-2661.8494,1381.7985,6.9386,271.4250,0.00,VEHICLE,0,0,
-2659.1687,1381.8148,6.9367,268.6573,0.00,VEHICLE,0,0,
-2657.1289,1381.7441,6.9385,267.9335,0.00,VEHICLE,0,0,
-2654.7839,1381.7865,6.9393,262.0319,0.00,VEHICLE,0,0,
-2652.7305,1381.6055,6.9369,247.6590,0.00,VEHICLE,0,0,
-2650.7632,1380.6605,6.9480,237.7587,0.00,VEHICLE,0,0,
-2649.0964,1379.4694,6.9489,234.8458,0.00,VEHICLE,0,0,
-2647.3662,1378.3507,6.9398,230.6834,0.00,VEHICLE,0,0,
-2645.6963,1377.1226,6.9316,201.8341,0.00,VEHICLE,0,0,
-2645.3616,1375.0179,6.9326,182.5303,0.00,VEHICLE,0,0,
-2645.3057,1372.8405,6.9288,180.8693,0.00,VEHICLE,0,0,
-2645.2842,1370.6250,6.9304,183.9370,0.00,VEHICLE,0,0,
-2645.1011,1368.6101,6.9335,185.4983,0.00,VEHICLE,0,0,
-2644.8923,1366.4052,6.9272,185.5356,0.00,VEHICLE,0,0,
-2644.7573,1364.3000,6.9304,188.0848,0.00,VEHICLE,0,0,
-2644.2732,1362.0829,6.9285,216.6112,0.00,VEHICLE,0,0,
-2642.6526,1360.3341,6.9204,224.6549,0.00,VEHICLE,0,0,
-2641.2085,1358.9109,6.9146,225.5762,0.00,VEHICLE,0,0,
-2639.6279,1357.2106,6.9069,230.1431,0.00,VEHICLE,0,0,
-2637.6565,1355.7418,6.8988,239.9500,0.00,VEHICLE,0,0,
-2635.4438,1354.5796,6.8854,243.4138,0.00,VEHICLE,0,0,
-2633.0603,1353.4266,6.8798,244.7004,0.00,VEHICLE,0,0,
-2631.2197,1352.4974,6.8711,250.6686,0.00,VEHICLE,0,0,
-2629.1851,1351.8314,6.8629,254.9695,0.00,VEHICLE,0,0,
-2627.0505,1351.3151,6.8763,256.7089,0.00,VEHICLE,0,0,
-2624.7163,1350.8048,6.8954,257.3595,0.00,VEHICLE,0,0,
-2622.1375,1350.2006,6.9153,258.0046,0.00,VEHICLE,0,0,
-2619.8528,1349.6768,6.9330,264.9792,0.00,VEHICLE,0,0,
-2617.4954,1349.5371,6.9467,270.2489,0.00,VEHICLE,0,0,
-2615.2244,1349.6106,6.9548,272.5931,0.00,VEHICLE,0,0,
-2613.0881,1349.7494,6.9585,273.5247,0.00,VEHICLE,0,0,
-2610.9482,1349.8877,6.9609,273.8705,0.00,VEHICLE,0,0,
-2608.6172,1350.0374,6.9604,274.0084,0.00,VEHICLE,0,0,
-2605.6838,1350.2405,6.9598,274.1403,0.00,VEHICLE,0,0,
-2603.6770,1350.3356,6.9578,277.4471,0.00,VEHICLE,0,0,
-2600.8616,1350.8109,6.9075,282.7932,0.00,VEHICLE,0,0,
-2598.4138,1351.4437,6.9324,285.1073,0.00,VEHICLE,0,0,
-2595.7092,1352.2158,6.9080,286.0262,0.00,VEHICLE,0,0,
-2593.1638,1352.9259,6.8006,286.4235,0.00,VEHICLE,0,0,
-2590.6499,1353.6528,6.8114,286.5590,0.00,VEHICLE,0,0,
-2587.8293,1354.5045,6.8107,286.7228,0.00,VEHICLE,0,0,
-2585.4329,1355.1959,6.8111,291.3698,0.00,VEHICLE,0,0,
-2583.4492,1356.0023,6.8084,295.3676,0.00,VEHICLE,0,0,
-2581.0027,1357.2433,6.8067,298.0968,0.00,VEHICLE,0,0,
-2578.6172,1358.5796,6.8097,299.1283,0.00,VEHICLE,0,0,
-2576.0327,1360.0254,6.8082,299.5225,0.00,VEHICLE,0,0,
-2574.2195,1361.0444,6.8077,299.6455,0.00,VEHICLE,0,0,
-2572.0764,1362.1763,6.8071,302.7985,0.00,VEHICLE,0,0,
-2570.3164,1363.3522,6.8053,307.9521,0.00,VEHICLE,0,0,
-2568.7637,1364.6150,6.8034,311.1667,0.00,VEHICLE,0,0,
-2566.7261,1366.5084,6.8051,313.4005,0.00,VEHICLE,0,0,
-2564.7695,1368.4014,6.8043,314.1780,0.00,VEHICLE,0,0,
-2563.3215,1369.8026,6.8009,314.4505,0.00,VEHICLE,0,0,
-2561.5281,1371.5604,6.8016,314.6689,0.00,VEHICLE,0,0,
-2559.8228,1373.2590,6.8021,314.7789,0.00,VEHICLE,0,0,
-2558.3308,1374.7418,6.8012,314.8144,0.00,VEHICLE,0,0,
-2556.6536,1376.0857,6.8649,319.4424,0.00,VEHICLE,0,0,
-2555.4377,1377.8409,6.9307,0.5516,0.00,VEHICLE,0,0,
-2555.8328,1379.8484,6.9536,24.7330,0.00,VEHICLE,0,0,
-2556.6658,1381.7775,6.9514,38.2139,0.00,VEHICLE,0,0,
-2558.2568,1383.2833,6.9488,60.1008,0.00,VEHICLE,0,0,
-2560.1465,1384.3000,6.9536,62.5150,0.00,VEHICLE,0,0,
-2561.9814,1385.2633,6.9523,74.6248,0.00,VEHICLE,0,0,
-2564.1145,1385.7625,6.9524,77.1014,0.00,VEHICLE,0,0,
-2566.1423,1386.2123,6.9502,77.3627,0.00,VEHICLE,0,0,
-2568.4180,1386.7332,6.9529,77.4231,0.00,VEHICLE,0,0,
-2570.4719,1387.3466,6.9511,83.1125,0.00,VEHICLE,0,0,
-2573.0505,1387.5134,6.9499,98.2604,0.00,VEHICLE,0,0,
-2575.5830,1386.9894,6.9214,101.9867,0.00,VEHICLE,0,0,
-2577.6775,1386.5140,6.9207,102.4272,0.00,VEHICLE,0,0,
-2580.0386,1386.0106,6.9146,102.5093,0.00,VEHICLE,0,0,
-2582.5510,1385.4612,6.9087,102.5368,0.00,VEHICLE,0,0,
-2585.0847,1384.8895,6.9028,102.5346,0.00,VEHICLE,0,0,
-2587.0593,1384.4469,6.8994,102.5238,0.00,VEHICLE,0,0,
-2589.1003,1383.9949,6.8969,102.5138,0.00,VEHICLE,0,0,
-2591.3403,1383.5006,6.8940,102.5064,0.00,VEHICLE,0,0,
-2593.5525,1383.0103,6.8930,102.5025,0.00,VEHICLE,0,0,
-2595.8330,1382.5013,6.8992,102.4980,0.00,VEHICLE,0,0,
-2598.3220,1381.9478,6.9063,102.4840,0.00,VEHICLE,0,0,
-2600.8931,1381.3881,6.9171,102.5921,0.00,VEHICLE,0,0,
-2603.4446,1380.8250,6.9454,104.6498,0.00,VEHICLE,0,0,
-2605.7798,1380.1996,6.9607,106.1622,0.00,VEHICLE,0,0,
-2608.0208,1379.5276,6.9573,106.9273,0.00,VEHICLE,0,0,
-2609.9380,1378.9247,6.9581,107.2233,0.00,VEHICLE,0,0,
-2612.8774,1378.0043,6.9562,107.3521,0.00,VEHICLE,0,0,
-2615.1777,1377.2975,6.8915,107.2598,0.00,VEHICLE,0,0,
-2617.5337,1376.5590,6.8925,107.2354,0.00,VEHICLE,0,0,
-2619.8057,1375.8459,6.8851,107.1961,0.00,VEHICLE,0,0,
-2621.7646,1375.2399,6.8792,107.1480,0.00,VEHICLE,0,0,
-2624.3223,1374.4558,6.8760,107.1385,0.00,VEHICLE,0,0,
-2626.5486,1373.7709,6.8678,107.1170,0.00,VEHICLE,0,0,
-2628.5046,1373.0778,6.8597,103.9953,0.00,VEHICLE,0,0,
-2630.5571,1372.4633,6.8639,78.7188,0.00,VEHICLE,0,0,
-2632.3999,1373.2550,6.8714,39.5586,0.00,VEHICLE,0,0,
-2633.4485,1375.2338,6.8830,35.6512,0.00,VEHICLE,0,0,
-2634.7837,1376.9197,6.8960,74.7900,0.00,VEHICLE,0,0,
-2636.9253,1377.0449,6.9005,90.7155,0.00,VEHICLE,0,0,
-2638.9873,1377.2297,6.9043,104.6939,0.00,VEHICLE,0,0,
-2640.8911,1376.1956,6.9141,136.6354,0.00,VEHICLE,0,0,
-2642.6174,1374.5519,6.9189,149.2399,0.00,VEHICLE,0,0,
-2643.3977,1372.5653,6.9211,169.8826,0.00,VEHICLE,0,0,
-2643.7224,1370.5065,6.9252,170.7446,0.00,VEHICLE,0,0,
-2644.0889,1368.5308,6.9237,172.0732,0.00,VEHICLE,0,0,
-2644.3093,1366.3842,6.9284,182.6785,0.00,VEHICLE,0,0,
-2644.1990,1364.3351,6.9282,213.5454,0.00,VEHICLE,0,0,
-2642.5764,1362.5717,6.9206,256.6088,0.00,VEHICLE,0,0,
-2640.1509,1362.4208,6.9092,271.6497,0.00,VEHICLE,0,0,
-2637.8582,1362.5609,6.8966,273.8420,0.00,VEHICLE,0,0,
-2635.4817,1362.7169,6.8900,274.2553,0.00,VEHICLE,0,0,
-2633.2969,1362.8845,6.8796,274.2984,0.00,VEHICLE,0,0,
-2630.8066,1363.0751,6.8689,274.3054,0.00,VEHICLE,0,0,
-2628.6174,1363.2380,6.8589,274.3075,0.00,VEHICLE,0,0,
-2626.0557,1363.4302,6.8456,274.3138,0.00,VEHICLE,0,0,
-2624.0576,1363.5822,6.8398,274.3147,0.00,VEHICLE,0,0,
-2621.9507,1363.7836,6.8299,273.1942,0.00,VEHICLE,0,0,
-2619.4807,1363.8792,6.8188,265.3278,0.00,VEHICLE,0,0,
-2616.5940,1363.5330,6.8222,260.5462,0.00,VEHICLE,0,0,
-2614.5898,1363.1583,6.8361,259.0858,0.00,VEHICLE,0,0,
-2611.5972,1362.5487,6.8141,258.1064,0.00,VEHICLE,0,0,
-2608.7500,1361.9166,6.8287,257.6818,0.00,VEHICLE,0,0,
-2606.5852,1361.4304,6.8562,257.4502,0.00,VEHICLE,0,0,
-2604.4861,1361.0267,6.8633,254.4928,0.00,VEHICLE,0,0,
-2601.6528,1360.1880,6.8525,249.7968,0.00,VEHICLE,0,0,
-2599.0288,1359.1506,6.8221,247.6815,0.00,VEHICLE,0,0,
-2597.1638,1358.3484,6.8005,247.0410,0.00,VEHICLE,0,0,
-2595.2080,1357.4143,6.8028,248.8854,0.00,VEHICLE,0,0,
-2592.6279,1356.3206,6.8017,264.8477,0.00,VEHICLE,0,0,
-2590.2100,1356.2522,6.8060,276.2669,0.00,VEHICLE,0,0,
-2587.7446,1356.7041,6.8113,282.0235,0.00,VEHICLE,0,0,
-2585.0046,1357.3539,6.8528,284.2217,0.00,VEHICLE,0,0,
-2582.1680,1357.8711,6.8686,285.8409,0.00,VEHICLE,0,0,
-2579.5408,1358.6313,6.8255,294.5636,0.00,VEHICLE,0,0,
-2577.3057,1359.9084,6.8044,299.3344,0.00,VEHICLE,0,0,
-2575.0649,1361.2598,6.8069,301.1044,0.00,VEHICLE,0,0,
-2572.5710,1362.7201,6.8077,301.8206,0.00,VEHICLE,0,0,
-2570.0369,1364.2926,6.8064,302.1201,0.00,VEHICLE,0,0,
-2568.3010,1365.4065,6.8060,302.2015,0.00,VEHICLE,0,0,
-2566.5784,1366.4996,6.8030,302.3069,0.00,VEHICLE,0,0,
-2564.1873,1367.8594,6.8010,312.0368,0.00,VEHICLE,0,0,
-2562.5000,1369.5846,6.8014,324.7043,0.00,VEHICLE,0,0,
-2561.3616,1371.4376,6.8030,330.2614,0.00,VEHICLE,0,0,
-2560.3159,1373.4425,6.8044,332.2934,0.00,VEHICLE,0,0,
-2559.0857,1375.7169,6.8640,332.9399,0.00,VEHICLE,0,0,
-2557.5581,1377.8950,6.9499,341.1686,0.00,VEHICLE,0,0,
-2556.6560,1379.7419,6.9469,6.2515,0.00,VEHICLE,0,0,
-2557.4387,1381.7800,6.9489,45.0121,0.00,VEHICLE,0,0,
-2559.2881,1383.2163,6.9499,61.3741,0.00,VEHICLE,0,0,
-2561.3916,1384.1989,6.9523,67.8758,0.00,VEHICLE,0,0,
-2563.3328,1385.0016,6.9493,76.5283,0.00,VEHICLE,0,0,
-2565.3132,1385.3870,6.9532,79.0736,0.00,VEHICLE,0,0,
-2567.3164,1385.7911,6.9522,78.7405,0.00,VEHICLE,0,0,
-2569.6396,1386.2506,6.9526,78.7175,0.00,VEHICLE,0,0,
-2571.9236,1386.7810,6.9517,84.8461,0.00,VEHICLE,0,0,
-2573.9976,1386.8606,6.9242,92.1586,0.00,VEHICLE,0,0,
-2576.0537,1386.7167,6.9235,93.4387,0.00,VEHICLE,0,0,
-2578.1045,1386.6001,6.9202,93.5207,0.00,VEHICLE,0,0,
-2580.5613,1386.4546,6.9176,93.5340,0.00,VEHICLE,0,0,
-2582.6589,1386.3206,6.9146,93.5272,0.00,VEHICLE,0,0,
-2584.8198,1386.1844,6.9113,93.4797,0.00,VEHICLE,0,0,
-2586.9729,1386.0565,6.9079,93.2488,0.00,VEHICLE,0,0,
-2589.3450,1385.9259,6.9073,93.1054,0.00,VEHICLE,0,0,
-2591.9683,1385.7843,6.9093,93.0721,0.00,VEHICLE,0,0,
-2594.1550,1385.6654,6.9167,93.0586,0.00,VEHICLE,0,0,
-2596.6077,1385.5337,6.9267,93.0422,0.00,VEHICLE,0,0,
-2599.0295,1385.4055,6.9364,93.0303,0.00,VEHICLE,0,0,
-2601.4973,1385.2753,6.9462,93.0182,0.00,VEHICLE,0,0,
-2603.6790,1385.1603,6.9544,93.0058,0.00,VEHICLE,0,0,
-2605.7852,1385.0552,6.9525,92.9869,0.00,VEHICLE,0,0,
-2608.1902,1384.9529,6.9500,93.1553,0.00,VEHICLE,0,0,
-2610.4839,1384.8158,6.9529,96.0906,0.00,VEHICLE,0,0,
-2612.7419,1384.5420,6.9563,97.3989,0.00,VEHICLE,0,0,
-2614.8545,1384.2498,6.9530,97.7287,0.00,VEHICLE,0,0,
-2617.1785,1383.9277,6.9545,97.8069,0.00,VEHICLE,0,0,
-2619.7036,1383.5779,6.9541,100.0860,0.00,VEHICLE,0,0,
-2621.7876,1383.1914,6.9503,101.3424,0.00,VEHICLE,0,0,
-2623.9360,1382.7491,6.9465,101.7915,0.00,VEHICLE,0,0,
-2626.1748,1382.2720,6.9409,101.9474,0.00,VEHICLE,0,0,
-2628.2219,1381.8352,6.9357,101.9802,0.00,VEHICLE,0,0,
-2630.4368,1381.3673,6.9324,101.9786,0.00,VEHICLE,0,0,
-2632.6790,1380.9702,6.9286,105.0672,0.00,VEHICLE,0,0,
-2634.7180,1380.2217,6.9228,119.8979,0.00,VEHICLE,0,0,
-2636.4280,1379.1602,6.9161,121.2697,0.00,VEHICLE,0,0,
-2638.1702,1378.1229,6.9070,121.4861,0.00,VEHICLE,0,0,
-2639.9802,1377.0156,6.9062,127.9962,0.00,VEHICLE,0,0,
-2641.7852,1375.4900,6.9174,131.1005,0.00,VEHICLE,0,0,
-2643.6702,1374.0243,6.9236,142.2548,0.00,VEHICLE,0,0,
-2644.7957,1372.2791,6.9279,152.1595,0.00,VEHICLE,0,0,
-2645.9514,1370.3787,6.9332,164.7123,0.00,VEHICLE,0,0,
-2646.2361,1368.3075,6.9375,188.0863,0.00,VEHICLE,0,0,
-2645.9341,1366.3223,6.9308,220.2537,0.00,VEHICLE,0,0,
-2644.5908,1364.8109,6.9287,253.1068,0.00,VEHICLE,0,0,
-2642.4524,1364.2542,6.9184,292.1424,0.00,VEHICLE,0,0,
-2640.7590,1365.5094,6.9132,316.6939,0.00,VEHICLE,0,0,
-2639.4067,1367.0200,6.9062,318.6268,0.00,VEHICLE,0,0,
-2637.9814,1368.6349,6.8985,318.9132,0.00,VEHICLE,0,0,
-2636.6121,1370.2167,6.8946,318.9418,0.00,VEHICLE,0,0,
-2635.0857,1371.9650,6.8873,318.9546,0.00,VEHICLE,0,0,
-2633.4907,1373.7981,6.8791,318.9747,0.00,VEHICLE,0,0,
-2632.0061,1375.5033,6.8840,318.9710,0.00,VEHICLE,0,0,
-2630.6204,1377.0935,6.8978,318.9855,0.00,VEHICLE,0,0,
-2629.0583,1378.8906,6.9137,318.9989,0.00,VEHICLE,0,0,
-2627.4875,1380.6987,6.9293,319.0107,0.00,VEHICLE,0,0,
-2625.8203,1382.6152,6.9449,319.0382,0.00,VEHICLE,0,0,
-2623.9365,1384.5283,6.9489,328.2950,0.00,VEHICLE,0,0,
-2622.8882,1386.5609,6.9174,342.5146,0.00,VEHICLE,0,0,
-2622.3289,1388.9014,6.8804,349.3219,0.00,VEHICLE,0,0,
-2621.9663,1391.3605,6.8607,352.0525,0.00,VEHICLE,0,0,
-2621.6631,1393.3694,6.8633,353.7266,0.00,VEHICLE,0,0,
-2621.2058,1395.6620,6.8634,16.4864,0.00,VEHICLE,0,0,
-2622.2180,1397.5100,6.8667,75.1640,0.00,VEHICLE,0,0,
-2624.2903,1397.5193,6.8636,108.9665,0.00,VEHICLE,0,0,
-2626.2710,1396.8777,6.8633,102.4660,0.00,VEHICLE,0,0,
-2628.2690,1396.3770,6.8631,90.1766,0.00,VEHICLE,0,0,
-2630.3701,1396.5455,6.8660,90.2382,0.00,VEHICLE,0,0,
-2632.4536,1396.4061,6.8642,98.0227,0.00,VEHICLE,0,0,
-2634.5085,1396.3345,6.8627,105.8266,0.00,VEHICLE,0,0,
-2636.6868,1395.7035,6.8630,135.9306,0.00,VEHICLE,0,0,
-2638.0798,1393.8071,6.8659,146.7835,0.00,VEHICLE,0,0,
-2639.2180,1391.9481,6.8636,151.7573,0.00,VEHICLE,0,0,
-2640.5000,1389.9426,6.8655,164.1975,0.00,VEHICLE,0,0,
-2640.8730,1387.8142,6.8854,180.7101,0.00,VEHICLE,0,0,
-2640.7061,1385.6405,6.9325,179.7114,0.00,VEHICLE,0,0,
-2640.7856,1383.3976,6.9539,177.3129,0.00,VEHICLE,0,0,
-2640.8960,1381.1898,6.9325,176.9700,0.00,VEHICLE,0,0,
-2640.9849,1379.1669,6.9139,175.9332,0.00,VEHICLE,0,0,
-2641.1550,1377.0713,6.9147,174.5032,0.00,VEHICLE,0,0,
-2641.4111,1374.5364,6.9145,174.1669,0.00,VEHICLE,0,0,
-2641.4988,1372.1932,6.9118,162.1179,0.00,VEHICLE,0,0,
-2642.4675,1370.1942,6.9191,148.2672,0.00,VEHICLE,0,0,
-2643.7405,1368.2247,6.9252,149.4769,0.00,VEHICLE,0,0,
-2644.8264,1366.5272,6.9261,155.7156,0.00,VEHICLE,0,0,
-2644.9692,1364.5077,6.9316,223.1907,0.00,VEHICLE,0,0,
-2643.0571,1363.0631,6.9218,240.5007,0.00,VEHICLE,0,0,
-2640.9563,1361.9794,6.9134,242.9918,0.00,VEHICLE,0,0,
-2639.0398,1361.0005,6.9049,243.3828,0.00,VEHICLE,0,0,
-2636.8176,1359.8862,6.8952,243.4847,0.00,VEHICLE,0,0,
-2634.8560,1358.9135,6.8864,243.5075,0.00,VEHICLE,0,0,
-2632.8445,1357.9126,6.8760,243.5078,0.00,VEHICLE,0,0,
-2630.9563,1356.9688,6.8664,243.5004,0.00,VEHICLE,0,0,
-2629.0178,1355.8400,6.8604,249.1717,0.00,VEHICLE,0,0,
-2626.6877,1355.1063,6.8481,263.7594,0.00,VEHICLE,0,0,
-2624.4404,1355.0217,6.8575,269.1686,0.00,VEHICLE,0,0,
-2622.1138,1355.0471,6.8720,270.3759,0.00,VEHICLE,0,0,
-2620.0186,1355.0469,6.8831,270.6366,0.00,VEHICLE,0,0,
-2617.9697,1355.0634,6.8947,270.7254,0.00,VEHICLE,0,0,
-2615.8672,1355.0983,6.9032,270.7409,0.00,VEHICLE,0,0,
-2613.1775,1355.1379,6.9221,270.7345,0.00,VEHICLE,0,0,
-2610.6343,1355.1663,6.9257,270.7136,0.00,VEHICLE,0,0,
-2607.9143,1355.2064,6.8938,270.6707,0.00,VEHICLE,0,0,
-2605.0850,1355.2443,6.8507,270.6309,0.00,VEHICLE,0,0,
-2602.7830,1355.2659,6.8168,270.5918,0.00,VEHICLE,0,0,
-2600.6113,1355.2799,6.8087,270.5317,0.00,VEHICLE,0,0,
-2598.4739,1355.2903,6.8058,270.4722,0.00,VEHICLE,0,0,
-2596.2808,1355.3030,6.8042,270.4456,0.00,VEHICLE,0,0,
-2593.9475,1355.3228,6.8038,270.4327,0.00,VEHICLE,0,0,
-2591.4548,1355.3322,6.8075,270.6373,0.00,VEHICLE,0,0,
-2588.7524,1355.2894,6.8109,277.3884,0.00,VEHICLE,0,0,
-2586.3962,1355.6487,6.8091,283.8820,0.00,VEHICLE,0,0,
-2584.1880,1356.2623,6.8075,287.8095,0.00,VEHICLE,0,0,
-2582.1707,1356.9862,6.8084,289.8986,0.00,VEHICLE,0,0,
-2580.1426,1357.7717,6.8098,290.9830,0.00,VEHICLE,0,0,
-2578.1589,1358.5416,6.8089,291.5174,0.00,VEHICLE,0,0,
-2575.9341,1359.3568,6.8074,292.6799,0.00,VEHICLE,0,0,
-2573.0227,1360.5212,6.8065,305.7982,0.00,VEHICLE,0,0,
-2571.1499,1361.9725,6.8030,314.8500,0.00,VEHICLE,0,0,
-2569.6733,1363.5739,6.8027,320.1987,0.00,VEHICLE,0,0,
-2568.4214,1365.2328,6.8036,323.2179,0.00,VEHICLE,0,0,
-2567.2456,1366.8834,6.8054,324.7560,0.00,VEHICLE,0,0,
-2566.0588,1368.5657,6.8053,325.5457,0.00,VEHICLE,0,0,
-2564.3042,1370.8583,6.8000,330.5256,0.00,VEHICLE,0,0,
-2563.0957,1372.9197,6.8119,357.2505,0.00,VEHICLE,0,0,
-2563.5232,1375.4871,6.9946,29.4489,0.00,VEHICLE,0,0,
-2564.6768,1377.2091,6.9410,47.8631,0.00,VEHICLE,0,0,
-2566.4944,1378.5477,6.9508,57.1421,0.00,VEHICLE,0,0,
-2568.1919,1379.6144,6.9544,54.6504,0.00,VEHICLE,0,0,
-2570.0112,1380.7188,6.9412,42.4810,0.00,VEHICLE,0,0,
-2571.2925,1382.5940,6.9347,29.8765,0.00,VEHICLE,0,0,
-2572.3367,1384.4191,6.9264,31.0977,0.00,VEHICLE,0,0,
-2573.5242,1386.5896,6.9281,58.1275,0.00,VEHICLE,0,0,
-2575.4004,1387.7153,6.9280,90.0800,0.00,VEHICLE,0,0,
-2577.5615,1387.3748,6.9248,107.3910,0.00,VEHICLE,0,0,
-2579.6250,1386.5950,6.9194,110.8709,0.00,VEHICLE,0,0,
-2581.6760,1385.8005,6.9122,111.4479,0.00,VEHICLE,0,0,
-2583.6514,1385.0358,6.9051,111.5633,0.00,VEHICLE,0,0,
-2585.9871,1384.0919,6.8972,111.2306,0.00,VEHICLE,0,0,
-2588.3503,1383.1608,6.8920,102.6891,0.00,VEHICLE,0,0,
-2590.8425,1382.6962,6.8885,97.1619,0.00,VEHICLE,0,0,
-2592.9487,1382.4532,6.8876,94.8374,0.00,VEHICLE,0,0,
-2595.2715,1382.3058,6.8941,88.4940,0.00,VEHICLE,0,0,
-2597.8286,1382.4464,6.9049,84.4729,0.00,VEHICLE,0,0,
-2600.3701,1382.7368,6.9217,83.1922,0.00,VEHICLE,0,0,
-2602.6943,1383.0337,6.9349,82.8486,0.00,VEHICLE,0,0,
-2605.2476,1383.3580,6.9535,82.7403,0.00,VEHICLE,0,0,
-2607.3171,1383.6324,6.9623,82.8762,0.00,VEHICLE,0,0,
-2609.3298,1383.9877,6.9590,89.4295,0.00,VEHICLE,0,0,
-2611.9390,1383.8884,6.9595,98.7713,0.00,VEHICLE,0,0,
-2614.2043,1383.4609,6.9508,102.1122,0.00,VEHICLE,0,0,
-2616.1848,1382.9768,6.9476,103.2174,0.00,VEHICLE,0,0,
-2618.2893,1382.4512,6.9438,103.6024,0.00,VEHICLE,0,0,
-2620.4468,1381.9310,6.9394,103.7316,0.00,VEHICLE,0,0,
-2622.9292,1381.3428,6.9345,104.0197,0.00,VEHICLE,0,0,
-2625.1995,1380.7786,6.9295,104.2833,0.00,VEHICLE,0,0,
-2627.7244,1380.1277,6.9232,104.4134,0.00,VEHICLE,0,0,
-2629.9023,1379.5598,6.9163,104.4420,0.00,VEHICLE,0,0,
-2632.1121,1379.0261,6.9117,105.3880,0.00,VEHICLE,0,0,
-2634.3320,1378.5000,6.9079,117.8481,0.00,VEHICLE,0,0,
-2636.2410,1377.3131,6.8969,132.5713,0.00,VEHICLE,0,0,
-2637.6301,1375.8480,6.8940,138.6124,0.00,VEHICLE,0,0,
-2639.1907,1373.9261,6.9059,140.6342,0.00,VEHICLE,0,0,
-2640.5898,1372.2435,6.9119,140.9516,0.00,VEHICLE,0,0,
-2642.0767,1370.4178,6.9179,141.0335,0.00,VEHICLE,0,0,
-2643.6563,1368.6655,6.9205,148.7812,0.00,VEHICLE,0,0,
-2644.7222,1366.8889,6.9287,186.3656,0.00,VEHICLE,0,0,
-2643.9919,1364.9801,6.9268,242.2075,0.00,VEHICLE,0,0,
-2642.0969,1364.3256,6.9179,257.9164,0.00,VEHICLE,0,0,
-2640.1121,1363.9037,6.9065,261.9221,0.00,VEHICLE,0,0,
-2637.9453,1363.5454,6.9007,292.4929,0.00,VEHICLE,0,0,
-2636.1316,1364.5024,6.8905,330.5051,0.00,VEHICLE,0,0,
-2635.4421,1366.4031,6.8897,344.3846,0.00,VEHICLE,0,0,
-2634.8357,1368.6462,6.8861,346.1573,0.00,VEHICLE,0,0,
-2634.3135,1370.6986,6.8844,358.6691,0.00,VEHICLE,0,0,
-2634.3757,1372.8890,6.8838,4.4482,0.00,VEHICLE,0,0,
-2634.6023,1375.0244,6.8852,5.6634,0.00,VEHICLE,0,0,
-2634.7905,1377.2894,6.8953,7.8310,0.00,VEHICLE,0,0,
-2635.1973,1379.5311,6.9210,30.7158,0.00,VEHICLE,0,0,
-2636.5977,1381.4131,6.9336,40.1600,0.00,VEHICLE,0,0,
-2638.2090,1383.1969,6.9507,41.6700,0.00,VEHICLE,0,0,
-2639.5723,1384.7649,6.9509,42.1501,0.00,VEHICLE,0,0,
-2640.9736,1386.8232,6.9079,54.3996,0.00,VEHICLE,0,0,
-2642.6777,1388.1163,6.8834,71.6723,0.00,VEHICLE,0,0,
-2645.0134,1388.6447,6.8691,81.7441,0.00,VEHICLE,0,0,
-2647.2241,1388.8408,6.8728,83.7387,0.00,VEHICLE,0,0,
-2649.4138,1389.2939,6.8697,93.2268,0.00,VEHICLE,0,0,
-2651.6687,1389.0621,6.8710,102.2479,0.00,VEHICLE,0,0,
-2653.8208,1388.5065,6.8870,104.5715,0.00,VEHICLE,0,0,
-2656.3203,1387.8214,6.9073,105.0976,0.00,VEHICLE,0,0,
-2658.7756,1387.1687,6.9146,105.2360,0.00,VEHICLE,0,0,
-2660.7427,1386.6379,6.9214,105.3344,0.00,VEHICLE,0,0,
-2662.9639,1386.0269,6.9293,105.3489,0.00,VEHICLE,0,0,
-2665.1042,1385.4398,6.9271,105.3832,0.00,VEHICLE,0,0,
-2667.2847,1384.8390,6.9206,105.4325,0.00,VEHICLE,0,0,
-2669.5588,1384.1871,6.9156,104.9165,0.00,VEHICLE,0,0,
-2671.9053,1383.5961,6.9067,99.1682,0.00,VEHICLE,0,0,
-2674.5149,1383.2462,6.8919,96.2621,0.00,VEHICLE,0,0,
-2676.6321,1383.0502,6.8828,95.7263,0.00,VEHICLE,0,0,
-2679.0708,1382.8043,6.8717,95.6672,0.00,VEHICLE,0,0,
-2681.2922,1382.5225,6.8633,94.0050,0.00,VEHICLE,0,0,
-2683.5266,1382.3020,6.8584,81.4146,0.00,VEHICLE,0,0,
-2686.0046,1382.8634,6.8550,72.2391,0.00,VEHICLE,0,0,
-2688.2581,1383.6603,6.8610,69.4612,0.00,VEHICLE,0,0,
-2690.2825,1384.3062,6.8602,51.4196,0.00,VEHICLE,0,0,
-2691.8877,1385.9530,6.8667,39.5641,0.00,VEHICLE,0,0,
-2693.2915,1387.6733,6.8636,31.8911,0.00,VEHICLE,0,0,
-2694.4290,1389.4988,6.8671,24.9721,0.00,VEHICLE,0,0,
-2695.1348,1391.3842,6.8673,344.0077,0.00,VEHICLE,0,0,
-2694.6113,1393.4668,6.8674,322.8988,0.00,VEHICLE,0,0,
-2693.1406,1394.9779,6.8688,313.1843,0.00,VEHICLE,0,0,
-2691.3948,1396.5099,6.8658,323.0339,0.00,VEHICLE,0,0,
-2690.0813,1398.5066,6.8663,329.8474,0.00,VEHICLE,0,0,
-2688.9983,1400.4310,6.8637,341.7021,0.00,VEHICLE,0,0,
-2688.3286,1402.4285,6.8669,350.6944,0.00,VEHICLE,0,0,
-2687.7441,1404.4990,6.8646,17.2364,0.00,VEHICLE,0,0,
-2688.5200,1406.3636,6.8630,49.2350,0.00,VEHICLE,0,0,
-2690.1697,1407.6819,6.8658,63.6669,0.00,VEHICLE,0,0,
-2692.1543,1408.5714,6.8668,103.6697,0.00,VEHICLE,0,0,
-2694.0229,1407.7095,6.8654,123.4965,0.00,VEHICLE,0,0,
-2695.7485,1406.5410,6.8659,128.8685,0.00,VEHICLE,0,0,
-2697.4636,1405.2992,6.8673,149.5729,0.00,VEHICLE,0,0,
-2698.4490,1403.1787,6.8639,160.6364,0.00,VEHICLE,0,0,
-2699.1438,1400.7981,6.8662,163.0887,0.00,VEHICLE,0,0,
-2699.7896,1398.6541,6.8666,163.4742,0.00,VEHICLE,0,0,
-2700.4460,1396.5082,6.8660,163.5757,0.00,VEHICLE,0,0,
-2701.1953,1394.0713,6.8661,164.3795,0.00,VEHICLE,0,0,
-2702.0181,1391.6176,6.8640,180.7099,0.00,VEHICLE,0,0,
-2701.8557,1389.5562,6.8629,195.8233,0.00,VEHICLE,0,0,
-2701.0205,1387.4001,6.8652,202.7387,0.00,VEHICLE,0,0,
-2700.1045,1385.3594,6.8670,204.0151,0.00,VEHICLE,0,0,
-2699.0623,1382.9431,6.8664,204.5570,0.00,VEHICLE,0,0,
-2698.3494,1380.7576,6.8636,214.9050,0.00,VEHICLE,0,0,
-2697.2456,1378.5588,6.8644,246.0942,0.00,VEHICLE,0,0,
-2695.3760,1377.5522,6.8655,286.7387,0.00,VEHICLE,0,0,
-2693.6406,1378.7362,6.8595,318.8500,0.00,VEHICLE,0,0,
-2692.0654,1380.2888,6.8649,300.7435,0.00,VEHICLE,0,0,
-2690.3540,1381.4285,6.8639,293.3358,0.00,VEHICLE,0,0,
-2688.2017,1382.1000,6.8657,279.1525,0.00,VEHICLE,0,0,
-2686.1260,1382.3674,6.8639,277.4677,0.00,VEHICLE,0,0,
-2684.1370,1382.6211,6.8606,277.2105,0.00,VEHICLE,0,0,
-2682.1133,1382.8806,6.8587,277.1501,0.00,VEHICLE,0,0,
-2679.8145,1383.1696,6.8605,277.1353,0.00,VEHICLE,0,0,
-2677.7415,1383.4944,6.8674,272.7760,0.00,VEHICLE,0,0,
-2675.5493,1383.5455,6.8797,267.0689,0.00,VEHICLE,0,0,
-2673.2258,1383.3734,6.8990,264.7071,0.00,VEHICLE,0,0,
-2671.1614,1383.1405,6.9187,264.1894,0.00,VEHICLE,0,0,
-2668.4578,1382.8461,6.9336,264.0877,0.00,VEHICLE,0,0,
-2666.1306,1382.6099,6.9415,264.0593,0.00,VEHICLE,0,0,
-2663.9133,1382.3829,6.9456,264.0491,0.00,VEHICLE,0,0,
-2661.8040,1382.1599,6.9427,264.0529,0.00,VEHICLE,0,0,
-2659.4680,1381.9576,6.9409,262.6505,0.00,VEHICLE,0,0,
-2657.3149,1381.7020,6.9379,254.1377,0.00,VEHICLE,0,0,
-2654.9082,1380.8953,6.9289,247.0174,0.00,VEHICLE,0,0,
-2652.9653,1379.9863,6.9229,244.9301,0.00,VEHICLE,0,0,
-2650.9043,1378.9841,6.9601,243.9747,0.00,VEHICLE,0,0,
-2648.8101,1378.3672,6.9465,235.4582,0.00,VEHICLE,0,0,
-2646.9312,1377.0168,6.9363,211.1217,0.00,VEHICLE,0,0,
-2646.1067,1375.1604,6.9355,203.3560,0.00,VEHICLE,0,0,
-2645.3210,1373.2908,6.9325,202.4589,0.00,VEHICLE,0,0,
-2644.3752,1371.3622,6.9239,196.5040,0.00,VEHICLE,0,0,
-2644.1709,1369.1986,6.9285,150.9528,0.00,VEHICLE,0,0,
-2645.5435,1367.3906,6.9334,168.4005,0.00,VEHICLE,0,0,
-2645.4519,1365.3523,6.9309,217.0378,0.00,VEHICLE,0,0,
-2644.0151,1363.6288,6.9273,235.2261,0.00,VEHICLE,0,0,
-2642.1609,1362.4805,6.9183,239.9562,0.00,VEHICLE,0,0,
-2640.2600,1361.2798,6.9092,244.8619,0.00,VEHICLE,0,0,
-2638.0771,1360.3954,6.9009,264.9874,0.00,VEHICLE,0,0,
-2635.9961,1360.3656,6.8903,271.5251,0.00,VEHICLE,0,0,
-2633.9844,1360.4980,6.8827,273.5418,0.00,VEHICLE,0,0,
-2631.7854,1360.6470,6.8733,274.2652,0.00,VEHICLE,0,0,
-2629.4749,1360.8082,6.8626,274.5347,0.00,VEHICLE,0,0,
-2626.7527,1361.0723,6.8506,273.6387,0.00,VEHICLE,0,0,
-2624.4089,1361.1997,6.8380,269.4124,0.00,VEHICLE,0,0,
-2622.2488,1361.1407,6.8300,267.2580,0.00,VEHICLE,0,0,
-2619.8167,1361.0236,6.8289,265.5651,0.00,VEHICLE,0,0,
-2617.0862,1360.7892,6.8468,254.2723,0.00,VEHICLE,0,0,
-2615.1360,1360.1814,6.8625,248.5615,0.00,VEHICLE,0,0,
-2613.2966,1359.3865,6.8779,245.5685,0.00,VEHICLE,0,0,
-2611.3489,1358.4320,6.8825,243.9790,0.00,VEHICLE,0,0,
-2609.4519,1357.3676,6.8738,247.9433,0.00,VEHICLE,0,0,
-2607.4692,1356.6211,6.8593,254.8608,0.00,VEHICLE,0,0,
-2605.3152,1356.1052,6.8374,259.2008,0.00,VEHICLE,0,0,
-2602.3311,1355.6367,6.8080,262.0149,0.00,VEHICLE,0,0,
-2599.9751,1355.3289,6.8027,263.0449,0.00,VEHICLE,0,0,
-2597.4739,1354.9896,6.8036,264.1718,0.00,VEHICLE,0,0,
-2594.9790,1354.5933,6.8032,272.7043,0.00,VEHICLE,0,0,
-2592.6497,1354.7686,6.8054,280.9141,0.00,VEHICLE,0,0,
-2590.3042,1355.3066,6.8085,286.1430,0.00,VEHICLE,0,0,
-2588.0894,1356.0396,6.8102,289.0288,0.00,VEHICLE,0,0,
-2585.7495,1356.9183,6.8113,290.6441,0.00,VEHICLE,0,0,
-2583.1484,1357.8220,6.8837,291.9920,0.00,VEHICLE,0,0,
-2580.4590,1358.3998,6.8430,299.2636,0.00,VEHICLE,0,0,
-2578.3445,1359.3134,6.7934,306.5526,0.00,VEHICLE,0,0,
-2576.7273,1360.6311,6.7975,313.8322,0.00,VEHICLE,0,0,
-2575.3276,1362.1542,6.8052,319.0033,0.00,VEHICLE,0,0,
-2573.9971,1363.7108,6.8049,324.4119,0.00,VEHICLE,0,0,
-2572.4778,1366.0376,6.8126,332.5459,0.00,VEHICLE,0,0,
-2571.3865,1368.0999,6.8644,335.8255,0.00,VEHICLE,0,0,
-2570.4714,1370.2836,6.9670,337.6001,0.00,VEHICLE,0,0,
-2569.4773,1372.4380,6.9452,348.1086,0.00,VEHICLE,0,0,
-2569.1846,1374.8839,6.9524,11.9085,0.00,VEHICLE,0,0,
-2569.8677,1376.9686,6.9280,20.4421,0.00,VEHICLE,0,0,
-2570.8064,1378.8624,6.8959,11.1120,0.00,VEHICLE,0,0,
-2571.0125,1381.1438,6.9163,0.2613,0.00,VEHICLE,0,0,
-2570.9905,1383.2552,6.9431,12.1041,0.00,VEHICLE,0,0,
-2571.3804,1385.4530,6.9528,25.5579,0.00,VEHICLE,0,0,
-2572.6270,1387.2246,6.9481,76.6617,0.00,VEHICLE,0,0,
-2574.8789,1387.1802,6.9264,108.8121,0.00,VEHICLE,0,0,
-2576.8284,1386.5132,6.9200,109.0455,0.00,VEHICLE,0,0,
-2578.9124,1385.7247,6.9141,104.9061,0.00,VEHICLE,0,0,
-2581.3357,1385.1975,6.9084,98.4233,0.00,VEHICLE,0,0,
-2583.4373,1384.9226,6.9047,97.6529,0.00,VEHICLE,0,0,
-2585.7732,1384.6222,6.9009,97.5456,0.00,VEHICLE,0,0,
-2588.2078,1384.2828,6.8959,97.2851,0.00,VEHICLE,0,0,
-2590.6543,1383.9973,6.8981,93.2936,0.00,VEHICLE,0,0,
-2593.1035,1383.8893,6.8980,91.8234,0.00,VEHICLE,0,0,
-2595.2285,1383.8367,6.9070,91.4678,0.00,VEHICLE,0,0,
-2597.6753,1383.7794,6.9178,91.3726,0.00,VEHICLE,0,0,
-2599.9375,1383.7231,6.9272,91.3443,0.00,VEHICLE,0,0,
-2602.0750,1383.6711,6.9361,91.3257,0.00,VEHICLE,0,0,
-2604.2048,1383.6224,6.9459,91.3096,0.00,VEHICLE,0,0,
-2606.3716,1383.5787,6.9595,91.2963,0.00,VEHICLE,0,0,
-2609.0127,1383.5249,6.9573,91.3022,0.00,VEHICLE,0,0,
-2611.4446,1383.4672,6.9600,91.3060,0.00,VEHICLE,0,0,
-2613.9048,1383.4589,6.9532,93.4627,0.00,VEHICLE,0,0,
-2616.1155,1383.2833,6.9506,97.9128,0.00,VEHICLE,0,0,
-2618.6196,1382.8926,6.9475,100.1432,0.00,VEHICLE,0,0,
-2621.3616,1382.3683,6.9432,100.7666,0.00,VEHICLE,0,0,
-2624.1819,1381.8207,6.9385,100.9334,0.00,VEHICLE,0,0,
-2626.2012,1381.4746,6.9353,104.4069,0.00,VEHICLE,0,0,
-2628.7246,1380.7604,6.9266,109.5553,0.00,VEHICLE,0,0,
-2630.7285,1380.0134,6.9195,111.3211,0.00,VEHICLE,0,0,
-2633.0349,1379.0602,6.9141,112.0154,0.00,VEHICLE,0,0,
-2635.3203,1378.3094,6.9073,119.2194,0.00,VEHICLE,0,0,
-2637.1409,1377.4135,6.8997,134.5470,0.00,VEHICLE,0,0,
-2638.6458,1375.7054,6.8976,145.7878,0.00,VEHICLE,0,0,
-2639.7393,1373.8174,6.9066,149.1550,0.00,VEHICLE,0,0,
-2640.7109,1372.0444,6.9119,145.0672,0.00,VEHICLE,0,0,
-2642.0613,1370.3036,6.9148,139.6745,0.00,VEHICLE,0,0,
-2643.4504,1368.7600,6.9256,152.3798,0.00,VEHICLE,0,0,
-2644.4702,1366.7184,6.9263,158.7734,0.00,VEHICLE,0,0,
-2644.4702,1366.7184,6.9263,158.7734,0.00,VEHICLE,0,0,
